txNum,latency,startTime,readCount,writeCount,queryType,concurrentlyExecutingTxNum
0,24590101,771318,0,0,0,0,
1,34457843,771361,0,0,2,0,
2,1271980,771397,23,23,3,3,
3,1528730,771397,31,31,3,4,
4,1234950,771397,25,25,3,4,
5,930192,771397,17,17,3,6,
6,1132892,771397,17,17,3,6,
7,1473605,771397,31,31,3,7,
8,330244,771397,3,4,4,7,
9,1080379,771397,3,4,4,7,
10,1479093,771397,3,4,4,8,
11,512219,771397,3,4,4,9,
12,855671,771398,21,21,3,9,
13,779450,771398,3,4,4,9,
14,566697,771398,19,19,3,8,
15,359810,771398,31,31,3,4,
16,305438,771398,19,19,3,5,
17,297066,771398,13,13,3,6,
18,293330,771398,19,19,3,8,
19,224953,771399,29,29,3,5,
20,128915,771399,17,17,3,7,
21,81216,771399,3,4,4,6,
22,23677,771399,3,4,4,8,
23,20769,771399,3,4,4,5,
24,43125,771399,3,4,4,2,
25,172282,771399,23,24,3,6,
26,32246,771399,3,4,4,5,
27,335383,771399,33,33,3,4,
28,145956,771399,3,4,4,5,
29,361498,771399,3,4,4,4,
30,256341,771399,27,27,3,5,
31,20730,771399,3,4,4,7,
32,47497,771399,3,4,4,7,
33,244909,771399,23,23,3,8,
34,40509,771399,3,4,4,8,
35,212360,771399,21,21,3,7,
36,217192,771399,21,21,3,6,
37,244167,771399,3,4,4,8,
38,115981,771399,13,13,3,8,
39,33549,771399,3,4,4,8,
40,42215,771399,3,4,4,8,
41,56856,771399,3,4,4,5,
42,51861,771399,3,4,4,8,
43,469703,771399,31,31,3,8,
44,112041,771399,15,15,3,6,
45,55452,771399,13,13,3,5,
46,15518,771399,3,4,4,7,
47,269051,771399,17,17,3,7,
48,332535,771399,27,27,3,8,
49,266013,771399,23,23,3,9,
50,356885,771399,23,23,3,7,
51,298597,771399,3,4,4,7,
52,648203,771399,31,31,3,8,
53,694761,771399,3,4,4,8,
54,361687,771399,3,4,4,8,
55,661795,771399,33,33,3,6,
56,491018,771399,27,27,3,7,
57,547707,771399,3,4,4,5,
58,444077,771399,27,27,3,6,
59,415606,771399,17,17,3,6,
60,376092,771399,17,17,3,8,
61,151078,771400,3,4,4,8,
62,330171,771400,29,29,3,5,
63,198998,771400,33,33,3,4,
64,47491,771400,3,4,4,8,
65,5282,771400,3,4,4,5,
66,42352,771400,3,4,4,3,
67,434948,771400,31,31,3,4,
68,52701,771400,3,4,4,4,
69,37430,771400,3,4,4,4,
70,419980,771400,25,25,3,6,
71,405871,771400,25,25,3,6,
72,421239,771400,3,4,4,5,
73,125600,771400,13,13,3,7,
74,385859,771400,29,29,3,6,
75,138469,771400,17,17,3,7,
76,216908,771400,3,4,4,7,
77,355362,771400,31,31,3,6,
78,382536,771400,3,4,4,6,
79,291710,771400,31,31,3,7,
80,158184,771400,17,17,3,5,
81,179709,771400,29,29,3,8,
82,5658,771400,3,4,4,3,
83,65973,771400,3,4,4,4,
84,95431,771400,23,23,3,6,
85,16013,771400,3,4,4,4,
86,136123,771400,23,23,3,7,
87,161942,771400,33,33,3,5,
88,155922,771400,13,13,3,5,
89,15014,771400,3,4,4,7,
90,134072,771400,3,4,4,7,
91,13204,771400,3,4,4,8,
92,134294,771400,21,21,3,8,
93,109247,771401,3,4,4,6,
94,118938,771401,3,4,4,5,
95,135062,771401,25,25,3,4,
96,118061,771401,25,25,3,5,
97,59891,771401,3,4,4,6,
98,3656,771401,3,4,4,4,
99,24972,771401,15,15,3,2,
100,69114,771401,3,4,4,3,
101,46837,771401,3,4,4,5,
102,98973,771401,13,13,3,5,
103,67605,771401,3,4,4,5,
104,129048,771401,25,25,3,5,
105,122689,771401,33,33,3,5,
106,174727,771401,3,4,4,5,
107,170055,771401,31,31,3,6,
108,118272,771401,23,23,3,6,
109,88041,771401,11,12,3,8,
110,101930,771401,3,4,4,6,
111,100221,771401,23,23,3,7,
112,43589,771401,15,15,3,6,
113,89064,771401,21,21,3,4,
114,88635,771401,25,25,3,4,
115,62458,771401,3,4,4,6,
116,116535,771401,31,31,3,5,
117,78037,771401,29,29,3,6,
118,29411,771401,3,4,4,7,
119,69685,771401,3,4,4,5,
120,67240,771401,25,25,3,4,
121,27522,771401,25,25,3,3,
122,44985,771401,27,27,3,3,
123,46938,771401,27,27,3,3,
124,15339,771401,15,15,3,3,
125,5237,771401,3,4,4,4,
126,71812,771401,23,23,3,7,
127,4463,771401,3,4,4,5,
128,133540,771401,15,15,3,5,
129,92429,771401,3,4,4,3,
130,165323,771401,19,19,3,4,
131,165468,771401,29,29,3,5,
132,91065,771401,3,4,4,5,
133,234560,771401,15,15,3,6,
134,143556,771401,3,4,4,8,
135,88920,771401,3,4,4,6,
136,89947,771401,3,4,4,7,
137,39528,771401,3,4,4,6,
138,75346,771401,31,31,3,4,
139,80506,771401,3,4,4,4,
140,63991,771401,21,21,3,6,
141,74462,771401,17,17,3,5,
142,40758,771401,13,13,3,7,
143,31614,771401,25,25,3,6,
144,76190,771401,3,4,4,6,
145,62917,771401,27,27,3,2,
146,47409,771401,3,4,4,4,
147,58880,771401,13,13,3,4,
148,58968,771401,17,17,3,4,
149,40589,771401,3,4,4,7,
150,68387,771401,3,4,4,6,
151,65535,771401,3,4,4,6,
152,44535,771401,15,15,3,4,
153,17240,771401,31,31,3,3,
154,8522,771401,15,15,3,3,
155,17400,771401,23,23,3,2,
156,8714,771401,3,4,4,2,
157,25489,771401,3,4,4,4,
158,23044,771401,3,4,4,4,
159,22994,771401,3,4,4,4,
160,30201,771401,19,19,3,4,
161,79590,771401,21,21,3,4,
162,79224,771401,23,23,3,5,
163,71871,771401,19,19,3,7,
164,77513,771401,29,29,3,4,
165,69166,771401,19,19,3,7,
166,76002,771401,27,27,3,4,
167,34442,771401,3,4,4,4,
168,34180,771401,15,15,3,4,
169,25476,771401,3,4,4,8,
170,29231,771401,3,4,4,7,
171,1893,771401,3,4,4,0,
172,1534,771401,3,4,4,0,
173,32296,771401,31,31,3,3,
174,20953,771401,15,15,3,4,
175,106919,771401,27,27,3,2,
176,35979,771401,25,25,3,5,
177,2454,771401,3,4,4,4,
178,21036,771401,15,15,3,6,
179,144105,771401,33,33,3,5,
180,5765,771401,3,4,4,7,
181,91513,771401,29,29,3,5,
182,66696,771401,21,21,3,7,
183,161917,771401,3,4,4,6,
184,170242,771401,33,33,3,4,
185,69873,771401,17,17,3,6,
186,4402,771401,3,4,4,7,
187,89019,771402,29,29,3,2,
188,31569,771402,3,4,4,4,
189,96373,771402,3,4,4,2,
190,26748,771402,3,4,4,5,
191,25281,771402,3,4,4,3,
192,22161,771402,3,4,4,3,
193,44277,771402,31,31,3,1,
194,22127,771402,3,4,4,5,
195,21657,771402,3,4,4,6,
196,35181,771402,17,17,3,4,
197,43469,771402,29,29,3,3,
198,23380,771402,3,4,4,6,
199,30287,771402,15,15,3,6,
200,30689,771402,15,15,3,5,
201,14994,771402,3,4,4,3,
202,14408,771402,3,4,4,3,
203,70542,771402,23,23,3,5,
204,69072,771402,27,27,3,4,
205,68343,771402,21,21,3,4,
206,70329,771402,23,23,3,5,
207,2477,771402,3,4,4,6,
208,4231,771402,3,4,4,6,
209,72312,771402,21,21,3,5,
210,3402,771402,3,4,4,6,
211,25536,771402,3,4,4,6,
212,64115,771402,23,23,3,5,
213,37039,771402,3,4,4,4,
214,30221,771402,15,15,3,6,
215,34560,771402,13,13,3,5,
216,7539,771402,23,23,3,2,
217,1144,771402,3,4,4,1,
218,4450,771402,3,4,4,1,
219,18591,771402,13,13,3,2,
220,3292,771402,3,4,4,2,
221,1422,771402,3,4,4,2,
222,24015,771402,3,4,4,3,
223,60277,771402,25,25,3,3,
224,5478,771402,3,4,4,4,
225,57690,771402,19,19,3,5,
226,21689,771402,3,4,4,3,
227,6604,771402,3,4,4,5,
228,31139,771402,23,23,3,5,
229,8579,771402,3,4,4,5,
230,6301,771402,3,4,4,6,
231,37647,771402,33,33,3,6,
232,46124,771402,27,27,3,7,
233,39768,771402,3,4,4,6,
234,72540,771402,33,33,3,6,
235,54689,771402,23,23,3,5,
236,16763,771402,17,17,3,6,
237,19956,771402,3,4,4,6,
238,2937,771402,3,4,4,7,
239,12765,771402,3,4,4,6,
240,1318,771402,3,4,4,4,
241,709,771402,3,4,4,4,
242,1160,771402,3,4,4,4,
243,28580,771402,27,27,3,4,
244,26104,771402,13,13,3,4,
245,18397,771402,3,4,4,5,
246,2162,771402,3,4,4,6,
247,34443,771402,33,33,3,3,
248,1776,771402,3,4,4,3,
249,2809,771402,3,4,4,3,
250,3087,771402,3,4,4,2,
251,10412,771402,25,25,3,0,
252,30048,771402,15,15,3,4,
253,69339,771402,29,29,3,3,
254,12885,771402,3,4,4,2,
255,3649,771402,3,4,4,2,
256,13597,771402,3,4,4,5,
257,12845,771402,3,4,4,5,
258,45163,771402,3,4,4,5,
259,50379,771402,23,23,3,4,
260,45036,771402,3,4,4,5,
261,45084,771402,3,4,4,5,
262,51694,771402,3,4,4,5,
263,141952,771402,31,31,3,7,
264,43818,771402,31,31,3,4,
265,29943,771402,3,4,4,6,
266,96331,771402,3,4,4,8,
267,111576,771402,23,23,3,2,
268,105280,771402,27,27,3,4,
269,120661,771402,31,31,3,6,
270,105362,771402,19,19,3,5,
271,35248,771402,3,4,4,7,
272,36807,771402,3,4,4,7,
273,102642,771402,17,17,3,7,
274,106015,771402,27,27,3,7,
275,21195,771402,3,4,4,6,
276,7835,771402,3,4,4,5,
277,17141,771402,33,33,3,6,
278,1262,771402,3,4,4,4,
279,9368,771402,15,15,3,4,
280,8250,771402,3,4,4,4,
281,14812,771402,3,4,4,6,
282,75712,771402,17,17,3,6,
283,8100,771402,15,15,3,6,
284,55579,771402,17,17,3,8,
285,14055,771402,3,4,4,8,
286,76362,771402,27,27,3,6,
287,69611,771402,17,17,3,6,
288,710,771402,3,4,4,6,
289,70876,771402,23,23,3,4,
290,68162,771402,21,21,3,5,
291,67484,771402,25,26,3,6,
292,58326,771402,15,15,3,9,
293,114804,771402,3,4,4,8,
294,115114,771402,31,31,3,8,
295,13058,771402,3,4,4,7,
296,5893,771402,3,4,4,5,
297,81571,771402,25,25,3,2,
298,5459,771402,3,4,4,5,
299,48712,771402,3,4,4,7,
300,76608,771402,27,27,3,4,
301,53337,771402,3,4,4,6,
302,54915,771402,3,4,4,7,
303,48339,771402,3,4,4,6,
304,68256,771402,25,25,3,5,
305,70438,771402,3,4,4,5,
306,2093,771402,3,4,4,6,
307,25143,771402,27,27,3,3,
308,15107,771402,13,13,3,5,
309,3687,771402,3,4,4,6,
310,20786,771403,21,21,3,3,
311,14057,771403,17,17,3,2,
312,21605,771403,31,31,3,4,
313,22910,771403,3,4,4,4,
314,8803,771403,13,13,3,5,
315,1062,771403,3,4,4,5,
316,995,771403,3,4,4,5,
317,8564,771403,3,4,4,4,
318,1553,771403,3,4,4,7,
319,3594,771403,3,4,4,7,
320,4990,771403,3,4,4,6,
321,10397,771403,13,13,3,2,
322,11263,771403,3,4,4,2,
323,7617,771403,3,4,4,4,
324,8641,771403,3,4,4,4,
325,7717,771403,15,15,3,3,
326,40627,771403,23,23,3,2,
327,1699,771403,3,4,4,1,
328,41080,771403,3,4,4,2,
329,34700,771403,3,4,4,3,
330,6450,771403,15,15,3,3,
331,1389,771403,3,4,4,4,
332,4188,771403,3,4,4,4,
333,7320,771403,3,4,4,3,
334,2099,771403,3,4,4,4,
335,3285,771403,3,4,4,3,
336,2405,771403,3,4,4,2,
337,7870,771403,15,15,3,1,
338,12783,771403,33,33,3,5,
339,5500,771403,3,4,4,3,
340,95288,771403,23,23,3,5,
341,43057,771403,3,4,4,5,
342,42494,771403,3,4,4,6,
343,95258,771403,3,4,4,6,
344,2543,771403,3,4,4,6,
345,1628,771403,3,4,4,6,
346,40421,771403,3,4,4,7,
347,98557,771403,13,13,3,5,
348,99033,771403,31,31,3,4,
349,87460,771403,13,13,3,5,
350,79700,771403,3,4,4,7,
351,96799,771403,29,29,3,6,
352,55525,771403,29,29,3,4,
353,53252,771403,3,4,4,5,
354,37261,771403,3,4,4,7,
355,3256,771403,3,4,4,4,
356,11928,771403,23,23,3,2,
357,45662,771403,19,19,3,3,
358,40470,771403,17,17,3,4,
359,2241,771403,3,4,4,4,
360,42932,771403,15,15,3,5,
361,3213,771403,3,4,4,5,
362,46231,771403,25,25,3,5,
363,51279,771403,29,29,3,4,
364,3457,771403,3,4,4,6,
365,44748,771403,17,17,3,5,
366,49990,771403,25,25,3,5,
367,18397,771403,3,4,4,8,
368,25400,771403,3,4,4,5,
369,42948,771403,33,33,3,8,
370,12380,771403,17,17,3,5,
371,1787,771403,3,4,4,3,
372,84929,771403,3,4,4,6,
373,95988,771403,25,26,3,3,
374,89130,771403,27,27,3,5,
375,83629,771403,15,15,3,6,
376,97283,771403,33,33,3,4,
377,95229,771403,3,4,4,3,
378,87149,771403,3,4,4,6,
379,92524,771403,3,4,4,6,
380,45347,771403,3,4,4,7,
381,56127,771403,27,27,3,5,
382,13047,771403,3,4,4,1,
383,52262,771403,27,27,3,4,
384,53553,771403,3,4,4,4,
385,13062,771403,3,4,4,2,
386,23193,771403,3,4,4,2,
387,63140,771403,33,33,3,5,
388,16483,771403,13,13,3,3,
389,33595,771403,3,4,4,5,
390,32080,771403,17,17,3,6,
391,16330,771403,3,4,4,5,
392,60579,771403,25,25,3,6,
393,34551,771403,3,4,4,7,
394,86120,771403,25,25,3,6,
395,52572,771403,3,4,4,7,
396,59328,771403,29,29,3,8,
397,9688,771403,13,13,3,7,
398,29240,771403,13,13,3,8,
399,14870,771403,3,4,4,7,
400,4250,771403,3,4,4,6,
401,8951,771403,3,4,4,7,
402,2753,771403,3,4,4,8,
403,1607,771403,3,4,4,6,
404,51794,771403,31,31,3,6,
405,2352,771403,3,4,4,7,
406,49551,771403,25,25,3,7,
407,69321,771403,33,33,3,6,
408,47658,771403,21,21,3,8,
409,79782,771403,3,4,4,4,
410,57750,771403,31,31,3,7,
411,70132,771403,27,27,3,5,
412,48731,771403,3,4,4,6,
413,18733,771403,3,4,4,5,
414,11539,771403,3,4,4,5,
415,6093,771403,3,4,4,3,
416,5159,771403,3,4,4,3,
417,28777,771403,3,4,4,1,
418,23171,771403,3,4,4,2,
419,24870,771403,3,4,4,1,
420,10419,771403,3,4,4,0,
421,291308,771403,25,25,3,4,
422,295080,771403,17,17,3,5,
423,303845,771403,25,25,3,5,
424,297334,771403,33,33,3,6,
425,304444,771403,27,27,3,5,
426,306247,771403,27,27,3,5,
427,306630,771403,33,33,3,5,
428,284060,771403,29,29,3,8,
429,308184,771403,33,33,3,6,
430,275757,771403,19,19,3,9,
431,18725,771403,3,4,4,8,
432,18669,771403,3,4,4,8,
433,33275,771403,21,21,3,6,
434,6674,771403,3,4,4,9,
435,4704,771403,3,4,4,7,
436,27078,771403,3,4,4,7,
437,2946,771403,3,4,4,6,
438,11298,771403,15,15,3,7,
439,799,771403,3,4,4,7,
440,5016,771403,3,4,4,4,
441,1938,771403,3,4,4,4,
442,2553,771403,3,4,4,6,
443,3183,771403,3,4,4,4,
444,4495,771403,3,4,4,4,
445,1451,771403,3,4,4,6,
446,2386,771403,3,4,4,5,
447,18552,771403,25,25,3,8,
448,1137,771403,3,4,4,3,
449,11177,771403,19,19,3,6,
450,37357,771403,21,21,3,2,
451,12389,771403,3,4,4,5,
452,2111,771403,3,4,4,5,
453,1132,771403,3,4,4,5,
454,981,771403,3,4,4,4,
455,20017,771403,17,17,3,6,
456,29248,771403,21,21,3,3,
457,13722,771403,13,13,3,7,
458,27818,771403,25,25,3,5,
459,19033,771403,3,4,4,7,
460,16312,771403,19,19,3,9,
461,20841,771403,19,19,3,4,
462,3608,771403,3,4,4,8,
463,12106,771403,13,13,3,7,
464,8212,771403,3,4,4,6,
465,9217,771403,15,15,3,6,
466,8548,771404,29,29,3,0,
467,88654,771404,23,23,3,4,
468,90856,771404,13,13,3,1,
469,79432,771404,3,4,4,4,
470,69003,771404,3,4,4,6,
471,81506,771404,13,13,3,5,
472,90791,771404,3,4,4,3,
473,87940,771404,17,17,3,4,
474,75054,771404,3,4,4,7,
475,78718,771404,3,4,4,6,
476,81473,771404,29,29,3,6,
477,7689,771404,13,13,3,4,
478,7073,771404,13,13,3,1,
479,1186,771404,3,4,4,1,
480,10538,771404,23,23,3,4,
481,1239,771404,3,4,4,2,
482,1541,771404,3,4,4,2,
483,1496,771404,3,4,4,2,
484,10967,771404,15,15,3,2,
485,12343,771404,21,21,3,1,
486,3241,771404,3,4,4,5,
487,11383,771404,3,4,4,3,
488,13819,771404,33,33,3,2,
489,3305,771404,3,4,4,6,
490,5009,771404,3,4,4,5,
491,1087,771404,3,4,4,7,
492,2830,771404,3,4,4,6,
493,3866,771404,3,4,4,0,
494,4239,771404,3,4,4,0,
495,3337,771404,3,4,4,1,
496,5612,771404,13,13,3,2,
497,1416,771404,3,4,4,2,
498,6006,771404,3,4,4,4,
499,2713,771404,3,4,4,3,
500,1116,771404,3,4,4,3,
501,13259,771404,19,19,3,4,
502,12012,771404,23,23,3,5,
503,6649,771404,3,4,4,6,
504,16199,771404,19,19,3,4,
505,2100,771404,3,4,4,6,
506,10119,771404,3,4,4,5,
507,11969,771404,3,4,4,5,
508,124747,771404,23,23,3,7,
509,4618,771404,3,4,4,7,
510,146129,771404,25,25,3,7,
511,134318,771404,17,17,3,5,
512,109461,771404,23,23,3,6,
513,211700,771404,23,23,3,6,
514,204926,771404,27,27,3,6,
515,247774,771404,3,4,4,7,
516,245849,771404,3,4,4,7,
517,245430,771404,3,4,4,8,
518,256725,771404,3,4,4,8,
519,198545,771404,3,4,4,6,
520,198890,771404,3,4,4,6,
521,210402,771404,3,4,4,7,
522,258673,771404,29,29,3,8,
523,154498,771404,25,25,3,8,
524,131448,771404,3,4,4,7,
525,21610,771404,19,19,3,7,
526,21590,771404,19,19,3,7,
527,30024,771404,25,25,3,8,
528,34156,771404,3,4,4,6,
529,49038,771404,3,4,4,6,
530,27904,771404,3,4,4,7,
531,14841,771404,3,4,4,8,
532,11609,771404,3,4,4,8,
533,47182,771404,31,31,3,6,
534,37342,771404,15,15,3,6,
535,44873,771404,23,23,3,7,
536,47437,771404,3,4,4,6,
537,56362,771404,27,27,3,5,
538,6250,771404,3,4,4,7,
539,48894,771404,3,4,4,4,
540,1476,771404,3,4,4,7,
541,1629,771404,3,4,4,6,
542,3173,771404,3,4,4,6,
543,14574,771404,17,17,3,4,
544,17535,771404,17,17,3,4,
545,1524,771404,3,4,4,3,
546,2395,771404,3,4,4,2,
547,42590,771404,17,17,3,3,
548,36277,771404,19,19,3,5,
549,6423,771404,3,4,4,4,
550,41316,771404,13,13,3,5,
551,34676,771404,3,4,4,6,
552,61447,771404,3,4,4,6,
553,39192,771404,29,29,3,6,
554,2679,771404,3,4,4,6,
555,44561,771404,27,27,3,6,
556,16947,771404,13,13,3,7,
557,29555,771404,23,23,3,8,
558,47293,771404,3,4,4,9,
559,23079,771404,29,30,3,6,
560,43710,771404,15,15,3,8,
561,49221,771404,27,27,3,6,
562,6226,771404,3,4,4,6,
563,4481,771404,3,4,4,7,
564,31828,771404,13,13,3,4,
565,23673,771404,21,21,3,7,
566,21928,771404,15,15,3,8,
567,25606,771404,3,4,4,7,
568,24873,771404,21,21,3,5,
569,38147,771404,27,27,3,7,
570,18864,771404,19,19,3,6,
571,43408,771404,3,4,4,8,
572,20095,771404,15,15,3,5,
573,13743,771404,21,21,3,4,
574,19547,771404,13,13,3,5,
575,99207,771404,33,33,3,4,
576,20482,771404,3,4,4,7,
577,32942,771404,29,29,3,7,
578,2195,771404,3,4,4,8,
579,88340,771404,27,27,3,4,
580,34249,771404,19,19,3,6,
581,20086,771404,25,25,3,8,
582,22977,771404,3,4,4,7,
583,187406,771404,3,4,4,5,
584,81516,771404,3,4,4,5,
585,86912,771404,33,33,3,5,
586,18403,771404,19,19,3,4,
587,14634,771404,19,19,3,5,
588,17244,771404,23,23,3,5,
589,83969,771404,3,4,4,4,
590,28629,771404,29,29,3,6,
591,111651,771404,31,31,3,6,
592,16337,771404,3,4,4,7,
593,31385,771404,3,4,4,7,
594,101866,771404,33,33,3,9,
595,1510,771404,3,4,4,8,
596,7531,771404,3,4,4,8,
597,1472,771404,3,4,4,8,
598,19963,771404,21,21,3,6,
599,22945,771404,23,23,3,7,
600,42601,771404,29,29,3,8,
601,45295,771404,31,31,3,5,
602,15848,771404,3,4,4,7,
603,20600,771404,3,4,4,7,
604,32846,771404,3,4,4,8,
605,46426,771404,3,4,4,9,
606,17287,771404,3,4,4,7,
607,12272,771404,3,4,4,8,
608,17337,771404,3,4,4,7,
609,26600,771404,29,29,3,6,
610,16061,771404,25,25,3,7,
611,32811,771404,3,4,4,7,
612,16751,771404,3,4,4,7,
613,12288,771404,17,17,3,8,
614,9607,771404,15,15,3,8,
615,22806,771404,31,31,3,8,
616,8695,771404,3,4,4,8,
617,27069,771404,29,29,3,8,
618,14641,771404,17,17,3,9,
619,28475,771404,33,33,3,8,
620,30307,771404,23,23,3,8,
621,9719,771404,13,13,3,8,
622,13441,771404,3,4,4,9,
623,43998,771404,31,31,3,8,
624,10876,771404,3,4,4,8,
625,46262,771404,3,4,4,9,
626,5390,771404,3,4,4,8,
627,48366,771404,27,27,3,9,
628,2827,771404,3,4,4,8,
629,23125,771404,15,15,3,8,
630,55883,771404,31,31,3,8,
631,22404,771404,3,4,4,8,
632,54893,771404,3,4,4,8,
633,37946,771404,23,23,3,8,
634,29542,771404,17,17,3,8,
635,31394,771404,3,4,4,8,
636,31542,771404,27,27,3,9,
637,31063,771404,3,4,4,8,
638,7106,771405,3,4,4,8,
639,19977,771405,29,29,3,8,
640,7939,771405,3,4,4,8,
641,34816,771405,25,25,3,9,
642,10360,771405,17,17,3,8,
643,18740,771405,33,33,3,8,
644,19172,771405,3,4,4,8,
645,8613,771405,3,4,4,9,
646,7991,771405,13,13,3,8,
647,44070,771405,33,33,3,8,
648,21472,771405,29,29,3,8,
649,21554,771405,3,4,4,8,
650,14297,771405,23,23,3,8,
651,20477,771405,25,25,3,8,
652,20403,771405,3,4,4,8,
653,15737,771405,3,4,4,9,
654,2232,771405,3,4,4,9,
655,24576,771405,29,29,3,8,
656,28126,771405,3,4,4,8,
657,14369,771405,13,13,3,9,
658,2304,771405,3,4,4,8,
659,16331,771405,17,17,3,7,
660,31020,771405,29,29,3,7,
661,27808,771405,31,31,3,9,
662,13756,771405,17,17,3,8,
663,29917,771405,3,4,4,7,
664,27390,771405,3,4,4,8,
665,24621,771405,31,31,3,6,
666,11949,771405,13,13,3,7,
667,19919,771405,31,31,3,4,
668,15185,771405,17,17,3,7,
669,1418,771405,3,4,4,8,
670,14004,771405,17,17,3,5,
671,13270,771405,3,4,4,4,
672,5347,771405,3,4,4,5,
673,2084,771405,3,4,4,1,
674,3225,771405,3,4,4,1,
675,1904,771405,3,4,4,2,
676,1478,771405,3,4,4,2,
677,12359,771405,21,21,3,2,
678,10723,771405,13,13,3,4,
679,25707,771405,29,29,3,5,
680,11037,771405,15,15,3,4,
681,10229,771405,15,15,3,4,
682,24328,771405,29,29,3,6,
683,1930,771405,3,4,4,7,
684,3708,771405,3,4,4,7,
685,8524,771405,3,4,4,7,
686,6929,771405,3,4,4,7,
687,2771,771405,3,4,4,6,
688,3842,771405,3,4,4,6,
689,21376,771405,23,23,3,7,
690,22112,771405,3,4,4,7,
691,2341,771405,3,4,4,7,
692,21455,771405,33,33,3,7,
693,23533,771405,27,27,3,8,
694,28145,771405,33,33,3,8,
695,24252,771405,19,19,3,7,
696,22946,771405,25,25,3,8,
697,29736,771405,13,13,3,9,
698,1499,771405,3,4,4,8,
699,13664,771405,21,21,3,8,
700,13053,771405,3,4,4,9,
701,1933,771405,3,4,4,9,
702,14444,771405,23,23,3,8,
703,6943,771405,3,4,4,8,
704,15116,771405,3,4,4,9,
705,16611,771405,19,19,3,8,
706,3868,771405,3,4,4,7,
707,13328,771405,13,13,3,8,
708,2166,771405,3,4,4,8,
709,15425,771405,15,15,3,7,
710,26562,771405,31,31,3,8,
711,19546,771405,27,27,3,8,
712,13125,771405,21,21,3,8,
713,26034,771405,3,4,4,9,
714,12153,771405,19,19,3,8,
715,2093,771405,3,4,4,9,
716,2228,771405,3,4,4,8,
717,2442,771405,3,4,4,8,
718,9509,771405,3,4,4,7,
719,5466,771405,3,4,4,7,
720,11524,771405,21,21,3,7,
721,19776,771405,25,25,3,9,
722,1345,771405,3,4,4,7,
723,32749,771405,33,33,3,7,
724,4093,771405,3,4,4,8,
725,26646,771405,21,21,3,8,
726,3209,771405,3,4,4,8,
727,31199,771405,3,4,4,7,
728,15489,771405,17,17,3,8,
729,21358,771405,3,4,4,7,
730,57765,771405,33,33,3,8,
731,20412,771405,25,25,3,8,
732,2818,771405,3,4,4,9,
733,15121,771405,13,13,3,8,
734,17875,771405,21,21,3,9,
735,31600,771405,25,25,3,9,
736,68362,771405,29,29,3,9,
737,18418,771405,15,15,3,8,
738,9586,771405,15,15,3,7,
739,6554,771405,3,4,4,7,
740,4726,771405,3,4,4,8,
741,41285,771405,27,27,3,8,
742,20926,771405,21,21,3,8,
743,41679,771405,33,33,3,8,
744,56211,771405,31,31,3,7,
745,64951,771405,3,4,4,8,
746,9644,771405,3,4,4,8,
747,43657,771405,31,32,3,8,
748,1517,771405,3,4,4,8,
749,38554,771405,25,25,3,7,
750,39344,771405,3,4,4,9,
751,16323,771405,3,4,4,8,
752,24679,771405,3,4,4,7,
753,18258,771405,3,4,4,8,
754,8184,771405,3,4,4,9,
755,16423,771405,15,15,3,9,
756,28633,771405,17,17,3,8,
757,27171,771405,25,25,3,6,
758,1507,771405,3,4,4,7,
759,27908,771405,23,23,3,7,
760,16341,771405,15,15,3,8,
761,26977,771405,3,4,4,5,
762,22194,771405,23,23,3,8,
763,25237,771405,3,4,4,6,
764,14791,771405,3,4,4,8,
765,20614,771405,15,15,3,7,
766,20534,771405,17,17,3,7,
767,43559,771405,25,25,3,8,
768,43894,771405,31,31,3,8,
769,7605,771405,3,4,4,6,
770,14686,771405,13,13,3,6,
771,27456,771405,31,31,3,6,
772,8289,771405,3,4,4,7,
773,27230,771405,17,17,3,6,
774,17695,771405,17,17,3,7,
775,13594,771405,21,21,3,8,
776,3104,771405,3,4,4,8,
777,26595,771405,33,33,3,8,
778,17670,771405,3,4,4,8,
779,28217,771405,3,4,4,8,
780,11587,771405,19,19,3,9,
781,39148,771405,23,23,3,6,
782,31462,771405,33,33,3,7,
783,29661,771405,25,25,3,7,
784,36450,771405,3,4,4,5,
785,32454,771405,3,4,4,6,
786,26922,771405,15,15,3,6,
787,1557,771405,3,4,4,8,
788,48751,771405,21,21,3,5,
789,48116,771405,29,29,3,4,
790,6036,771405,3,4,4,3,
791,10255,771405,3,4,4,3,
792,22093,771405,3,4,4,3,
793,9245,771405,3,4,4,4,
794,84475,771405,17,17,3,1,
795,128668,771405,29,29,3,3,
796,39130,771405,3,4,4,1,
797,14627,771405,3,4,4,4,
798,32536,771405,21,21,3,3,
799,31266,771405,3,4,4,4,
800,19548,771405,17,17,3,4,
801,16243,771405,3,4,4,5,
802,28168,771405,29,29,3,5,
803,12695,771405,3,4,4,5,
804,2940,771405,3,4,4,7,
805,6693,771405,3,4,4,5,
806,32026,771405,33,33,3,8,
807,22156,771405,27,27,3,6,
808,29012,771405,31,31,3,3,
809,20962,771405,3,4,4,6,
810,26297,771405,27,27,3,5,
811,10851,771405,15,15,3,5,
812,14044,771405,25,25,3,4,
813,13367,771405,3,4,4,4,
814,22589,771405,3,4,4,4,
815,8431,771405,3,4,4,7,
816,11172,771405,17,17,3,4,
817,1877,771405,3,4,4,2,
818,4281,771405,3,4,4,3,
819,8656,771405,13,13,3,5,
820,19169,771405,21,21,3,6,
821,19422,771405,23,23,3,5,
822,27076,771405,27,27,3,5,
823,27449,771405,19,19,3,5,
824,1391,771405,3,4,4,6,
825,14399,771405,23,23,3,7,
826,1359,771405,3,4,4,8,
827,6837,771405,3,4,4,8,
828,26800,771405,29,29,3,7,
829,15611,771405,25,25,3,7,
830,8314,771405,3,4,4,8,
831,24534,771405,27,27,3,6,
832,22376,771405,31,31,3,6,
833,9566,771405,13,13,3,7,
834,1598,771405,3,4,4,6,
835,8263,771405,17,17,3,5,
836,15665,771405,33,33,3,4,
837,6124,771405,3,4,4,4,
838,7604,771405,21,21,3,2,
839,6471,771405,21,21,3,1,
840,6945,771405,13,13,3,4,
841,10083,771405,17,17,3,2,
842,2022,771405,3,4,4,2,
843,865,771405,3,4,4,3,
844,6533,771405,3,4,4,3,
845,679,771405,3,4,4,3,
846,8099,771405,3,4,4,3,
847,8818,771405,27,27,3,2,
848,2428,771405,3,4,4,6,
849,9176,771405,3,4,4,3,
850,1652,771405,3,4,4,7,
851,3676,771405,3,4,4,6,
852,3209,771405,3,4,4,7,
853,15497,771405,17,17,3,4,
854,21815,771405,27,27,3,4,
855,16752,771405,3,4,4,5,
856,22324,771405,3,4,4,5,
857,14597,771405,23,23,3,6,
858,1798,771405,3,4,4,5,
859,2349,771405,3,4,4,7,
860,15634,771405,15,15,3,6,
861,13588,771405,21,21,3,7,
862,8239,771405,15,15,3,8,
863,11999,771405,3,4,4,8,
864,20109,771405,29,29,3,8,
865,16854,771405,3,4,4,8,
866,2316,771405,3,4,4,8,
867,12456,771405,23,23,3,9,
868,1189,771405,3,4,4,7,
869,11724,771405,3,4,4,7,
870,36660,771405,31,31,3,6,
871,12021,771405,15,15,3,7,
872,47646,771405,19,19,3,8,
873,28550,771405,19,19,3,8,
874,1528,771405,3,4,4,8,
875,29018,771405,33,33,3,8,
876,29558,771405,29,29,3,8,
877,6907,771405,3,4,4,7,
878,1309,771405,3,4,4,7,
879,3441,771405,3,4,4,8,
880,4306,771405,3,4,4,7,
881,26874,771405,23,23,3,6,
882,1863,771405,3,4,4,7,
883,26230,771405,25,25,3,6,
884,28185,771405,3,4,4,7,
885,698,771405,3,4,4,8,
886,1093,771405,3,4,4,8,
887,1674,771405,3,4,4,8,
888,823,771405,3,4,4,8,
889,13218,771405,19,19,3,6,
890,20518,771405,23,23,3,7,
891,2925,771405,3,4,4,5,
892,7348,771405,13,13,3,5,
893,8213,771405,3,4,4,7,
894,3478,771405,3,4,4,5,
895,3802,771405,3,4,4,6,
896,10520,771405,19,19,3,6,
897,4345,771405,3,4,4,7,
898,2561,771405,3,4,4,6,
899,20480,771405,23,23,3,7,
900,4671,771405,3,4,4,7,
901,8695,771405,3,4,4,7,
902,3932,771405,3,4,4,6,
903,19717,771405,3,4,4,7,
904,2587,771405,3,4,4,7,
905,23095,771405,25,25,3,7,
906,5993,771405,3,4,4,8,
907,22136,771405,17,17,3,7,
908,23864,771405,19,19,3,4,
909,40149,771405,31,31,3,7,
910,12186,771405,3,4,4,8,
911,17621,771405,27,27,3,7,
912,17404,771405,17,17,3,5,
913,12057,771405,3,4,4,6,
914,4010,771405,3,4,4,4,
915,17194,771405,27,27,3,3,
916,18450,771405,25,25,3,4,
917,13318,771405,13,13,3,5,
918,720,771405,3,4,4,4,
919,12349,771405,3,4,4,5,
920,35756,771405,27,27,3,7,
921,1727,771405,3,4,4,7,
922,8831,771405,13,13,3,8,
923,35560,771405,3,4,4,8,
924,27390,771405,23,23,3,9,
925,44450,771405,31,31,3,8,
926,2892,771405,3,4,4,5,
927,35854,771405,29,29,3,7,
928,1467,771405,3,4,4,7,
929,1656,771405,3,4,4,6,
930,15265,771405,3,4,4,7,
931,3110,771405,3,4,4,8,
932,21954,771405,21,21,3,7,
933,29565,771405,27,27,3,8,
934,34571,771405,25,25,3,7,
935,41255,771405,31,31,3,7,
936,9375,771405,13,13,3,7,
937,29403,771405,31,31,3,6,
938,2512,771405,3,4,4,8,
939,13627,771405,13,13,3,6,
940,28604,771405,29,29,3,3,
941,14645,771405,15,15,3,6,
942,19848,771405,25,25,3,6,
943,9771,771405,3,4,4,4,
944,1451,771405,3,4,4,5,
945,1051,771405,3,4,4,4,
946,6167,771405,15,15,3,3,
947,6624,771405,25,25,3,2,
948,1240,771405,3,4,4,3,
949,13611,771405,21,21,3,4,
950,15632,771405,25,25,3,4,
951,14069,771405,19,19,3,5,
952,18172,771405,27,27,3,6,
953,22470,771405,31,31,3,6,
954,2555,771405,3,4,4,6,
955,27039,771405,33,33,3,7,
956,11030,771405,13,13,3,7,
957,16682,771405,3,4,4,8,
958,2169,771405,3,4,4,8,
959,2901,771405,3,4,4,9,
960,12659,771405,17,17,3,8,
961,9107,771405,13,13,3,8,
962,12097,771405,3,4,4,9,
963,18794,771405,29,29,3,7,
964,16819,771405,3,4,4,8,
965,13479,771405,13,13,3,9,
966,2216,771405,3,4,4,8,
967,1825,771405,3,4,4,9,
968,17629,771405,19,19,3,8,
969,9355,771405,15,15,3,9,
970,22653,771405,31,31,3,8,
971,9693,771405,3,4,4,8,
972,2338,771405,3,4,4,9,
973,15447,771405,23,23,3,9,
974,14934,771405,3,4,4,9,
975,16531,771405,23,23,3,7,
976,3426,771405,3,4,4,8,
977,19173,771405,19,19,3,8,
978,3266,771405,3,4,4,9,
979,13265,771405,3,4,4,7,
980,18560,771405,3,4,4,8,
981,1630,771405,3,4,4,9,
982,12770,771405,17,17,3,8,
983,14090,771405,19,19,3,8,
984,7384,771405,3,4,4,9,
985,3296,771405,3,4,4,9,
986,3553,771405,3,4,4,8,
987,2394,771405,3,4,4,7,
988,3568,771405,3,4,4,8,
989,17038,771405,31,31,3,5,
990,4436,771405,3,4,4,7,
991,9476,771405,15,15,3,6,
992,11463,771405,21,21,3,4,
993,24363,771405,29,29,3,8,
994,4464,771405,3,4,4,8,
995,5230,771405,3,4,4,7,
996,1611,771405,3,4,4,7,
997,4490,771405,3,4,4,7,
998,4266,771405,3,4,4,8,
999,1992,771405,3,4,4,6,
1000,3560,771405,3,4,4,5,
1001,3448,771405,3,4,4,5,
1002,15997,771405,31,31,3,5,
1003,11025,771405,3,4,4,5,
1004,2560,771405,3,4,4,5,
1005,2377,771405,3,4,4,6,
1006,22260,771405,31,31,3,6,
1007,16326,771405,15,15,3,7,
1008,5626,771405,13,13,3,8,
1009,15406,771405,3,4,4,8,
1010,2178,771405,3,4,4,9,
1011,20820,771405,31,31,3,8,
1012,14856,771405,3,4,4,8,
1013,11451,771405,19,19,3,9,
1014,17159,771405,3,4,4,8,
1015,8987,771405,19,19,3,8,
1016,24240,771405,31,31,3,8,
1017,2319,771405,3,4,4,9,
1018,8596,771405,3,4,4,8,
1019,3239,771405,3,4,4,8,
1020,15118,771405,23,23,3,8,
1021,2595,771405,3,4,4,8,
1022,13916,771405,3,4,4,8,
1023,16282,771405,3,4,4,8,
1024,17396,771405,17,17,3,7,
1025,25097,771405,25,25,3,5,
1026,12406,771405,17,17,3,9,
1027,2403,771405,3,4,4,8,
1028,7700,771405,17,17,3,8,
1029,1523,771405,3,4,4,8,
1030,16072,771405,21,21,3,6,
1031,18469,771405,29,29,3,6,
1032,17385,771405,23,23,3,4,
1033,15761,771405,25,25,3,5,
1034,19779,771405,23,23,3,4,
1035,2379,771405,3,4,4,3,
1036,1950,771405,3,4,4,3,
1037,6184,771405,3,4,4,4,
1038,5589,771405,3,4,4,5,
1039,140514,771405,31,31,3,4,
1040,142715,771405,25,25,3,4,
1041,167710,771405,3,4,4,6,
1042,124568,771405,25,25,3,5,
1043,125534,771405,27,27,3,5,
1044,123881,771405,19,19,3,5,
1045,142193,771405,3,4,4,4,
1046,115512,771405,3,4,4,5,
1047,134371,771406,27,27,3,7,
1048,71242,771406,27,27,3,6,
1049,24801,771406,17,17,3,5,
1050,42625,771406,31,31,3,6,
1051,36272,771406,29,29,3,5,
1052,33443,771406,23,23,3,6,
1053,33023,771406,31,31,3,7,
1054,71311,771406,21,21,3,8,
1055,4828,771406,3,4,4,8,
1056,20699,771406,21,21,3,8,
1057,1315,771406,3,4,4,8,
1058,3433,771406,3,4,4,9,
1059,1811,771406,3,4,4,8,
1060,10467,771406,13,13,3,8,
1061,11637,771406,3,4,4,8,
1062,9123,771406,3,4,4,7,
1063,34050,771406,27,27,3,6,
1064,38499,771406,3,4,4,8,
1065,32271,771406,33,33,3,7,
1066,26251,771406,17,17,3,7,
1067,18838,771406,15,15,3,7,
1068,17926,771406,19,19,3,8,
1069,25320,771406,15,15,3,8,
1070,7378,771406,3,4,4,8,
1071,13078,771406,23,23,3,8,
1072,17976,771406,19,19,3,7,
1073,8696,771406,3,4,4,7,
1074,18806,771406,3,4,4,9,
1075,8571,771406,3,4,4,9,
1076,9636,771406,15,15,3,6,
1077,42787,771406,33,33,3,7,
1078,24782,771406,27,27,3,7,
1079,25045,771406,27,27,3,7,
1080,31758,771406,23,23,3,8,
1081,17885,771406,15,15,3,9,
1082,19044,771406,25,25,3,9,
1083,22190,771406,3,4,4,9,
1084,2778,771406,3,4,4,8,
1085,28943,771406,19,19,3,9,
1086,21628,771406,19,19,3,8,
1087,35456,771406,33,33,3,9,
1088,24259,771406,3,4,4,9,
1089,37058,771406,33,33,3,8,
1090,27805,771406,21,21,3,8,
1091,15953,771406,19,19,3,8,
1092,16654,771406,3,4,4,9,
1093,11136,771406,13,13,3,8,
1094,22165,771406,23,23,3,8,
1095,15070,771406,3,4,4,8,
1096,17195,771406,19,19,3,8,
1097,30240,771406,31,31,3,8,
1098,17815,771406,3,4,4,8,
1099,3146,771406,3,4,4,8,
1100,32555,771406,29,29,3,9,
1101,15704,771406,21,21,3,9,
1102,15808,771406,3,4,4,8,
1103,1697,771406,3,4,4,8,
1104,2295,771406,3,4,4,9,
1105,5049,771406,3,4,4,8,
1106,1203,771406,3,4,4,8,
1107,1467,771406,3,4,4,8,
1108,5437,771406,3,4,4,9,
1109,22945,771406,23,23,3,8,
1110,5978,771406,3,4,4,8,
1111,4007,771406,3,4,4,8,
1112,21959,771406,3,4,4,8,
1113,70845,771406,33,33,3,8,
1114,1195,771406,3,4,4,7,
1115,4328,771406,3,4,4,8,
1116,1517,771406,3,4,4,7,
1117,24676,771406,27,27,3,8,
1118,23895,771406,21,21,3,8,
1119,3614,771406,3,4,4,8,
1120,27213,771406,3,4,4,9,
1121,2504,771406,3,4,4,8,
1122,27828,771406,31,31,3,8,
1123,26424,771406,31,31,3,8,
1124,25663,771406,29,29,3,9,
1125,22151,771406,3,4,4,9,
1126,24722,771406,17,17,3,8,
1127,27987,771406,3,4,4,9,
1128,43815,771406,3,4,4,8,
1129,14312,771406,13,13,3,9,
1130,9390,771406,3,4,4,8,
1131,5937,771406,3,4,4,8,
1132,36185,771406,29,29,3,8,
1133,25023,771406,33,33,3,8,
1134,29238,771406,17,17,3,9,
1135,3099,771406,3,4,4,7,
1136,21329,771406,3,4,4,7,
1137,13213,771406,3,4,4,9,
1138,14529,771406,17,17,3,7,
1139,10511,771406,3,4,4,8,
1140,13071,771406,3,4,4,8,
1141,1642,771406,3,4,4,8,
1142,2145,771406,3,4,4,8,
1143,1782,771406,3,4,4,7,
1144,22328,771406,25,25,3,8,
1145,42084,771406,23,23,3,8,
1146,3389,771406,3,4,4,8,
1147,22863,771406,21,21,3,8,
1148,49328,771406,31,31,3,8,
1149,3916,771406,3,4,4,8,
1150,20815,771406,15,15,3,9,
1151,34563,771406,29,29,3,8,
1152,19194,771406,3,4,4,7,
1153,9288,771406,15,15,3,9,
1154,9768,771406,3,4,4,9,
1155,13515,771406,19,19,3,8,
1156,1579,771406,3,4,4,9,
1157,35120,771406,25,25,3,8,
1158,36534,771406,27,27,3,8,
1159,3073,771406,3,4,4,8,
1160,3062,771406,3,4,4,8,
1161,33166,771406,19,19,3,8,
1162,1408,771406,3,4,4,7,
1163,58303,771406,29,29,3,8,
1164,6538,771406,3,4,4,9,
1165,31260,771406,17,17,3,8,
1166,48553,771406,31,31,3,9,
1167,45471,771406,3,4,4,9,
1168,10152,771406,3,4,4,8,
1169,51072,771406,19,19,3,8,
1170,8235,771406,3,4,4,7,
1171,37449,771406,25,25,3,7,
1172,32629,771406,23,23,3,8,
1173,39401,771406,19,19,3,7,
1174,37909,771406,17,17,3,7,
1175,23351,771406,3,4,4,8,
1176,31093,771406,3,4,4,8,
1177,58833,771406,33,33,3,9,
1178,37871,771406,29,29,3,9,
1179,37575,771406,29,29,3,9,
1180,15587,771406,17,17,3,9,
1181,34666,771406,25,25,3,9,
1182,1587,771406,3,4,4,8,
1183,2576,771406,3,4,4,7,
1184,40626,771406,27,27,3,8,
1185,40256,771406,3,4,4,6,
1186,1546,771406,3,4,4,8,
1187,28986,771406,3,4,4,8,
1188,3226,771406,3,4,4,9,
1189,28274,771406,19,19,3,8,
1190,38290,771406,29,29,3,6,
1191,14710,771406,13,13,3,8,
1192,18535,771406,19,19,3,6,
1193,17323,771406,3,4,4,7,
1194,17825,771406,19,19,3,6,
1195,1312,771406,3,4,4,8,
1196,1236,771406,3,4,4,8,
1197,18987,771406,29,29,3,8,
1198,11974,771406,3,4,4,5,
1199,22190,771406,33,33,3,9,
1200,4279,771406,3,4,4,5,
1201,4274,771406,3,4,4,5,
1202,22143,771406,31,31,3,5,
1203,2206,771406,3,4,4,6,
1204,3878,771406,3,4,4,6,
1205,3979,771406,3,4,4,6,
1206,22637,771406,3,4,4,8,
1207,17149,771406,21,21,3,8,
1208,17997,771406,3,4,4,8,
1209,18827,771406,25,25,3,7,
1210,11715,771406,17,17,3,7,
1211,19359,771406,3,4,4,7,
1212,16316,771406,27,27,3,7,
1213,23864,771406,31,31,3,9,
1214,20649,771406,3,4,4,8,
1215,11825,771406,13,13,3,8,
1216,2461,771406,3,4,4,7,
1217,2482,771406,3,4,4,6,
1218,9041,771406,3,4,4,6,
1219,7518,771406,15,15,3,7,
1220,14257,771406,21,21,3,8,
1221,18206,771406,29,29,3,8,
1222,7974,771406,3,4,4,7,
1223,17728,771406,3,4,4,8,
1224,14989,771406,3,4,4,9,
1225,3798,771406,3,4,4,7,
1226,2652,771406,3,4,4,8,
1227,3652,771406,3,4,4,7,
1228,39184,771406,29,29,3,8,
1229,14678,771406,17,17,3,7,
1230,10183,771406,13,13,3,7,
1231,14874,771406,3,4,4,6,
1232,43254,771406,3,4,4,8,
1233,8734,771406,3,4,4,8,
1234,25619,771406,33,33,3,9,
1235,22533,771406,31,31,3,8,
1236,1725,771406,3,4,4,9,
1237,2946,771406,3,4,4,7,
1238,1919,771406,3,4,4,5,
1239,1692,771406,3,4,4,5,
1240,12626,771406,15,15,3,5,
1241,18231,771406,25,25,3,6,
1242,45471,771406,27,27,3,7,
1243,1924,771406,3,4,4,8,
1244,9424,771406,3,4,4,8,
1245,2661,771406,3,4,4,8,
1246,29530,771406,21,21,3,8,
1247,30215,771406,3,4,4,8,
1248,7420,771406,13,13,3,7,
1249,11491,771406,3,4,4,7,
1250,7301,771406,3,4,4,7,
1251,8800,771406,3,4,4,8,
1252,63637,771406,21,21,3,8,
1253,33356,771406,23,23,3,7,
1254,2914,771406,3,4,4,7,
1255,5799,771406,3,4,4,7,
1256,8182,771406,3,4,4,6,
1257,32207,771406,25,25,3,6,
1258,58420,771406,27,27,3,5,
1259,25831,771406,3,4,4,7,
1260,32457,771406,3,4,4,7,
1261,32592,771406,19,19,3,7,
1262,13126,771406,21,21,3,8,
1263,27624,771406,17,17,3,8,
1264,33225,771406,21,21,3,9,
1265,14955,771406,3,4,4,8,
1266,31421,771406,29,29,3,5,
1267,32886,771406,3,4,4,5,
1268,2886,771406,3,4,4,7,
1269,4577,771406,3,4,4,7,
1270,2853,771406,3,4,4,7,
1271,26164,771406,31,31,3,4,
1272,2151,771406,3,4,4,7,
1273,12490,771406,15,15,3,7,
1274,14187,771406,3,4,4,6,
1275,18679,771406,19,19,3,6,
1276,22038,771406,25,25,3,4,
1277,7008,771406,3,4,4,3,
1278,3032,771406,3,4,4,3,
1279,4454,771406,3,4,4,4,
1280,18496,771406,29,29,3,6,
1281,6594,771406,3,4,4,5,
1282,24725,771406,19,19,3,6,
1283,46987,771406,29,29,3,7,
1284,7512,771406,3,4,4,5,
1285,6244,771406,3,4,4,6,
1286,25828,771406,27,27,3,8,
1287,13525,771406,17,17,3,6,
1288,11381,771406,17,17,3,6,
1289,18563,771406,17,17,3,7,
1290,36035,771406,33,33,3,7,
1291,17974,771406,3,4,4,7,
1292,23349,771406,23,23,3,9,
1293,9545,771406,3,4,4,7,
1294,26078,771406,3,4,4,9,
1295,36763,771406,31,31,3,8,
1296,11556,771406,15,15,3,8,
1297,1495,771406,3,4,4,7,
1298,1170,771406,3,4,4,7,
1299,12853,771406,23,23,3,8,
1300,16475,771406,23,23,3,7,
1301,16829,771406,3,4,4,8,
1302,18161,771406,25,25,3,8,
1303,24875,771406,3,4,4,7,
1304,29952,771406,31,31,3,9,
1305,49435,771406,25,25,3,9,
1306,21438,771406,3,4,4,8,
1307,37033,771406,17,17,3,9,
1308,8534,771406,15,15,3,8,
1309,1699,771406,3,4,4,8,
1310,18980,771406,17,17,3,7,
1311,19600,771406,3,4,4,7,
1312,32975,771406,27,27,3,8,
1313,24518,771406,17,17,3,7,
1314,1707,771406,3,4,4,8,
1315,39644,771406,27,27,3,7,
1316,15472,771406,29,29,3,8,
1317,892,771406,3,4,4,6,
1318,29911,771406,25,25,3,5,
1319,32676,771406,3,4,4,4,
1320,1071,771406,3,4,4,8,
1321,12052,771406,13,13,3,7,
1322,26270,771406,27,27,3,5,
1323,20696,771406,3,4,4,6,
1324,13338,771406,19,19,3,7,
1325,13262,771406,3,4,4,6,
1326,9561,771406,3,4,4,8,
1327,19503,771406,3,4,4,4,
1328,5744,771406,17,17,3,1,
1329,6442,771406,3,4,4,1,
1330,6911,771406,25,25,3,1,
1331,1731,771406,3,4,4,0,
1332,704,771406,3,4,4,0,
1333,7739,771406,23,23,3,2,
1334,1003,771406,3,4,4,1,
1335,718,771406,3,4,4,2,
1336,735,771406,3,4,4,2,
1337,2115,771406,3,4,4,2,
1338,16116,771406,13,13,3,5,
1339,12736,771406,15,15,3,6,
1340,44869,771406,19,19,3,3,
1341,45919,771406,29,29,3,2,
1342,44141,771406,3,4,4,2,
1343,39197,771406,33,33,3,4,
1344,9372,771406,3,4,4,7,
1345,33727,771406,31,31,3,7,
1346,33280,771406,3,4,4,7,
1347,32355,771406,31,31,3,8,
1348,32827,771406,3,4,4,5,
1349,844,771406,3,4,4,8,
1350,12421,771406,19,19,3,8,
1351,13995,771406,3,4,4,9,
1352,7061,771406,15,15,3,8,
1353,5046,771406,3,4,4,7,
1354,16053,771406,27,27,3,4,
1355,16855,771406,3,4,4,4,
1356,15737,771406,25,25,3,5,
1357,16447,771406,27,27,3,5,
1358,16102,771406,31,31,3,6,
1359,2029,771406,3,4,4,6,
1360,26061,771406,31,31,3,7,
1361,15839,771406,3,4,4,8,
1362,1595,771406,3,4,4,8,
1363,7139,771406,19,19,3,8,
1364,1975,771406,3,4,4,8,
1365,18421,771406,27,27,3,8,
1366,20198,771406,31,31,3,6,
1367,18058,771406,3,4,4,7,
1368,21013,771406,33,33,3,4,
1369,14002,771406,3,4,4,7,
1370,3193,771406,3,4,4,8,
1371,15581,771406,27,27,3,6,
1372,8697,771406,17,17,3,9,
1373,15293,771406,29,29,3,5,
1374,15523,771406,3,4,4,5,
1375,5400,771406,3,4,4,6,
1376,16687,771406,19,19,3,4,
1377,1415,771406,3,4,4,1,
1378,10107,771406,15,15,3,4,
1379,1156,771406,3,4,4,3,
1380,16110,771406,3,4,4,6,
1381,1394,771406,3,4,4,5,
1382,10528,771406,19,19,3,5,
1383,2560,771406,3,4,4,6,
1384,12264,771406,3,4,4,7,
1385,8972,771406,13,13,3,6,
1386,7674,771406,3,4,4,6,
1387,15928,771406,25,25,3,8,
1388,1251,771406,3,4,4,8,
1389,2217,771406,3,4,4,6,
1390,1197,771406,3,4,4,6,
1391,1330,771406,3,4,4,5,
1392,8737,771406,13,13,3,6,
1393,8269,771406,3,4,4,5,
1394,1846,771406,3,4,4,6,
1395,1318,771406,3,4,4,7,
1396,22252,771406,29,29,3,8,
1397,8094,771406,3,4,4,7,
1398,21015,771406,25,25,3,7,
1399,3094,771406,3,4,4,8,
1400,23182,771406,33,33,3,8,
1401,23260,771406,3,4,4,8,
1402,2064,771406,3,4,4,8,
1403,25605,771406,33,33,3,7,
1404,9901,771406,17,17,3,7,
1405,3123,771406,3,4,4,8,
1406,24756,771406,3,4,4,7,
1407,26598,771406,31,31,3,8,
1408,3621,771406,3,4,4,8,
1409,853,771406,3,4,4,8,
1410,2091,771406,3,4,4,9,
1411,2408,771406,3,4,4,9,
1412,1087,771406,3,4,4,8,
1413,2592,771406,3,4,4,8,
1414,18972,771406,3,4,4,8,
1415,15220,771406,23,23,3,8,
1416,15035,771406,3,4,4,8,
1417,11307,771406,19,19,3,7,
1418,18166,771406,27,27,3,9,
1419,35006,771406,19,19,3,8,
1420,7374,771406,15,15,3,9,
1421,11097,771406,13,13,3,8,
1422,11844,771406,3,4,4,8,
1423,25333,771406,25,25,3,8,
1424,27177,771406,3,4,4,8,
1425,20509,771406,23,23,3,8,
1426,2090,771406,3,4,4,9,
1427,33580,771406,27,27,3,8,
1428,1337,771406,3,4,4,8,
1429,8375,771406,19,19,3,8,
1430,8989,771406,19,19,3,8,
1431,20084,771406,3,4,4,9,
1432,3115,771406,3,4,4,8,
1433,48730,771406,33,33,3,8,
1434,1942,771406,3,4,4,8,
1435,17637,771406,23,23,3,8,
1436,2363,771406,3,4,4,9,
1437,30233,771406,25,25,3,9,
1438,10159,771406,21,21,3,8,
1439,42966,771406,33,33,3,9,
1440,31948,771406,25,25,3,8,
1441,2577,771406,3,4,4,8,
1442,15484,771406,19,19,3,7,
1443,14282,771406,19,19,3,8,
1444,17982,771406,21,21,3,8,
1445,14529,771406,3,4,4,9,
1446,29402,771406,3,4,4,8,
1447,29860,771406,3,4,4,8,
1448,12577,771407,19,19,3,8,
1449,29417,771407,27,27,3,8,
1450,15411,771407,3,4,4,9,
1451,32587,771407,21,21,3,8,
1452,41268,771407,33,33,3,9,
1453,4871,771407,3,4,4,8,
1454,23366,771407,19,19,3,9,
1455,61485,771407,31,31,3,8,
1456,16335,771407,15,15,3,9,
1457,27242,771407,21,21,3,8,
1458,60686,771407,3,4,4,8,
1459,19658,771407,27,27,3,8,
1460,22758,771407,3,4,4,8,
1461,63794,771407,31,31,3,8,
1462,11924,771407,3,4,4,9,
1463,10931,771407,3,4,4,8,
1464,46044,771407,21,21,3,8,
1465,3868,771407,3,4,4,8,
1466,4159,771407,3,4,4,8,
1467,3167,771407,3,4,4,8,
1468,24708,771407,17,17,3,8,
1469,23186,771407,25,25,3,8,
1470,45547,771407,31,31,3,8,
1471,22589,771407,3,4,4,7,
1472,39141,771407,33,33,3,8,
1473,36459,771407,3,4,4,9,
1474,1558,771407,3,4,4,8,
1475,22116,771407,17,17,3,7,
1476,13139,771407,19,19,3,7,
1477,29983,771407,33,33,3,9,
1478,8753,771407,3,4,4,6,
1479,7606,771407,13,13,3,7,
1480,11595,771407,3,4,4,7,
1481,26588,771407,33,33,3,8,
1482,7333,771407,3,4,4,8,
1483,2432,771407,3,4,4,8,
1484,3906,771407,3,4,4,9,
1485,3891,771407,3,4,4,6,
1486,13686,771407,13,13,3,7,
1487,27849,771407,25,25,3,8,
1488,3945,771407,3,4,4,6,
1489,25829,771407,29,29,3,9,
1490,26376,771407,29,29,3,6,
1491,19680,771407,21,21,3,7,
1492,24475,771407,3,4,4,7,
1493,30847,771407,3,4,4,8,
1494,7411,771407,3,4,4,8,
1495,34590,771407,29,29,3,7,
1496,2494,771407,3,4,4,8,
1497,3476,771407,3,4,4,9,
1498,10833,771407,21,21,3,8,
1499,28628,771407,3,4,4,9,
1500,11921,771407,3,4,4,7,
1501,2443,771407,3,4,4,8,
1502,16769,771407,25,25,3,8,
1503,40694,771407,31,31,3,7,
1504,15629,771407,21,21,3,8,
1505,45023,771407,3,4,4,5,
1506,12077,771407,25,25,3,6,
1507,21281,771407,25,25,3,8,
1508,13035,771407,3,4,4,8,
1509,16952,771407,3,4,4,8,
1510,1666,771407,3,4,4,7,
1511,29842,771407,29,29,3,6,
1512,32230,771407,23,23,3,6,
1513,52610,771407,29,29,3,5,
1514,61944,771407,3,4,4,8,
1515,21306,771407,31,31,3,8,
1516,49732,771407,31,31,3,5,
1517,18144,771407,17,17,3,7,
1518,42286,771407,27,27,3,5,
1519,9987,771407,3,4,4,4,
1520,14767,771407,25,25,3,5,
1521,6909,771407,3,4,4,5,
1522,30701,771407,31,31,3,6,
1523,6560,771407,3,4,4,6,
1524,11712,771407,3,4,4,7,
1525,4886,771407,3,4,4,7,
1526,30227,771407,29,29,3,8,
1527,16632,771407,23,23,3,8,
1528,27520,771407,3,4,4,7,
1529,4844,771407,13,13,3,8,
1530,11395,771407,17,17,3,7,
1531,12481,771407,3,4,4,7,
1532,20060,771407,29,29,3,9,
1533,8378,771407,3,4,4,8,
1534,1645,771407,3,4,4,9,
1535,2202,771407,3,4,4,9,
1536,2720,771407,3,4,4,9,
1537,2386,771407,3,4,4,8,
1538,1942,771407,3,4,4,8,
1539,3304,771407,3,4,4,9,
1540,2665,771407,3,4,4,7,
1541,19099,771407,25,25,3,8,
1542,11319,771407,15,15,3,8,
1543,68870,771407,33,33,3,7,
1544,37474,771407,33,33,3,9,
1545,9870,771407,3,4,4,8,
1546,8098,771407,13,13,3,8,
1547,1995,771407,3,4,4,9,
1548,14472,771407,15,15,3,9,
1549,15881,771407,3,4,4,8,
1550,56448,771407,25,25,3,8,
1551,7274,771407,13,13,3,8,
1552,15829,771407,17,17,3,8,
1553,15933,771407,15,15,3,8,
1554,52670,771407,29,29,3,9,
1555,9782,771407,3,4,4,8,
1556,49843,771407,31,31,3,8,
1557,33979,771407,15,15,3,9,
1558,34803,771407,3,4,4,9,
1559,40431,771407,3,4,4,7,
1560,2458,771407,3,4,4,8,
1561,39090,771407,23,23,3,7,
1562,41839,771407,3,4,4,9,
1563,31317,771407,3,4,4,8,
1564,8025,771407,3,4,4,8,
1565,10246,771407,3,4,4,8,
1566,32074,771407,31,31,3,8,
1567,30644,771407,17,17,3,9,
1568,3256,771407,3,4,4,7,
1569,4930,771407,3,4,4,8,
1570,14596,771407,17,17,3,8,
1571,32831,771407,23,23,3,8,
1572,39656,771407,29,29,3,8,
1573,45639,771407,21,21,3,9,
1574,32596,771407,3,4,4,8,
1575,8176,771407,3,4,4,9,
1576,34244,771407,23,23,3,8,
1577,8543,771407,3,4,4,9,
1578,35815,771407,13,13,3,8,
1579,15883,771407,17,17,3,8,
1580,15868,771407,3,4,4,8,
1581,12377,771407,13,13,3,8,
1582,20187,771407,3,4,4,8,
1583,18686,771407,3,4,4,7,
1584,24779,771407,13,13,3,9,
1585,16972,771407,17,17,3,8,
1586,49218,771407,25,25,3,8,
1587,4468,771407,3,4,4,9,
1588,21701,771407,15,15,3,8,
1589,16549,771407,3,4,4,9,
1590,21690,771407,3,4,4,9,
1591,23113,771407,19,19,3,7,
1592,48617,771407,19,19,3,8,
1593,27047,771407,27,27,3,8,
1594,27503,771407,17,17,3,8,
1595,29552,771407,27,27,3,9,
1596,3456,771407,3,4,4,9,
1597,47492,771407,31,31,3,7,
1598,19532,771407,17,17,3,8,
1599,38907,771407,31,31,3,8,
1600,18478,771407,3,4,4,9,
1601,13758,771407,17,17,3,8,
1602,29349,771407,23,23,3,6,
1603,31029,771407,33,33,3,6,
1604,3929,771407,3,4,4,8,
1605,29845,771407,27,27,3,5,
1606,28918,771407,3,4,4,4,
1607,23536,771407,21,21,3,6,
1608,21300,771407,21,21,3,4,
1609,5243,771407,3,4,4,8,
1610,21625,771407,25,25,3,3,
1611,22979,771407,3,4,4,3,
1612,6226,771407,3,4,4,5,
1613,30526,771407,31,31,3,4,
1614,7487,771407,3,4,4,5,
1615,5996,771407,3,4,4,6,
1616,7222,771407,3,4,4,5,
1617,3810,771407,3,4,4,7,
1618,45129,771407,25,25,3,8,
1619,14980,771407,19,19,3,8,
1620,948,771407,3,4,4,5,
1621,16722,771407,25,25,3,4,
1622,1631,771407,3,4,4,7,
1623,3514,771407,3,4,4,8,
1624,8160,771407,3,4,4,7,
1625,13772,771407,27,27,3,6,
1626,16632,771407,13,13,3,6,
1627,1327,771407,3,4,4,3,
1628,26705,771407,27,27,3,5,
1629,3654,771407,3,4,4,6,
1630,16924,771407,19,19,3,6,
1631,1191,771407,3,4,4,5,
1632,16781,771407,3,4,4,6,
1633,18416,771407,27,27,3,7,
1634,8390,771407,15,15,3,7,
1635,2620,771407,3,4,4,8,
1636,9660,771407,3,4,4,8,
1637,22614,771407,17,17,3,9,
1638,1801,771407,3,4,4,8,
1639,20217,771407,25,25,3,7,
1640,21385,771407,3,4,4,8,
1641,25086,771407,25,25,3,9,
1642,17082,771407,21,21,3,9,
1643,39190,771407,27,27,3,6,
1644,8050,771407,3,4,4,7,
1645,14655,771407,19,19,3,9,
1646,16305,771407,13,13,3,8,
1647,34353,771407,27,27,3,7,
1648,30218,771407,29,29,3,6,
1649,35178,771407,3,4,4,7,
1650,34230,771407,29,29,3,7,
1651,37838,771407,33,33,3,9,
1652,9226,771407,3,4,4,9,
1653,30314,771407,17,17,3,7,
1654,15601,771407,3,4,4,6,
1655,25658,771407,27,27,3,8,
1656,30363,771407,27,27,3,8,
1657,18172,771407,3,4,4,6,
1658,11410,771407,3,4,4,7,
1659,12306,771407,3,4,4,7,
1660,32573,771407,25,25,3,4,
1661,18863,771407,23,23,3,6,
1662,23706,771407,27,27,3,6,
1663,8520,771407,3,4,4,8,
1664,26901,771407,21,21,3,6,
1665,18363,771407,3,4,4,7,
1666,22647,771407,3,4,4,5,
1667,3494,771407,3,4,4,7,
1668,3492,771407,3,4,4,7,
1669,5695,771407,3,4,4,7,
1670,1547,771407,3,4,4,8,
1671,20661,771407,33,33,3,7,
1672,6513,771407,13,13,3,7,
1673,11669,771407,33,33,3,5,
1674,27455,771407,23,23,3,4,
1675,30133,771407,3,4,4,3,
1676,2174,771407,3,4,4,4,
1677,1299,771407,3,4,4,4,
1678,1892,771407,3,4,4,4,
1679,2928,771407,3,4,4,6,
1680,1877,771407,3,4,4,4,
1681,2960,771407,3,4,4,6,
1682,32342,771407,31,31,3,3,
1683,6451,771407,3,4,4,7,
1684,22510,771407,13,13,3,6,
1685,32808,771407,3,4,4,3,
1686,2622,771407,3,4,4,8,
1687,26049,771407,3,4,4,5,
1688,20247,771407,13,13,3,8,
1689,17569,771407,3,4,4,8,
1690,20775,771407,3,4,4,7,
1691,18277,771407,17,17,3,5,
1692,21245,771407,15,15,3,4,
1693,13873,771407,13,13,3,5,
1694,31912,771407,23,23,3,2,
1695,22335,771407,15,15,3,4,
1696,23895,771407,23,23,3,4,
1697,35661,771407,31,31,3,3,
1698,18734,771407,3,4,4,6,
1699,38005,771407,3,4,4,4,
1700,18502,771407,3,4,4,6,
1701,27287,771407,3,4,4,6,
1702,10373,771407,13,13,3,1,
1703,27457,771407,21,21,3,4,
1704,9391,771407,13,13,3,5,
1705,22764,771407,23,23,3,5,
1706,35216,771407,25,25,3,5,
1707,33694,771407,31,31,3,6,
1708,4315,771407,3,4,4,6,
1709,2569,771407,3,4,4,7,
1710,41127,771407,15,15,3,8,
1711,60333,771407,29,29,3,8,
1712,60090,771407,23,23,3,8,
1713,181030,771407,19,19,3,4,
1714,169771,771407,31,31,3,9,
1715,175644,771407,33,33,3,6,
1716,24182,771407,15,15,3,8,
1717,27100,771407,3,4,4,9,
1718,23291,771407,3,4,4,8,
1719,151903,771407,23,23,3,5,
1720,138038,771407,13,13,3,5,
1721,131281,771407,17,17,3,7,
1722,7013,771407,3,4,4,8,
1723,119331,771407,3,4,4,8,
1724,118034,771407,3,4,4,7,
1725,125867,771407,33,33,3,4,
1726,121167,771407,17,17,3,6,
1727,1270,771407,3,4,4,0,
1728,1803,771407,3,4,4,2,
1729,21788,771407,31,31,3,4,
1730,14508,771407,23,23,3,5,
1731,1940,771407,3,4,4,4,
1732,10251,771407,19,19,3,6,
1733,13082,771407,17,17,3,6,
1734,21084,771407,3,4,4,6,
1735,14221,771407,17,17,3,7,
1736,22671,771407,27,27,3,5,
1737,17869,771407,33,33,3,8,
1738,15250,771407,25,25,3,8,
1739,22950,771407,3,4,4,6,
1740,3824,771407,3,4,4,9,
1741,2532,771407,3,4,4,8,
1742,11527,771407,21,21,3,6,
1743,2318,771407,3,4,4,8,
1744,5496,771407,3,4,4,8,
1745,2534,771407,3,4,4,8,
1746,9560,771407,3,4,4,5,
1747,1447,771407,3,4,4,8,
1748,3245,771407,3,4,4,7,
1749,10321,771407,29,29,3,8,
1750,1094,771407,3,4,4,6,
1751,17292,771407,3,4,4,7,
1752,738,771407,3,4,4,2,
1753,20199,771407,19,19,3,4,
1754,28378,771407,17,17,3,6,
1755,35004,771407,29,29,3,6,
1756,2023,771407,3,4,4,7,
1757,4280,771407,3,4,4,7,
1758,2547,771407,3,4,4,8,
1759,33933,771407,17,17,3,7,
1760,14243,771407,3,4,4,8,
1761,11951,771407,3,4,4,8,
1762,43747,771407,33,33,3,4,
1763,12589,771407,3,4,4,7,
1764,35454,771407,27,27,3,7,
1765,13905,771407,13,13,3,7,
1766,26660,771407,31,31,3,3,
1767,1986,771407,3,4,4,8,
1768,3314,771407,3,4,4,8,
1769,22010,771407,3,4,4,6,
1770,20199,771407,13,13,3,6,
1771,18639,771407,3,4,4,5,
1772,9139,771407,3,4,4,7,
1773,1811,771407,3,4,4,1,
1774,4616,771407,3,4,4,1,
1775,7842,771407,17,17,3,1,
1776,997,771407,3,4,4,3,
1777,6542,771407,19,19,3,0,
1778,1322,771407,3,4,4,1,
1779,1515,771407,3,4,4,2,
1780,50983,771407,33,33,3,5,
1781,31980,771407,23,23,3,3,
1782,35288,771407,23,23,3,3,
1783,30104,771407,15,15,3,3,
1784,873,771407,3,4,4,5,
1785,32659,771407,23,23,3,4,
1786,31221,771407,19,19,3,5,
1787,3822,771407,3,4,4,8,
1788,10054,771407,3,4,4,7,
1789,30807,771407,31,31,3,6,
1790,45144,771407,3,4,4,9,
1791,17763,771407,3,4,4,5,
1792,51549,771407,33,33,3,6,
1793,31134,771407,19,19,3,6,
1794,8068,771407,3,4,4,5,
1795,31404,771407,19,19,3,7,
1796,7951,771407,3,4,4,6,
1797,7549,771407,3,4,4,6,
1798,7959,771407,3,4,4,9,
1799,30034,771408,23,23,3,6,
1800,22367,771408,3,4,4,6,
1801,29404,771408,23,23,3,6,
1802,34969,771408,31,31,3,7,
1803,10280,771408,3,4,4,8,
1804,31587,771408,3,4,4,8,
1805,11988,771408,3,4,4,8,
1806,14816,771408,15,15,3,8,
1807,18662,771408,19,19,3,9,
1808,17796,771408,19,19,3,6,
1809,14748,771408,21,21,3,8,
1810,15745,771408,17,17,3,7,
1811,4260,771408,3,4,4,7,
1812,10671,771408,19,19,3,7,
1813,6338,771408,3,4,4,8,
1814,1745,771408,3,4,4,8,
1815,16322,771408,17,17,3,8,
1816,1502,771408,3,4,4,8,
1817,41693,771408,29,29,3,7,
1818,7714,771408,13,13,3,8,
1819,10844,771408,3,4,4,7,
1820,780,771408,3,4,4,7,
1821,1171,771408,3,4,4,6,
1822,1720,771408,3,4,4,7,
1823,826,771408,3,4,4,6,
1824,3932,771408,3,4,4,7,
1825,41910,771408,27,27,3,3,
1826,33523,771408,23,23,3,6,
1827,41944,771408,15,15,3,3,
1828,3197,771408,3,4,4,7,
1829,2133,771408,3,4,4,6,
1830,35976,771408,21,21,3,3,
1831,33526,771408,3,4,4,5,
1832,4947,771408,3,4,4,8,
1833,34410,771408,3,4,4,4,
1834,31539,771408,19,19,3,5,
1835,32620,771408,3,4,4,5,
1836,27467,771408,27,27,3,6,
1837,12445,771408,3,4,4,4,
1838,32108,771408,25,25,3,4,
1839,6192,771408,3,4,4,5,
1840,46423,771408,21,21,3,4,
1841,29831,771408,19,19,3,6,
1842,9918,771408,3,4,4,7,
1843,48069,771408,33,33,3,5,
1844,7691,771408,3,4,4,7,
1845,11594,771408,3,4,4,8,
1846,7727,771408,3,4,4,8,
1847,24463,771408,13,13,3,8,
1848,3315,771408,3,4,4,9,
1849,30621,771408,3,4,4,8,
1850,22904,771408,13,13,3,8,
1851,34928,771408,25,25,3,7,
1852,35500,771408,3,4,4,5,
1853,28015,771408,3,4,4,8,
1854,21625,771408,31,31,3,7,
1855,17376,771408,3,4,4,5,
1856,11057,771408,3,4,4,8,
1857,22632,771408,33,33,3,8,
1858,7336,771408,13,13,3,4,
1859,2039,771408,3,4,4,5,
1860,4930,771408,3,4,4,6,
1861,3008,771408,3,4,4,6,
1862,49649,771408,31,31,3,5,
1863,25128,771408,15,15,3,8,
1864,941,771408,3,4,4,7,
1865,8043,771408,3,4,4,7,
1866,46518,771408,33,33,3,6,
1867,37398,771408,25,25,3,7,
1868,10583,771408,3,4,4,8,
1869,40029,771408,3,4,4,7,
1870,65520,771408,21,21,3,8,
1871,32228,771408,19,19,3,8,
1872,35104,771408,3,4,4,7,
1873,2926,771408,3,4,4,8,
1874,2597,771408,3,4,4,8,
1875,11999,771408,3,4,4,9,
1876,28212,771408,15,15,3,6,
1877,47442,771408,33,33,3,8,
1878,50685,771408,31,31,3,9,
1879,32141,771408,23,23,3,7,
1880,2837,771408,3,4,4,6,
1881,29485,771408,3,4,4,6,
1882,23977,771408,25,25,3,7,
1883,22743,771408,3,4,4,7,
1884,35197,771408,3,4,4,8,
1885,24931,771408,3,4,4,9,
1886,36895,771408,21,21,3,8,
1887,31452,771408,31,31,3,8,
1888,10995,771408,13,13,3,8,
1889,2523,771408,3,4,4,8,
1890,39153,771408,31,31,3,9,
1891,2970,771408,3,4,4,8,
1892,2900,771408,3,4,4,8,
1893,31932,771408,33,33,3,8,
1894,16572,771408,23,23,3,8,
1895,10326,771408,15,15,3,8,
1896,37678,771408,33,33,3,9,
1897,5861,771408,3,4,4,7,
1898,21478,771408,3,4,4,8,
1899,7182,771408,3,4,4,9,
1900,24902,771408,3,4,4,8,
1901,14441,771408,13,13,3,8,
1902,19830,771408,3,4,4,9,
1903,15623,771408,19,19,3,8,
1904,44537,771408,19,19,3,8,
1905,3091,771408,3,4,4,8,
1906,15468,771408,19,19,3,9,
1907,15527,771408,19,19,3,8,
1908,17105,771408,3,4,4,7,
1909,12620,771408,3,4,4,8,
1910,1686,771408,3,4,4,9,
1911,23617,771408,23,23,3,9,
1912,22858,771408,23,23,3,8,
1913,28718,771408,23,23,3,8,
1914,28664,771408,3,4,4,7,
1915,12743,771408,21,21,3,8,
1916,4184,771408,3,4,4,9,
1917,19028,771408,21,22,3,8,
1918,2136,771408,3,4,4,9,
1919,20548,771408,25,25,3,6,
1920,1539,771408,3,4,4,9,
1921,1941,771408,3,4,4,9,
1922,2615,771408,3,4,4,9,
1923,17648,771408,23,23,3,6,
1924,18614,771408,3,4,4,6,
1925,9074,771408,3,4,4,7,
1926,2358,771408,3,4,4,8,
1927,16782,771408,17,17,3,7,
1928,19787,771408,3,4,4,6,
1929,21367,771408,29,29,3,2,
1930,5017,771408,3,4,4,4,
1931,22116,771408,31,31,3,2,
1932,20801,771408,33,33,3,3,
1933,28678,771408,31,31,3,1,
1934,5299,771408,3,4,4,4,
1935,5401,771408,3,4,4,5,
1936,5913,771408,3,4,4,5,
1937,15532,771408,3,4,4,4,
1938,18418,771408,23,23,3,4,
1939,5168,771408,3,4,4,6,
1940,7627,771408,17,17,3,6,
1941,24163,771408,33,33,3,6,
1942,42841,771408,21,21,3,8,
1943,9595,771408,3,4,4,5,
1944,8949,771408,3,4,4,4,
1945,8243,771408,3,4,4,3,
1946,10863,771408,17,17,3,5,
1947,2961,771408,3,4,4,5,
1948,4534,771408,3,4,4,5,
1949,20905,771408,23,23,3,5,
1950,18951,771408,27,27,3,6,
1951,1022,771408,3,4,4,5,
1952,21298,771408,3,4,4,7,
1953,21892,771408,27,27,3,6,
1954,658,771408,3,4,4,6,
1955,21290,771408,3,4,4,7,
1956,16901,771408,15,15,3,7,
1957,20135,771408,25,25,3,7,
1958,14158,771408,15,15,3,8,
1959,7052,771408,13,13,3,8,
1960,10999,771408,19,19,3,8,
1961,7465,771408,3,4,4,8,
1962,14852,771408,27,27,3,8,
1963,8328,771408,3,4,4,8,
1964,3905,771408,3,4,4,8,
1965,2965,771408,3,4,4,7,
1966,15781,771408,15,15,3,7,
1967,2780,771408,3,4,4,7,
1968,3095,771408,3,4,4,7,
1969,10717,771408,3,4,4,7,
1970,18731,771408,21,21,3,9,
1971,43753,771408,33,33,3,8,
1972,44457,771408,31,31,3,8,
1973,3142,771408,3,4,4,9,
1974,53245,771408,3,4,4,8,
1975,45036,771408,27,27,3,8,
1976,3339,771408,3,4,4,8,
1977,3579,771408,3,4,4,7,
1978,3396,771408,3,4,4,7,
1979,39872,771408,25,25,3,7,
1980,33698,771408,21,21,3,7,
1981,28959,771408,17,17,3,7,
1982,36384,771408,3,4,4,8,
1983,30436,771408,15,15,3,8,
1984,30819,771408,3,4,4,8,
1985,20562,771408,23,23,3,7,
1986,22011,771408,21,21,3,8,
1987,26976,771408,25,26,3,9,
1988,12176,771408,13,13,3,8,
1989,26196,771408,27,27,3,9,
1990,5463,771408,3,4,4,8,
1991,14020,771408,3,4,4,8,
1992,1873,771408,3,4,4,8,
1993,21482,771408,27,27,3,9,
1994,9818,771408,19,19,3,8,
1995,14001,771408,27,27,3,9,
1996,32820,771408,15,15,3,7,
1997,24021,771408,27,27,3,8,
1998,28327,771408,27,27,3,7,
1999,8652,771408,17,17,3,8,
2000,20816,771408,23,23,3,7,
2001,29576,771408,31,31,3,8,
2002,22515,771408,23,23,3,6,
2003,29229,771408,3,4,4,8,
2004,10473,771408,3,4,4,7,
2005,9328,771408,3,4,4,8,
2006,34443,771408,23,23,3,8,
2007,23997,771408,21,21,3,6,
2008,22734,771408,21,21,3,7,
2009,5328,771408,3,4,4,6,
2010,10451,771408,3,4,4,7,
2011,5499,771408,3,4,4,6,
2012,16820,771408,19,19,3,7,
2013,6952,771408,3,4,4,7,
2014,16800,771408,23,23,3,8,
2015,14095,771408,3,4,4,7,
2016,12733,771408,3,4,4,8,
2017,4685,771408,3,4,4,8,
2018,13530,771408,27,27,3,8,
2019,3449,771408,3,4,4,8,
2020,3235,771408,3,4,4,9,
2021,9180,771408,17,17,3,8,
2022,3402,771408,3,4,4,7,
2023,9244,771408,3,4,4,8,
2024,2552,771408,3,4,4,8,
2025,18128,771408,33,33,3,8,
2026,16731,771408,29,29,3,8,
2027,1851,771408,3,4,4,7,
2028,23114,771408,31,31,3,8,
2029,17506,771408,3,4,4,8,
2030,10197,771408,21,21,3,8,
2031,19856,771408,31,31,3,8,
2032,22405,771408,3,4,4,9,
2033,13367,771408,27,27,3,8,
2034,1775,771408,3,4,4,9,
2035,2129,771408,3,4,4,9,
2036,2841,771408,3,4,4,8,
2037,1670,771408,3,4,4,9,
2038,1669,771408,3,4,4,8,
2039,17326,771408,25,25,3,9,
2040,13860,771408,27,27,3,9,
2041,11604,771408,17,17,3,9,
2042,14123,771408,3,4,4,9,
2043,28443,771408,33,33,3,8,
2044,12641,771408,29,29,3,8,
2045,23877,771408,31,31,3,9,
2046,19697,771408,21,21,3,7,
2047,16947,771408,33,33,3,7,
2048,17206,771408,3,4,4,8,
2049,18682,771408,25,25,3,9,
2050,12042,771408,21,21,3,8,
2051,3191,771408,3,4,4,8,
2052,3495,771408,3,4,4,8,
2053,11401,771408,19,19,3,8,
2054,1007,771408,3,4,4,7,
2055,16680,771408,27,27,3,6,
2056,6199,771408,15,15,3,6,
2057,15731,771408,31,31,3,7,
2058,17825,771408,3,4,4,8,
2059,12968,771408,17,17,3,8,
2060,5947,771408,3,4,4,7,
2061,14862,771408,3,4,4,8,
2062,3287,771408,3,4,4,8,
2063,33770,771408,29,29,3,8,
2064,17925,771408,25,25,3,7,
2065,3578,771408,3,4,4,7,
2066,23384,771408,23,23,3,7,
2067,20846,771408,31,31,3,8,
2068,4225,771408,3,4,4,7,
2069,13782,771408,15,15,3,7,
2070,23302,771408,3,4,4,7,
2071,2540,771408,3,4,4,7,
2072,21453,771408,29,29,3,8,
2073,14599,771408,19,19,3,8,
2074,15155,771408,3,4,4,8,
2075,21016,771408,3,4,4,6,
2076,9118,771408,3,4,4,7,
2077,6670,771408,3,4,4,8,
2078,2218,771408,3,4,4,7,
2079,3073,771408,3,4,4,7,
2080,5029,771408,3,4,4,6,
2081,21398,771408,31,31,3,8,
2082,2480,771408,3,4,4,5,
2083,21676,771408,3,4,4,7,
2084,13197,771408,15,15,3,7,
2085,12700,771408,15,15,3,6,
2086,1103,771408,3,4,4,4,
2087,20454,771408,23,23,3,6,
2088,20770,771408,27,27,3,6,
2089,2543,771408,3,4,4,7,
2090,16683,771408,15,15,3,7,
2091,12872,771408,17,17,3,8,
2092,17780,771408,17,17,3,8,
2093,14734,771408,3,4,4,8,
2094,12443,771408,19,19,3,8,
2095,17735,771408,27,27,3,8,
2096,23787,771408,31,31,3,8,
2097,2047,771408,3,4,4,7,
2098,14009,771408,21,21,3,8,
2099,2925,771408,3,4,4,9,
2100,2798,771408,3,4,4,8,
2101,13938,771408,3,4,4,8,
2102,21492,771408,23,23,3,7,
2103,4485,771408,3,4,4,8,
2104,21076,771408,3,4,4,7,
2105,21893,771408,3,4,4,9,
2106,3416,771408,3,4,4,9,
2107,2353,771408,3,4,4,8,
2108,11253,771408,17,17,3,9,
2109,2398,771408,3,4,4,9,
2110,2285,771408,3,4,4,9,
2111,25572,771408,17,17,3,7,
2112,23367,771408,23,23,3,9,
2113,39900,771408,27,27,3,8,
2114,29486,771408,25,25,3,9,
2115,29334,771408,3,4,4,8,
2116,2838,771408,3,4,4,7,
2117,12297,771408,3,4,4,7,
2118,30962,771408,21,21,3,7,
2119,6791,771408,3,4,4,9,
2120,32972,771408,3,4,4,5,
2121,9610,771408,3,4,4,8,
2122,5126,771408,3,4,4,9,
2123,1662,771408,3,4,4,7,
2124,18560,771408,15,15,3,6,
2125,15086,771408,13,13,3,8,
2126,19223,771408,3,4,4,7,
2127,18312,771408,3,4,4,6,
2128,24458,771408,31,31,3,4,
2129,16434,771408,17,17,3,5,
2130,17915,771408,29,29,3,4,
2131,12318,771408,3,4,4,2,
2132,10389,771408,3,4,4,4,
2133,9946,771408,3,4,4,5,
2134,10036,771408,3,4,4,5,
2135,9911,771408,3,4,4,4,
2136,10970,771408,3,4,4,4,
2137,9562,771408,3,4,4,6,
2138,16694,771408,21,21,3,4,
2139,15576,771408,27,27,3,4,
2140,11683,771408,17,17,3,5,
2141,2812,771408,3,4,4,2,
2142,12350,771408,13,13,3,2,
2143,2271,771408,3,4,4,3,
2144,7253,771408,13,13,3,3,
2145,23526,771408,27,27,3,5,
2146,11646,771408,19,19,3,4,
2147,4965,771408,13,13,3,4,
2148,11367,771408,3,4,4,6,
2149,2771,771408,3,4,4,5,
2150,32530,771408,33,33,3,6,
2151,2422,771408,3,4,4,5,
2152,37588,771408,3,4,4,5,
2153,767,771408,3,4,4,5,
2154,18144,771408,21,21,3,7,
2155,17409,771408,3,4,4,7,
2156,23533,771408,25,25,3,7,
2157,3215,771408,3,4,4,7,
2158,4776,771408,3,4,4,8,
2159,10839,771408,13,13,3,8,
2160,34190,771408,31,31,3,7,
2161,18654,771408,15,15,3,8,
2162,18698,771408,33,33,3,7,
2163,7086,771408,3,4,4,8,
2164,3594,771408,3,4,4,8,
2165,4613,771408,3,4,4,7,
2166,18763,771408,31,31,3,5,
2167,3223,771408,3,4,4,7,
2168,12749,771408,19,19,3,5,
2169,6027,771408,3,4,4,6,
2170,6577,771408,3,4,4,7,
2171,14279,771408,3,4,4,5,
2172,2449,771408,3,4,4,7,
2173,16030,771408,33,33,3,7,
2174,5559,771408,3,4,4,5,
2175,2801,771408,3,4,4,7,
2176,3054,771408,3,4,4,6,
2177,15148,771408,25,25,3,8,
2178,56726,771408,29,29,3,5,
2179,20956,771408,17,17,3,5,
2180,3026,771408,3,4,4,6,
2181,20321,771408,17,17,3,7,
2182,57240,771408,33,33,3,7,
2183,3626,771408,3,4,4,6,
2184,27102,771408,3,4,4,5,
2185,26418,771408,3,4,4,6,
2186,17272,771408,17,17,3,5,
2187,17597,771408,15,15,3,5,
2188,16352,771408,13,13,3,6,
2189,51033,771408,27,27,3,9,
2190,30934,771408,33,33,3,6,
2191,75679,771408,33,33,3,5,
2192,2316,771408,3,4,4,6,
2193,21719,771408,27,27,3,7,
2194,6788,771408,3,4,4,8,
2195,19106,771408,25,25,3,7,
2196,23006,771408,3,4,4,8,
2197,19617,771408,23,23,3,8,
2198,20699,771408,3,4,4,8,
2199,55093,771408,21,21,3,7,
2200,87833,771408,31,31,3,8,
2201,63986,771408,23,23,3,6,
2202,55556,771408,27,27,3,7,
2203,73259,771408,3,4,4,8,
2204,54202,771408,23,23,3,6,
2205,2957,771408,3,4,4,9,
2206,67832,771408,3,4,4,8,
2207,38509,771408,3,4,4,9,
2208,66059,771408,3,4,4,9,
2209,6604,771408,3,4,4,6,
2210,5970,771408,3,4,4,5,
2211,30319,771408,25,25,3,7,
2212,7294,771408,3,4,4,7,
2213,9198,771408,13,13,3,8,
2214,2424,771408,3,4,4,8,
2215,6831,771408,3,4,4,7,
2216,4722,771408,13,13,3,7,
2217,24958,771408,33,33,3,8,
2218,25872,771408,29,29,3,8,
2219,14594,771408,29,29,3,8,
2220,24816,771408,3,4,4,8,
2221,14357,771408,3,4,4,9,
2222,12250,771408,15,15,3,8,
2223,6520,771408,17,17,3,9,
2224,10563,771409,21,21,3,8,
2225,15351,771409,21,21,3,8,
2226,14248,771409,13,13,3,8,
2227,11557,771409,17,17,3,8,
2228,9987,771409,19,19,3,8,
2229,1546,771409,3,4,4,8,
2230,2224,771409,3,4,4,9,
2231,19973,771409,21,21,3,9,
2232,19380,771409,3,4,4,9,
2233,3756,771409,3,4,4,8,
2234,18746,771409,19,19,3,9,
2235,1708,771409,3,4,4,7,
2236,19671,771409,3,4,4,8,
2237,3840,771409,3,4,4,7,
2238,3076,771409,3,4,4,8,
2239,36793,771409,25,25,3,8,
2240,9446,771409,19,19,3,8,
2241,2882,771409,3,4,4,8,
2242,18242,771409,19,19,3,8,
2243,2805,771409,3,4,4,8,
2244,27577,771409,25,25,3,9,
2245,23485,771409,25,25,3,9,
2246,27109,771409,33,33,3,8,
2247,29717,771409,3,4,4,9,
2248,3837,771409,3,4,4,8,
2249,18157,771409,15,15,3,8,
2250,18014,771409,25,25,3,8,
2251,23007,771409,29,29,3,8,
2252,17858,771409,3,4,4,7,
2253,12968,771409,3,4,4,9,
2254,27470,771409,27,27,3,9,
2255,3193,771409,3,4,4,8,
2256,29489,771409,33,33,3,9,
2257,3040,771409,3,4,4,8,
2258,24839,771409,23,23,3,9,
2259,21690,771409,19,19,3,8,
2260,13448,771409,15,15,3,9,
2261,5996,771409,3,4,4,8,
2262,20530,771409,3,4,4,8,
2263,20878,771409,13,13,3,8,
2264,21515,771409,3,4,4,7,
2265,17095,771409,15,15,3,9,
2266,24319,771409,31,31,3,8,
2267,10699,771409,15,15,3,8,
2268,4941,771409,15,15,3,8,
2269,8699,771409,17,17,3,8,
2270,8416,771409,3,4,4,7,
2271,3253,771409,3,4,4,8,
2272,3862,771409,3,4,4,8,
2273,10076,771409,3,4,4,8,
2274,2539,771409,3,4,4,9,
2275,20525,771409,33,33,3,9,
2276,1697,771409,3,4,4,7,
2277,1884,771409,3,4,4,7,
2278,20511,771409,3,4,4,8,
2279,2033,771409,3,4,4,8,
2280,17690,771409,25,25,3,7,
2281,3099,771409,3,4,4,8,
2282,17656,771409,33,33,3,7,
2283,3136,771409,3,4,4,6,
2284,740,771409,3,4,4,8,
2285,1889,771409,3,4,4,7,
2286,26213,771409,27,27,3,7,
2287,13195,771409,17,17,3,7,
2288,22187,771409,33,33,3,8,
2289,673,771409,3,4,4,7,
2290,20019,771409,29,29,3,7,
2291,1580,771409,3,4,4,8,
2292,2224,771409,3,4,4,9,
2293,17307,771409,33,33,3,9,
2294,12418,771409,25,25,3,8,
2295,3880,771409,3,4,4,8,
2296,968,771409,3,4,4,7,
2297,8814,771409,3,4,4,7,
2298,12771,771409,27,27,3,8,
2299,13238,771409,21,21,3,8,
2300,21145,771409,33,33,3,9,
2301,11175,771409,3,4,4,8,
2302,9671,771409,13,13,3,8,
2303,13432,771409,17,17,3,8,
2304,8643,771409,19,19,3,9,
2305,13514,771409,31,31,3,7,
2306,8705,771409,3,4,4,9,
2307,14820,771409,27,27,3,8,
2308,9961,771409,3,4,4,9,
2309,6292,771409,13,13,3,8,
2310,8177,771409,3,4,4,8,
2311,12798,771409,25,25,3,8,
2312,7371,771409,19,19,3,9,
2313,6871,771409,3,4,4,8,
2314,9453,771409,3,4,4,8,
2315,8709,771409,13,13,3,8,
2316,16752,771409,25,25,3,7,
2317,16419,771409,33,33,3,8,
2318,6690,771409,3,4,4,9,
2319,15407,771409,33,33,3,8,
2320,738,771409,3,4,4,8,
2321,6998,771409,13,13,3,8,
2322,12645,771409,23,23,3,7,
2323,2980,771409,3,4,4,8,
2324,3497,771409,3,4,4,8,
2325,9598,771409,21,21,3,7,
2326,1990,771409,3,4,4,7,
2327,11105,771409,3,4,4,8,
2328,10091,771409,3,4,4,8,
2329,11194,771409,21,21,3,9,
2330,10978,771409,3,4,4,8,
2331,7432,771409,15,15,3,9,
2332,2660,771409,3,4,4,6,
2333,16840,771409,33,33,3,7,
2334,12026,771409,27,27,3,8,
2335,13424,771409,31,31,3,8,
2336,10512,771409,25,25,3,8,
2337,14373,771409,3,4,4,9,
2338,15575,771409,3,4,4,8,
2339,8945,771409,3,4,4,8,
2340,10968,771409,3,4,4,9,
2341,4368,771409,13,13,3,9,
2342,5090,771409,3,4,4,9,
2343,11108,771409,13,13,3,8,
2344,8936,771409,17,17,3,8,
2345,13973,771409,25,25,3,8,
2346,14674,771409,3,4,4,9,
2347,14428,771409,21,21,3,9,
2348,20357,771409,33,33,3,8,
2349,21048,771409,33,33,3,9,
2350,6320,771409,13,13,3,9,
2351,10990,771409,21,21,3,9,
2352,9932,771409,19,19,3,9,
2353,1071,771409,3,4,4,8,
2354,11181,771409,23,23,3,9,
2355,11586,771409,3,4,4,8,
2356,22926,771409,19,19,3,9,
2357,6362,771409,13,13,3,9,
2358,6859,771409,3,4,4,8,
2359,8227,771409,3,4,4,8,
2360,7681,771409,19,19,3,8,
2361,12397,771409,31,31,3,9,
2362,17437,771409,27,27,3,8,
2363,8458,771409,17,17,3,8,
2364,17787,771409,3,4,4,8,
2365,9434,771409,3,4,4,9,
2366,2757,771409,3,4,4,8,
2367,12522,771409,27,27,3,8,
2368,3039,771409,3,4,4,8,
2369,9316,771409,17,17,3,8,
2370,9601,771409,23,23,3,9,
2371,9161,771409,3,4,4,8,
2372,16059,771409,33,33,3,8,
2373,3685,771409,3,4,4,8,
2374,19914,771409,33,33,3,8,
2375,6602,771409,19,19,3,7,
2376,18486,771409,3,4,4,7,
2377,12023,771409,3,4,4,8,
2378,12880,771409,23,23,3,7,
2379,13863,771409,25,25,3,7,
2380,12803,771409,3,4,4,7,
2381,2112,771409,3,4,4,8,
2382,7002,771409,17,17,3,8,
2383,7109,771409,3,4,4,8,
2384,22337,771409,21,21,3,9,
2385,11612,771409,17,17,3,7,
2386,12008,771409,3,4,4,8,
2387,16802,771409,25,25,3,7,
2388,11596,771409,21,21,3,7,
2389,18600,771409,27,27,3,6,
2390,16378,771409,27,27,3,7,
2391,18579,771409,3,4,4,7,
2392,1236,771409,3,4,4,8,
2393,2660,771409,3,4,4,8,
2394,1451,771409,3,4,4,7,
2395,8068,771409,15,15,3,7,
2396,15593,771409,29,29,3,7,
2397,10070,771409,27,27,3,8,
2398,15165,771409,29,29,3,9,
2399,4885,771409,3,4,4,9,
2400,5101,771409,3,4,4,7,
2401,10937,771409,3,4,4,8,
2402,1167,771409,3,4,4,8,
2403,14741,771409,33,33,3,7,
2404,9041,771409,21,21,3,7,
2405,11893,771409,23,23,3,8,
2406,14864,771409,3,4,4,8,
2407,15210,771409,33,33,3,8,
2408,15478,771409,3,4,4,8,
2409,6160,771409,3,4,4,8,
2410,1698,771409,3,4,4,8,
2411,9356,771409,21,21,3,8,
2412,13821,771409,13,13,3,8,
2413,1479,771409,3,4,4,8,
2414,13294,771409,21,21,3,8,
2415,17288,771409,31,31,3,8,
2416,6559,771409,17,17,3,8,
2417,21568,771409,33,33,3,9,
2418,9155,771409,17,17,3,8,
2419,8890,771409,3,4,4,8,
2420,8128,771409,19,19,3,8,
2421,7233,771409,23,23,3,7,
2422,6232,771409,13,13,3,8,
2423,9562,771409,3,4,4,8,
2424,2068,771409,3,4,4,7,
2425,12094,771409,3,4,4,8,
2426,2337,771409,3,4,4,8,
2427,2269,771409,3,4,4,7,
2428,10040,771409,23,23,3,8,
2429,2692,771409,3,4,4,8,
2430,10342,771409,19,19,3,7,
2431,11077,771409,3,4,4,8,
2432,1465,771409,3,4,4,7,
2433,19999,771409,31,31,3,8,
2434,9896,771409,3,4,4,8,
2435,21023,771409,3,4,4,9,
2436,1037,771409,3,4,4,8,
2437,2393,771409,3,4,4,9,
2438,1685,771409,3,4,4,9,
2439,17370,771409,31,31,3,8,
2440,20578,771409,31,31,3,8,
2441,2004,771409,3,4,4,7,
2442,3059,771409,3,4,4,7,
2443,13671,771409,25,25,3,8,
2444,1270,771409,3,4,4,8,
2445,3147,771409,3,4,4,8,
2446,8170,771409,13,13,3,8,
2447,15738,771409,23,23,3,9,
2448,28059,771409,31,31,3,6,
2449,2115,771409,3,4,4,9,
2450,1405,771409,3,4,4,9,
2451,7750,771409,13,13,3,8,
2452,6605,771409,13,13,3,8,
2453,10691,771409,21,21,3,9,
2454,1913,771409,3,4,4,8,
2455,14046,771409,29,29,3,7,
2456,13162,771409,31,31,3,6,
2457,12777,771409,21,21,3,8,
2458,13270,771409,19,19,3,6,
2459,8538,771409,3,4,4,8,
2460,13738,771409,3,4,4,6,
2461,14099,771409,3,4,4,6,
2462,10076,771409,3,4,4,7,
2463,14872,771409,27,27,3,9,
2464,7337,771409,13,13,3,6,
2465,11433,771409,13,13,3,6,
2466,18979,771409,31,31,3,5,
2467,16547,771409,27,27,3,5,
2468,14883,771409,17,17,3,6,
2469,19675,771409,33,33,3,6,
2470,20113,771409,29,29,3,7,
2471,18114,771409,3,4,4,8,
2472,23597,771409,31,31,3,8,
2473,14683,771409,21,21,3,8,
2474,12308,771409,3,4,4,9,
2475,12900,771409,3,4,4,9,
2476,10671,771409,3,4,4,8,
2477,21103,771409,25,25,3,8,
2478,20907,771409,29,29,3,9,
2479,34718,771409,21,21,3,8,
2480,2268,771409,3,4,4,8,
2481,15092,771409,23,23,3,8,
2482,10552,771409,15,15,3,8,
2483,19552,771409,27,27,3,8,
2484,17492,771409,21,21,3,8,
2485,14603,771409,17,17,3,8,
2486,3338,771409,3,4,4,9,
2487,2563,771409,3,4,4,9,
2488,18579,771409,15,15,3,9,
2489,12912,771409,19,19,3,8,
2490,16915,771409,23,23,3,8,
2491,11491,771409,15,15,3,8,
2492,24433,771409,33,33,3,3,
2493,11349,771409,3,4,4,8,
2494,1325,771409,3,4,4,8,
2495,2939,771409,3,4,4,9,
2496,2290,771409,3,4,4,8,
2497,16969,771409,25,25,3,7,
2498,14207,771409,23,23,3,7,
2499,14550,771409,3,4,4,5,
2500,11279,771409,19,19,3,8,
2501,7988,771409,3,4,4,7,
2502,11047,771409,3,4,4,5,
2503,9112,771409,21,21,3,6,
2504,8398,771409,3,4,4,5,
2505,1182,771409,3,4,4,1,
2506,19531,771409,29,29,3,4,
2507,21216,771409,3,4,4,5,
2508,21949,771409,31,31,3,6,
2509,2782,771409,3,4,4,6,
2510,10213,771409,19,19,3,6,
2511,1037,771409,3,4,4,7,
2512,14951,771409,23,23,3,7,
2513,33204,771409,31,31,3,7,
2514,20630,771409,3,4,4,8,
2515,2386,771409,3,4,4,9,
2516,2924,771409,3,4,4,8,
2517,8721,771409,23,23,3,8,
2518,1877,771409,3,4,4,9,
2519,25993,771409,33,33,3,9,
2520,10706,771409,13,13,3,8,
2521,36061,771409,23,23,3,8,
2522,7838,771409,17,17,3,8,
2523,17975,771409,23,23,3,8,
2524,14800,771409,3,4,4,8,
2525,2465,771409,3,4,4,8,
2526,4586,771409,13,13,3,8,
2527,1438,771409,3,4,4,8,
2528,3952,771409,3,4,4,8,
2529,11432,771409,23,23,3,8,
2530,11656,771409,3,4,4,8,
2531,12980,771409,3,4,4,8,
2532,1893,771409,3,4,4,8,
2533,10796,771409,19,19,3,8,
2534,11991,771409,3,4,4,9,
2535,41887,771409,31,31,3,8,
2536,37427,771409,31,31,3,7,
2537,1610,771409,3,4,4,8,
2538,20708,771409,3,4,4,7,
2539,26407,771409,27,27,3,8,
2540,25825,771409,3,4,4,7,
2541,3807,771409,3,4,4,8,
2542,14832,771409,19,19,3,7,
2543,35410,771409,29,29,3,9,
2544,38191,771409,23,23,3,8,
2545,10812,771409,13,13,3,8,
2546,33236,771409,21,21,3,6,
2547,26573,771409,29,29,3,7,
2548,25130,771409,31,31,3,8,
2549,2806,771409,3,4,4,7,
2550,3838,771409,3,4,4,8,
2551,3382,771409,3,4,4,8,
2552,24969,771409,27,27,3,8,
2553,3404,771409,3,4,4,9,
2554,18513,771409,33,33,3,7,
2555,4373,771409,3,4,4,9,
2556,16948,771409,3,4,4,8,
2557,16642,771409,21,21,3,8,
2558,1155,771409,3,4,4,9,
2559,1689,771409,3,4,4,9,
2560,20557,771409,31,31,3,9,
2561,19778,771409,3,4,4,8,
2562,13313,771409,13,13,3,8,
2563,16097,771409,17,17,3,6,
2564,12729,771409,19,19,3,8,
2565,1497,771409,3,4,4,7,
2566,16488,771409,25,25,3,6,
2567,3247,771409,3,4,4,6,
2568,11032,771409,23,23,3,8,
2569,583,771409,3,4,4,6,
2570,12240,771409,3,4,4,6,
2571,8378,771409,3,4,4,7,
2572,10208,771409,13,13,3,7,
2573,11744,771409,3,4,4,6,
2574,2332,771409,3,4,4,8,
2575,3199,771409,3,4,4,7,
2576,12137,771409,27,27,3,9,
2577,5135,771409,3,4,4,5,
2578,24207,771409,15,15,3,8,
2579,9260,771409,3,4,4,6,
2580,21453,771409,3,4,4,5,
2581,3004,771409,3,4,4,6,
2582,6775,771409,13,13,3,7,
2583,13620,771409,33,33,3,7,
2584,9709,771409,17,17,3,8,
2585,12848,771409,3,4,4,8,
2586,6250,771409,3,4,4,8,
2587,11433,771409,15,15,3,9,
2588,24589,771409,27,27,3,8,
2589,22419,771409,25,25,3,7,
2590,23086,771409,3,4,4,8,
2591,20585,771409,31,31,3,9,
2592,28414,771409,27,27,3,8,
2593,11388,771409,19,19,3,8,
2594,20303,771409,25,25,3,9,
2595,25433,771409,27,28,3,9,
2596,26755,771409,31,31,3,8,
2597,8801,771409,17,17,3,8,
2598,12523,771409,13,13,3,9,
2599,25034,771409,31,31,3,7,
2600,6196,771409,13,13,3,8,
2601,19453,771409,3,4,4,8,
2602,20819,771409,27,27,3,8,
2603,25159,771409,3,4,4,8,
2604,12528,771409,23,23,3,8,
2605,16313,771409,3,4,4,8,
2606,5742,771409,15,15,3,8,
2607,2952,771409,3,4,4,9,
2608,2781,771409,3,4,4,9,
2609,8834,771409,21,21,3,8,
2610,9418,771409,3,4,4,9,
2611,4808,771409,3,4,4,8,
2612,3109,771409,3,4,4,8,
2613,15633,771409,23,23,3,8,
2614,2024,771409,3,4,4,8,
2615,15315,771409,3,4,4,7,
2616,1229,771409,3,4,4,7,
2617,4490,771409,3,4,4,8,
2618,3723,771409,3,4,4,8,
2619,16715,771409,31,31,3,8,
2620,22837,771409,27,27,3,4,
2621,16987,771409,3,4,4,8,
2622,3300,771409,3,4,4,8,
2623,17318,771409,21,21,3,7,
2624,17951,771409,31,31,3,5,
2625,13523,771409,21,21,3,7,
2626,16083,771409,21,21,3,6,
2627,7329,771409,21,21,3,9,
2628,2266,771409,3,4,4,8,
2629,2583,771409,3,4,4,8,
2630,6750,771409,3,4,4,5,
2631,8008,771409,25,25,3,4,
2632,6395,771409,15,15,3,3,
2633,7083,771409,29,29,3,3,
2634,880,771409,3,4,4,2,
2635,7887,771409,3,4,4,5,
2636,937,771409,3,4,4,3,
2637,7253,771409,3,4,4,5,
2638,992,771409,3,4,4,5,
2639,3095,771409,3,4,4,5,
2640,43749,771409,25,25,3,6,
2641,42696,771409,3,4,4,5,
2642,1952,771409,3,4,4,6,
2643,6267,771409,17,17,3,7,
2644,2269,771409,3,4,4,7,
2645,6327,771409,3,4,4,7,
2646,4567,771409,3,4,4,8,
2647,5598,771409,3,4,4,7,
2648,45678,771409,17,17,3,6,
2649,21092,771409,19,19,3,9,
2650,44915,771409,3,4,4,5,
2651,25499,771409,23,23,3,8,
2652,2005,771409,3,4,4,8,
2653,20846,771409,21,21,3,6,
2654,17961,771409,23,23,3,8,
2655,18423,771409,17,17,3,7,
2656,16453,771409,27,27,3,8,
2657,5811,771409,3,4,4,7,
2658,1944,771409,3,4,4,6,
2659,19669,771409,31,31,3,4,
2660,1185,771409,3,4,4,6,
2661,2512,771409,3,4,4,6,
2662,17603,771409,3,4,4,3,
2663,6864,771409,3,4,4,8,
2664,12231,771409,17,17,3,5,
2665,10755,771409,19,19,3,6,
2666,4257,771409,3,4,4,8,
2667,4848,771409,13,13,3,0,
2668,1012,771409,3,4,4,1,
2669,26044,771409,33,33,3,3,
2670,621,771409,3,4,4,2,
2671,1409,771409,3,4,4,2,
2672,1968,771409,3,4,4,3,
2673,16843,771409,25,25,3,6,
2674,17157,771409,21,21,3,5,
2675,19691,771409,3,4,4,4,
2676,2077,771409,3,4,4,6,
2677,18210,771409,21,21,3,3,
2678,11844,771409,17,17,3,7,
2679,1515,771409,3,4,4,7,
2680,1999,771409,3,4,4,8,
2681,16492,771409,25,25,3,6,
2682,1531,771409,3,4,4,8,
2683,15453,771409,3,4,4,4,
2684,11044,771409,19,19,3,8,
2685,11675,771409,3,4,4,7,
2686,5386,771409,3,4,4,4,
2687,873,771409,3,4,4,1,
2688,1269,771409,3,4,4,1,
2689,2309,771409,3,4,4,2,
2690,1258,771409,3,4,4,2,
2691,14266,771409,25,25,3,5,
2692,1049,771409,3,4,4,3,
2693,8673,771409,13,13,3,5,
2694,17937,771409,13,13,3,6,
2695,15697,771409,3,4,4,6,
2696,20845,771409,29,29,3,5,
2697,20315,771409,21,21,3,6,
2698,19850,771409,33,33,3,7,
2699,14869,771409,17,17,3,7,
2700,2069,771409,3,4,4,8,
2701,2800,771409,3,4,4,8,
2702,26296,771409,25,25,3,8,
2703,26837,771409,3,4,4,8,
2704,30086,771409,27,27,3,8,
2705,22334,771409,21,21,3,9,
2706,12091,771409,21,21,3,8,
2707,20122,771409,3,4,4,8,
2708,2233,771409,3,4,4,8,
2709,2744,771409,3,4,4,7,
2710,15814,771409,25,25,3,8,
2711,19091,771409,21,21,3,8,
2712,14254,771409,23,23,3,8,
2713,15504,771409,3,4,4,9,
2714,35742,771409,31,31,3,8,
2715,24562,771409,29,29,3,8,
2716,15448,771409,21,21,3,9,
2717,27392,771409,31,31,3,8,
2718,3561,771409,3,4,4,7,
2719,34910,771409,31,31,3,8,
2720,2320,771409,3,4,4,7,
2721,16546,771409,29,29,3,9,
2722,24047,771409,29,29,3,7,
2723,26530,771409,3,4,4,8,
2724,29455,771409,29,29,3,8,
2725,20622,771409,25,25,3,9,
2726,9432,771409,3,4,4,8,
2727,19021,771409,33,33,3,7,
2728,35613,771409,25,25,3,8,
2729,37652,771409,3,4,4,9,
2730,20607,771409,25,25,3,8,
2731,9362,771409,3,4,4,7,
2732,20269,771409,25,25,3,7,
2733,15797,771409,21,21,3,9,
2734,15814,771409,3,4,4,8,
2735,2287,771409,3,4,4,6,
2736,10507,771409,13,13,3,6,
2737,14230,771409,21,21,3,7,
2738,33825,771409,27,27,3,6,
2739,32720,771409,33,33,3,8,
2740,21683,771409,33,33,3,7,
2741,1392,771409,3,4,4,7,
2742,23721,771409,33,33,3,4,
2743,17503,771409,3,4,4,8,
2744,22802,771409,3,4,4,6,
2745,23724,771409,33,33,3,4,
2746,3171,771409,3,4,4,8,
2747,17890,771409,29,29,3,8,
2748,976,771409,3,4,4,8,
2749,14841,771409,23,23,3,7,
2750,15337,771409,3,4,4,6,
2751,2396,771409,3,4,4,4,
2752,1597,771409,3,4,4,0,
2753,754,771409,3,4,4,1,
2754,4836,771409,25,25,3,1,
2755,1663,771409,3,4,4,1,
2756,779,771409,3,4,4,2,
2757,2557,771409,3,4,4,1,
2758,1488,771409,3,4,4,1,
2759,702,771409,3,4,4,1,
2760,949,771409,3,4,4,1,
2761,16787,771409,23,23,3,1,
2762,6474,771409,27,27,3,3,
2763,13855,771409,17,17,3,3,
2764,5929,771409,3,4,4,5,
2765,14141,771409,3,4,4,3,
2766,3612,771409,3,4,4,7,
2767,3834,771409,3,4,4,7,
2768,8997,771409,15,15,3,5,
2769,1955,771409,3,4,4,6,
2770,7711,771409,15,15,3,7,
2771,12552,771409,29,29,3,6,
2772,9009,771409,15,15,3,5,
2773,788,771409,3,4,4,4,
2774,15707,771409,29,29,3,4,
2775,2562,771409,3,4,4,6,
2776,6612,771409,13,13,3,7,
2777,8005,771409,3,4,4,6,
2778,1555,771409,3,4,4,7,
2779,2708,771409,3,4,4,8,
2780,15897,771409,3,4,4,6,
2781,11282,771409,19,19,3,9,
2782,15350,771409,29,29,3,6,
2783,22715,771409,33,33,3,9,
2784,15906,771409,3,4,4,7,
2785,6160,771409,13,13,3,8,
2786,1459,771409,3,4,4,9,
2787,5092,771409,3,4,4,7,
2788,1280,771409,3,4,4,8,
2789,17400,771409,29,29,3,8,
2790,15685,771409,29,29,3,9,
2791,16055,771409,19,19,3,6,
2792,7831,771409,3,4,4,6,
2793,8200,771409,15,15,3,6,
2794,1237,771409,3,4,4,7,
2795,14341,771409,29,29,3,7,
2796,2580,771409,3,4,4,8,
2797,17927,771409,21,21,3,9,
2798,11726,771409,31,31,3,8,
2799,10159,771409,3,4,4,8,
2800,1559,771409,3,4,4,8,
2801,3384,771409,3,4,4,8,
2802,2472,771409,3,4,4,7,
2803,17898,771409,33,33,3,7,
2804,10819,771409,3,4,4,8,
2805,15597,771409,21,21,3,8,
2806,15832,771409,3,4,4,7,
2807,16391,771409,29,29,3,8,
2808,13146,771409,21,21,3,7,
2809,909,771409,3,4,4,8,
2810,12319,771409,19,19,3,8,
2811,18472,771409,25,25,3,8,
2812,20732,771409,31,31,3,5,
2813,15089,771409,23,24,3,7,
2814,11918,771409,17,17,3,9,
2815,8740,771409,13,13,3,7,
2816,5529,771409,13,13,3,8,
2817,9529,771409,3,4,4,3,
2818,7015,771409,3,4,4,5,
2819,6127,771409,3,4,4,6,
2820,6001,771409,3,4,4,5,
2821,1471,771409,3,4,4,1,
2822,904,771409,3,4,4,2,
2823,17940,771409,31,31,3,5,
2824,16745,771409,27,27,3,6,
2825,19499,771409,29,29,3,5,
2826,7920,771409,13,13,3,5,
2827,20163,771409,27,27,3,6,
2828,12568,771409,15,15,3,7,
2829,20381,771409,3,4,4,7,
2830,14549,771409,3,4,4,8,
2831,9639,771409,19,19,3,8,
2832,969,771409,3,4,4,8,
2833,1668,771409,3,4,4,8,
2834,8614,771409,17,17,3,8,
2835,14520,771409,19,19,3,9,
2836,2009,771409,3,4,4,8,
2837,18976,771409,25,25,3,9,
2838,5135,771409,3,4,4,8,
2839,30045,771409,31,31,3,8,
2840,26067,771409,23,23,3,9,
2841,9540,771409,19,19,3,9,
2842,2661,771409,3,4,4,8,
2843,22065,771409,25,25,3,9,
2844,2646,771409,3,4,4,9,
2845,2978,771409,3,4,4,9,
2846,9615,771409,13,13,3,8,
2847,10129,771409,15,15,3,8,
2848,15361,771409,19,19,3,9,
2849,9545,771409,3,4,4,9,
2850,16399,771409,3,4,4,8,
2851,24845,771409,33,33,3,8,
2852,6375,771409,3,4,4,8,
2853,13786,771409,23,23,3,8,
2854,11181,771409,23,23,3,9,
2855,13458,771409,3,4,4,8,
2856,12949,771409,15,15,3,8,
2857,13744,771409,15,16,3,9,
2858,1306,771409,3,4,4,9,
2859,15378,771409,23,23,3,8,
2860,1288,771409,3,4,4,9,
2861,29883,771409,31,31,3,7,
2862,26580,771409,19,19,3,9,
2863,1231,771409,3,4,4,9,
2864,31021,771409,33,33,3,8,
2865,23497,771409,21,21,3,7,
2866,1338,771409,3,4,4,8,
2867,24037,771409,29,29,3,7,
2868,12544,771409,13,13,3,9,
2869,5595,771409,3,4,4,8,
2870,23142,771409,29,29,3,8,
2871,36824,771409,29,29,3,8,
2872,15130,771409,15,15,3,6,
2873,15478,771409,3,4,4,7,
2874,6338,771409,3,4,4,7,
2875,13090,771409,19,19,3,6,
2876,22864,771409,33,33,3,7,
2877,873,771409,3,4,4,6,
2878,17599,771409,33,33,3,7,
2879,7353,771409,15,15,3,7,
2880,1077,771409,3,4,4,6,
2881,15701,771409,21,21,3,8,
2882,2113,771409,3,4,4,8,
2883,15107,771409,3,4,4,7,
2884,30995,771409,29,30,3,8,
2885,2686,771409,3,4,4,9,
2886,9406,771409,19,19,3,8,
2887,8428,771409,3,4,4,9,
2888,14711,771409,3,4,4,9,
2889,18691,771409,27,27,3,8,
2890,1464,771409,3,4,4,9,
2891,23777,771409,31,31,3,8,
2892,36622,771409,25,25,3,8,
2893,18804,771409,33,33,3,8,
2894,23687,771409,29,29,3,8,
2895,19283,771409,3,4,4,8,
2896,23652,771409,3,4,4,8,
2897,13731,771409,21,21,3,8,
2898,17247,771409,33,33,3,9,
2899,2057,771409,3,4,4,9,
2900,1679,771409,3,4,4,8,
2901,18726,771409,27,27,3,7,
2902,2032,771409,3,4,4,8,
2903,20504,771409,3,4,4,8,
2904,18425,771409,31,31,3,7,
2905,5171,771409,3,4,4,9,
2906,7327,771409,15,15,3,8,
2907,15373,771410,27,27,3,8,
2908,2636,771410,3,4,4,9,
2909,2181,771410,3,4,4,8,
2910,3568,771410,3,4,4,9,
2911,9176,771410,19,19,3,8,
2912,2539,771410,3,4,4,8,
2913,8626,771410,3,4,4,8,
2914,10164,771410,25,25,3,8,
2915,11397,771410,3,4,4,8,
2916,10002,771410,3,4,4,8,
2917,776,771410,3,4,4,7,
2918,1874,771410,3,4,4,7,
2919,2850,771410,3,4,4,7,
2920,3848,771410,3,4,4,8,
2921,14540,771410,25,25,3,7,
2922,18002,771410,21,21,3,7,
2923,21293,771410,33,33,3,8,
2924,18323,771410,25,25,3,8,
2925,2014,771410,3,4,4,7,
2926,16285,771410,31,31,3,8,
2927,11775,771410,15,15,3,8,
2928,8300,771410,13,13,3,8,
2929,18043,771410,3,4,4,9,
2930,20569,771410,25,25,3,8,
2931,7532,771410,3,4,4,9,
2932,10738,771410,23,23,3,8,
2933,10901,771410,3,4,4,8,
2934,12136,771410,3,4,4,8,
2935,8466,771410,3,4,4,8,
2936,18177,771410,29,29,3,8,
2937,19488,771410,3,4,4,8,
2938,2872,771410,3,4,4,9,
2939,13365,771410,27,27,3,9,
2940,12819,771410,23,23,3,8,
2941,12468,771410,3,4,4,8,
2942,8255,771410,21,21,3,8,
2943,13603,771410,23,23,3,8,
2944,19873,771410,25,25,3,8,
2945,3255,771410,3,4,4,9,
2946,11938,771410,27,27,3,9,
2947,22717,771410,23,23,3,9,
2948,12889,771410,3,4,4,9,
2949,15002,771410,27,27,3,8,
2950,14815,771410,29,29,3,7,
2951,14948,771410,3,4,4,7,
2952,3149,771410,3,4,4,9,
2953,18436,771410,15,15,3,8,
2954,10966,771410,21,21,3,9,
2955,13602,771410,3,4,4,9,
2956,16919,771410,29,29,3,9,
2957,17466,771410,23,23,3,8,
2958,17911,771410,21,21,3,9,
2959,8462,771410,3,4,4,7,
2960,9485,771410,15,15,3,7,
2961,9048,771410,25,25,3,8,
2962,11017,771410,3,4,4,8,
2963,20536,771410,25,25,3,9,
2964,20232,771410,3,4,4,8,
2965,11349,771410,19,19,3,8,
2966,2817,771410,3,4,4,9,
2967,2313,771410,3,4,4,7,
2968,13896,771410,21,21,3,8,
2969,12077,771410,19,19,3,8,
2970,17963,771410,27,27,3,8,
2971,3449,771410,3,4,4,8,
2972,11848,771410,13,13,3,8,
2973,25250,771410,29,29,3,9,
2974,2040,771410,3,4,4,9,
2975,1763,771410,3,4,4,8,
2976,1637,771410,3,4,4,8,
2977,26819,771410,19,19,3,7,
2978,14560,771410,17,17,3,8,
2979,29946,771410,29,29,3,9,
2980,19730,771410,21,21,3,8,
2981,9090,771410,17,17,3,8,
2982,7882,771410,17,17,3,9,
2983,19214,771410,23,23,3,8,
2984,18399,771410,29,29,3,9,
2985,14298,771410,3,4,4,8,
2986,11278,771410,23,23,3,8,
2987,12754,771410,19,19,3,8,
2988,8085,771410,13,13,3,9,
2989,8817,771410,3,4,4,9,
2990,10591,771410,17,17,3,8,
2991,3025,771410,3,4,4,8,
2992,11812,771410,13,13,3,8,
2993,14113,771410,25,25,3,7,
2994,28912,771410,25,25,3,8,
2995,10814,771410,3,4,4,7,
2996,22684,771410,17,17,3,7,
2997,25572,771410,25,25,3,8,
2998,7295,771410,13,13,3,9,
2999,10480,771410,17,17,3,8,
3000,6077,771410,3,4,4,8,
3001,14731,771410,27,27,3,9,
3002,19676,771410,3,4,4,8,
3003,27126,771410,29,29,3,8,
3004,15959,771410,33,33,3,8,
3005,14160,771410,17,17,3,9,
3006,20769,771410,27,27,3,8,
3007,22591,771410,33,33,3,8,
3008,22847,771410,23,23,3,8,
3009,8752,771410,17,17,3,9,
3010,12298,771410,3,4,4,8,
3011,12732,771410,19,19,3,8,
3012,18728,771410,27,27,3,9,
3013,997,771410,3,4,4,8,
3014,12281,771410,15,15,3,8,
3015,21004,771410,17,17,3,9,
3016,16800,771410,23,23,3,8,
3017,14152,771410,21,21,3,9,
3018,20914,771410,31,31,3,8,
3019,1251,771410,3,4,4,8,
3020,10613,771410,21,21,3,8,
3021,20149,771410,27,27,3,8,
3022,9557,771410,3,4,4,9,
3023,8876,771410,3,4,4,9,
3024,2426,771410,3,4,4,8,
3025,9465,771410,15,15,3,9,
3026,2177,771410,3,4,4,7,
3027,9694,771410,3,4,4,8,
3028,11582,771410,3,4,4,8,
3029,1518,771410,3,4,4,8,
3030,15481,771410,29,29,3,9,
3031,2034,771410,3,4,4,8,
3032,18084,771410,23,23,3,9,
3033,15827,771410,23,23,3,8,
3034,25278,771410,29,29,3,9,
3035,31432,771410,29,29,3,9,
3036,17043,771410,25,25,3,8,
3037,12954,771410,17,17,3,8,
3038,13573,771410,3,4,4,8,
3039,5197,771410,13,13,3,8,
3040,9771,771410,15,15,3,8,
3041,4960,771410,3,4,4,9,
3042,5501,771410,3,4,4,8,
3043,16064,771410,25,25,3,8,
3044,15072,771410,29,29,3,8,
3045,7224,771410,15,15,3,8,
3046,8263,771410,3,4,4,8,
3047,1900,771410,3,4,4,9,
3048,4368,771410,3,4,4,8,
3049,3306,771410,3,4,4,8,
3050,9016,771410,3,4,4,9,
3051,3912,771410,3,4,4,9,
3052,3479,771410,3,4,4,8,
3053,18976,771410,33,33,3,8,
3054,12505,771410,17,17,3,8,
3055,12627,771410,19,19,3,8,
3056,2108,771410,3,4,4,8,
3057,6325,771410,13,13,3,9,
3058,12238,771410,31,31,3,8,
3059,12706,771410,3,4,4,8,
3060,8561,771410,3,4,4,8,
3061,1362,771410,3,4,4,8,
3062,14383,771410,3,4,4,9,
3063,6054,771410,15,15,3,7,
3064,7476,771410,3,4,4,9,
3065,5889,771410,3,4,4,8,
3066,9694,771410,21,21,3,8,
3067,4248,771410,3,4,4,8,
3068,14663,771410,31,31,3,8,
3069,9651,771410,3,4,4,8,
3070,8998,771410,17,17,3,8,
3071,19569,771410,13,13,3,7,
3072,17011,771410,33,33,3,8,
3073,18430,771410,3,4,4,8,
3074,14248,771410,27,27,3,8,
3075,6786,771410,3,4,4,9,
3076,12369,771410,3,4,4,8,
3077,2171,771410,3,4,4,8,
3078,1871,771410,3,4,4,8,
3079,2556,771410,3,4,4,8,
3080,5623,771410,13,13,3,8,
3081,3776,771410,3,4,4,9,
3082,6635,771410,17,17,3,7,
3083,2930,771410,3,4,4,9,
3084,10580,771410,21,21,3,9,
3085,1804,771410,3,4,4,9,
3086,2571,771410,3,4,4,8,
3087,15876,771410,19,19,3,9,
3088,2176,771410,3,4,4,7,
3089,2854,771410,3,4,4,7,
3090,8211,771410,13,13,3,8,
3091,12955,771410,13,13,3,8,
3092,21532,771410,23,23,3,8,
3093,40606,771410,21,21,3,6,
3094,7437,771410,3,4,4,7,
3095,21366,771410,3,4,4,8,
3096,4633,771410,3,4,4,8,
3097,31177,771410,25,25,3,9,
3098,18244,771410,17,17,3,8,
3099,18113,771410,3,4,4,8,
3100,978,771410,3,4,4,8,
3101,722,771410,3,4,4,8,
3102,47417,771410,23,23,3,9,
3103,23863,771410,19,19,3,8,
3104,23316,771410,3,4,4,8,
3105,28513,771410,29,29,3,9,
3106,737,771410,3,4,4,8,
3107,36850,771410,25,25,3,8,
3108,681,771410,3,4,4,7,
3109,28345,771410,21,21,3,8,
3110,1231,771410,3,4,4,8,
3111,49901,771410,27,27,3,8,
3112,35019,771410,21,21,3,8,
3113,2851,771410,3,4,4,7,
3114,2401,771410,3,4,4,6,
3115,17547,771410,3,4,4,7,
3116,22743,771410,19,19,3,7,
3117,20912,771410,17,17,3,8,
3118,25942,771410,3,4,4,8,
3119,18648,771410,3,4,4,8,
3120,26761,771410,17,17,3,8,
3121,1685,771410,3,4,4,8,
3122,30174,771410,31,31,3,8,
3123,21159,771410,21,21,3,8,
3124,32901,771410,3,4,4,9,
3125,1008,771410,3,4,4,7,
3126,1888,771410,3,4,4,7,
3127,18454,771410,17,17,3,8,
3128,30774,771410,29,29,3,6,
3129,2672,771410,3,4,4,8,
3130,17290,771410,3,4,4,8,
3131,3569,771410,3,4,4,9,
3132,2920,771410,3,4,4,8,
3133,3142,771410,3,4,4,8,
3134,19806,771410,23,23,3,7,
3135,2966,771410,3,4,4,8,
3136,38789,771410,33,33,3,9,
3137,1499,771410,3,4,4,8,
3138,38398,771410,3,4,4,8,
3139,13850,771410,13,13,3,8,
3140,14528,771410,3,4,4,7,
3141,16555,771410,13,13,3,8,
3142,13355,771410,19,19,3,7,
3143,2913,771410,3,4,4,9,
3144,2128,771410,3,4,4,8,
3145,15057,771410,21,21,3,7,
3146,14314,771410,3,4,4,7,
3147,1023,771410,3,4,4,6,
3148,1525,771410,3,4,4,6,
3149,20493,771410,21,21,3,6,
3150,1283,771410,3,4,4,7,
3151,20437,771410,3,4,4,6,
3152,14625,771410,23,23,3,8,
3153,1468,771410,3,4,4,8,
3154,17367,771410,23,23,3,8,
3155,1654,771410,3,4,4,9,
3156,1445,771410,3,4,4,8,
3157,1701,771410,3,4,4,8,
3158,19175,771410,29,29,3,8,
3159,9725,771410,15,15,3,8,
3160,1086,771410,3,4,4,8,
3161,1710,771410,3,4,4,8,
3162,14086,771410,19,19,3,8,
3163,8017,771410,19,19,3,7,
3164,5790,771410,3,4,4,6,
3165,1811,771410,3,4,4,9,
3166,17672,771410,25,25,3,8,
3167,9610,771410,3,4,4,8,
3168,20584,771410,33,33,3,7,
3169,1706,771410,3,4,4,6,
3170,5985,771410,15,15,3,7,
3171,7516,771410,3,4,4,8,
3172,1293,771410,3,4,4,7,
3173,2904,771410,3,4,4,8,
3174,1589,771410,3,4,4,7,
3175,3276,771410,3,4,4,8,
3176,2846,771410,3,4,4,8,
3177,15083,771410,31,31,3,8,
3178,3136,771410,3,4,4,8,
3179,17210,771410,23,23,3,8,
3180,14223,771410,3,4,4,7,
3181,7813,771410,3,4,4,8,
3182,9870,771410,19,19,3,9,
3183,16487,771410,3,4,4,8,
3184,26951,771410,27,27,3,7,
3185,29273,771410,29,29,3,6,
3186,6943,771410,3,4,4,8,
3187,13339,771410,29,29,3,9,
3188,21511,771410,3,4,4,6,
3189,16634,771410,33,33,3,6,
3190,1505,771410,3,4,4,8,
3191,2171,771410,3,4,4,8,
3192,13935,771410,23,23,3,7,
3193,16810,771410,33,33,3,5,
3194,9393,771410,19,19,3,8,
3195,10475,771410,3,4,4,8,
3196,23068,771410,13,13,3,9,
3197,13444,771410,23,23,3,9,
3198,21180,771410,33,33,3,6,
3199,714,771410,3,4,4,4,
3200,15326,771410,23,23,3,7,
3201,1365,771410,3,4,4,6,
3202,3602,771410,3,4,4,7,
3203,10696,771410,17,17,3,7,
3204,14376,771410,3,4,4,8,
3205,21236,771410,29,29,3,8,
3206,15956,771410,31,31,3,8,
3207,19244,771410,23,23,3,9,
3208,1084,771410,3,4,4,9,
3209,1675,771410,3,4,4,9,
3210,1860,771410,3,4,4,8,
3211,3639,771410,13,13,3,8,
3212,4280,771410,3,4,4,8,
3213,15228,771410,13,13,3,8,
3214,10862,771410,23,23,3,8,
3215,13887,771410,17,17,3,8,
3216,11263,771410,3,4,4,9,
3217,1770,771410,3,4,4,9,
3218,20695,771410,25,25,3,9,
3219,20688,771410,3,4,4,9,
3220,9419,771410,19,19,3,8,
3221,7221,771410,3,4,4,9,
3222,1686,771410,3,4,4,7,
3223,25249,771410,31,31,3,7,
3224,1758,771410,3,4,4,9,
3225,26528,771410,3,4,4,7,
3226,10840,771410,17,17,3,8,
3227,14877,771410,23,23,3,8,
3228,15041,771410,3,4,4,9,
3229,1817,771410,3,4,4,9,
3230,4289,771410,3,4,4,8,
3231,11070,771410,21,21,3,9,
3232,18417,771410,25,25,3,9,
3233,15598,771410,21,21,3,8,
3234,27251,771410,25,25,3,8,
3235,9306,771410,17,17,3,8,
3236,13063,771410,3,4,4,9,
3237,24654,771410,3,4,4,7,
3238,2166,771410,3,4,4,9,
3239,24462,771410,23,23,3,7,
3240,25840,771410,3,4,4,6,
3241,1721,771410,3,4,4,7,
3242,4167,771410,3,4,4,8,
3243,20923,771410,27,27,3,6,
3244,12088,771410,23,23,3,8,
3245,13476,771410,15,15,3,7,
3246,15900,771410,29,29,3,6,
3247,18179,771410,23,23,3,6,
3248,11668,771410,3,4,4,7,
3249,4460,771410,3,4,4,5,
3250,23573,771410,27,27,3,5,
3251,21829,771410,19,19,3,6,
3252,1568,771410,3,4,4,3,
3253,22877,771410,3,4,4,6,
3254,18582,771410,25,25,3,6,
3255,1784,771410,3,4,4,5,
3256,28271,771410,33,33,3,6,
3257,980,771410,3,4,4,6,
3258,1519,771410,3,4,4,6,
3259,28517,771410,3,4,4,7,
3260,2611,771410,3,4,4,7,
3261,997,771410,3,4,4,8,
3262,2770,771410,3,4,4,8,
3263,2028,771410,3,4,4,9,
3264,1775,771410,3,4,4,8,
3265,2256,771410,3,4,4,9,
3266,2544,771410,3,4,4,8,
3267,3221,771410,3,4,4,8,
3268,2236,771410,3,4,4,7,
3269,16770,771410,23,23,3,7,
3270,6376,771410,15,15,3,8,
3271,59672,771410,31,31,3,8,
3272,15455,771410,15,15,3,8,
3273,57336,771410,21,21,3,9,
3274,67498,771410,27,27,3,9,
3275,57050,771410,17,17,3,8,
3276,58079,771410,23,23,3,9,
3277,58937,771410,3,4,4,9,
3278,57684,771410,33,33,3,8,
3279,57173,771410,27,27,3,8,
3280,58704,771410,17,17,3,8,
3281,58311,771410,3,4,4,8,
3282,10249,771410,17,17,3,8,
3283,26044,771410,19,19,3,8,
3284,10285,771410,3,4,4,9,
3285,1219,771410,3,4,4,8,
3286,1160,771410,3,4,4,8,
3287,2196,771410,3,4,4,8,
3288,14813,771410,31,31,3,7,
3289,1981,771410,3,4,4,8,
3290,3547,771410,3,4,4,8,
3291,14962,771410,3,4,4,8,
3292,3584,771410,3,4,4,7,
3293,17119,771410,3,4,4,8,
3294,19853,771410,31,31,3,9,
3295,9986,771410,17,17,3,8,
3296,15118,771410,31,31,3,9,
3297,18268,771410,3,4,4,7,
3298,19256,771410,27,27,3,8,
3299,19879,771410,17,17,3,8,
3300,11941,771410,3,4,4,8,
3301,2269,771410,3,4,4,9,
3302,22736,771410,19,19,3,8,
3303,3556,771410,3,4,4,8,
3304,17179,771410,21,21,3,8,
3305,25494,771410,25,25,3,8,
3306,20792,771410,19,19,3,8,
3307,26958,771410,13,13,3,8,
3308,25246,771410,31,31,3,7,
3309,25321,771410,3,4,4,7,
3310,25068,771410,29,29,3,8,
3311,8098,771410,17,17,3,9,
3312,20046,771410,31,31,3,8,
3313,11423,771410,19,19,3,8,
3314,27261,771410,29,29,3,8,
3315,29637,771410,3,4,4,9,
3316,6400,771410,3,4,4,7,
3317,33444,771410,27,27,3,9,
3318,890,771410,3,4,4,6,
3319,15471,771410,15,15,3,6,
3320,15947,771410,17,17,3,6,
3321,31033,771410,3,4,4,7,
3322,42993,771410,33,33,3,8,
3323,57228,771410,21,21,3,8,
3324,12330,771410,23,23,3,8,
3325,22890,771410,29,29,3,8,
3326,20083,771410,29,29,3,8,
3327,5264,771410,3,4,4,7,
3328,17139,771410,3,4,4,8,
3329,30120,771410,13,13,3,9,
3330,2207,771410,3,4,4,8,
3331,3644,771410,3,4,4,8,
3332,1061,771410,3,4,4,7,
3333,13758,771410,23,23,3,8,
3334,3446,771410,3,4,4,8,
3335,49055,771410,27,27,3,9,
3336,11022,771410,3,4,4,8,
3337,20492,771410,31,31,3,9,
3338,23600,771410,29,29,3,8,
3339,21995,771410,3,4,4,8,
3340,23715,771410,15,15,3,7,
3341,11625,771410,23,23,3,8,
3342,13295,771410,3,4,4,9,
3343,14205,771410,3,4,4,8,
3344,15060,771410,17,17,3,9,
3345,34985,771410,33,33,3,8,
3346,2724,771410,3,4,4,9,
3347,21761,771410,21,21,3,7,
3348,1922,771410,3,4,4,8,
3349,24763,771410,19,19,3,8,
3350,30898,771410,33,33,3,8,
3351,10466,771410,19,19,3,6,
3352,9263,771410,23,23,3,8,
3353,27277,771410,29,29,3,7,
3354,16063,771410,17,17,3,8,
3355,6650,771410,3,4,4,8,
3356,570,771410,3,4,4,7,
3357,15364,771410,21,21,3,7,
3358,8172,771410,3,4,4,8,
3359,15783,771410,3,4,4,8,
3360,12283,771410,3,4,4,7,
3361,3639,771410,3,4,4,8,
3362,6421,771410,13,13,3,8,
3363,8323,771410,3,4,4,6,
3364,2972,771410,3,4,4,9,
3365,3325,771410,3,4,4,8,
3366,2686,771410,3,4,4,7,
3367,4088,771410,3,4,4,7,
3368,53149,771410,25,25,3,8,
3369,3326,771410,3,4,4,6,
3370,14404,771410,19,19,3,8,
3371,16643,771410,31,31,3,8,
3372,58566,771410,31,31,3,2,
3373,53487,771410,29,29,3,4,
3374,1058,771410,3,4,4,5,
3375,727,771410,3,4,4,5,
3376,52924,771410,25,25,3,5,
3377,785,771410,3,4,4,6,
3378,3308,771410,3,4,4,7,
3379,51313,771410,29,29,3,5,
3380,1658,771410,3,4,4,7,
3381,47086,771410,31,31,3,3,
3382,42603,771410,19,19,3,8,
3383,43458,771410,3,4,4,7,
3384,36412,771410,19,19,3,8,
3385,37578,771410,21,21,3,5,
3386,4911,771410,3,4,4,3,
3387,1739,771410,3,4,4,2,
3388,3116,771410,3,4,4,3,
3389,1236,771410,3,4,4,2,
3390,23422,771410,27,27,3,5,
3391,23870,771410,29,29,3,5,
3392,32318,771410,27,27,3,6,
3393,33471,771410,29,29,3,6,
3394,35822,771410,3,4,4,7,
3395,21803,771410,21,21,3,7,
3396,23297,771410,3,4,4,6,
3397,27309,771410,33,33,3,8,
3398,21786,771410,3,4,4,7,
3399,31707,771410,33,33,3,8,
3400,10229,771410,3,4,4,7,
3401,1475,771410,3,4,4,8,
3402,22751,771410,31,31,3,6,
3403,23438,771410,3,4,4,6,
3404,17420,771410,29,29,3,8,
3405,17159,771410,3,4,4,8,
3406,6979,771410,3,4,4,8,
3407,24741,771410,27,27,3,6,
3408,33180,771410,23,23,3,4,
3409,17006,771410,19,19,3,6,
3410,2144,771410,3,4,4,8,
3411,18227,771410,23,23,3,6,
3412,20123,771410,23,23,3,6,
3413,2149,771410,3,4,4,4,
3414,5558,771410,3,4,4,3,
3415,12183,771410,3,4,4,1,
3416,1077,771410,3,4,4,3,
3417,1374,771410,3,4,4,2,
3418,1454,771410,3,4,4,2,
3419,3057,771410,3,4,4,2,
3420,10441,771410,3,4,4,0,
3421,1230,771410,3,4,4,0,
3422,1940,771410,3,4,4,0,
3423,24145,771410,23,23,3,4,
3424,43689,771410,31,31,3,3,
3425,110306,771410,33,33,3,5,
3426,39814,771410,23,23,3,6,
3427,27763,771410,17,17,3,6,
3428,27471,771410,23,23,3,6,
3429,36964,771410,13,13,3,6,
3430,27923,771410,25,25,3,7,
3431,87495,771410,15,15,3,8,
3432,92393,771410,21,21,3,9,
3433,17741,771410,3,4,4,7,
3434,94586,771410,27,27,3,8,
3435,56006,771410,23,23,3,9,
3436,91325,771410,29,29,3,7,
3437,65011,771410,3,4,4,7,
3438,82653,771410,23,23,3,8,
3439,44450,771410,3,4,4,8,
3440,88116,771410,31,31,3,8,
3441,26391,771410,15,15,3,9,
3442,44890,771410,31,31,3,8,
3443,20586,771411,3,4,4,9,
3444,28974,771411,33,33,3,8,
3445,28938,771411,3,4,4,9,
3446,22153,771411,27,27,3,9,
3447,23396,771411,3,4,4,8,
3448,12450,771411,21,21,3,9,
3449,11945,771411,3,4,4,8,
3450,5589,771411,3,4,4,8,
3451,12805,771411,25,25,3,8,
3452,9012,771411,13,13,3,7,
3453,12841,771411,3,4,4,8,
3454,2366,771411,3,4,4,8,
3455,4343,771411,3,4,4,8,
3456,2274,771411,3,4,4,8,
3457,3358,771411,3,4,4,8,
3458,7118,771411,3,4,4,8,
3459,4205,771411,3,4,4,8,
3460,17239,771411,25,25,3,9,
3461,12463,771411,19,19,3,8,
3462,38098,771411,33,33,3,7,
3463,19535,771411,25,25,3,8,
3464,12334,771411,3,4,4,9,
3465,26001,771411,27,27,3,8,
3466,24711,771411,25,25,3,8,
3467,24955,771411,3,4,4,8,
3468,11268,771411,15,15,3,9,
3469,12520,771411,3,4,4,8,
3470,16059,771411,15,15,3,8,
3471,18529,771411,19,19,3,9,
3472,19609,771411,23,23,3,8,
3473,24276,771411,19,19,3,9,
3474,42421,771411,33,33,3,8,
3475,42229,771411,31,31,3,8,
3476,7916,771411,3,4,4,8,
3477,1993,771411,3,4,4,9,
3478,61524,771411,31,31,3,8,
3479,2733,771411,3,4,4,9,
3480,5794,771411,3,4,4,8,
3481,5799,771411,3,4,4,8,
3482,3848,771411,3,4,4,8,
3483,34323,771411,29,29,3,8,
3484,27756,771411,29,29,3,7,
3485,20073,771411,21,21,3,8,
3486,1007,771411,3,4,4,7,
3487,22181,771411,23,23,3,8,
3488,2332,771411,3,4,4,8,
3489,11842,771411,15,15,3,9,
3490,11289,771411,3,4,4,8,
3491,20595,771411,3,4,4,9,
3492,10792,771411,13,13,3,8,
3493,9439,771411,13,13,3,7,
3494,41989,771411,33,33,3,8,
3495,38220,771411,27,27,3,7,
3496,37583,771411,33,33,3,8,
3497,32303,771411,21,21,3,8,
3498,38693,771411,3,4,4,7,
3499,30063,771411,17,17,3,8,
3500,26553,771411,15,15,3,8,
3501,31800,771411,19,19,3,8,
3502,39488,771411,29,29,3,9,
3503,11305,771411,3,4,4,9,
3504,4629,771411,3,4,4,8,
3505,2550,771411,3,4,4,8,
3506,15860,771411,17,17,3,8,
3507,20144,771411,21,21,3,8,
3508,16949,771411,13,13,3,9,
3509,15608,771411,13,13,3,8,
3510,3450,771411,3,4,4,8,
3511,1696,771411,3,4,4,8,
3512,15011,771411,17,17,3,9,
3513,15473,771411,19,19,3,9,
3514,11018,771411,15,15,3,7,
3515,2222,771411,3,4,4,9,
3516,18475,771411,25,25,3,8,
3517,15919,771411,3,4,4,9,
3518,6862,771411,3,4,4,8,
3519,15460,771411,27,27,3,8,
3520,14814,771411,3,4,4,7,
3521,12455,771411,17,17,3,7,
3522,3789,771411,3,4,4,8,
3523,17910,771411,23,23,3,8,
3524,11175,771411,3,4,4,7,
3525,1885,771411,3,4,4,8,
3526,16456,771411,3,4,4,8,
3527,3009,771411,3,4,4,9,
3528,2958,771411,3,4,4,9,
3529,3930,771411,3,4,4,7,
3530,1720,771411,3,4,4,8,
3531,2736,771411,3,4,4,8,
3532,31353,771411,29,29,3,8,
3533,16253,771411,15,15,3,8,
3534,21723,771411,27,27,3,8,
3535,1913,771411,3,4,4,7,
3536,30553,771411,3,4,4,8,
3537,16477,771411,3,4,4,8,
3538,1742,771411,3,4,4,8,
3539,20134,771411,21,21,3,8,
3540,9313,771411,15,15,3,8,
3541,30580,771411,29,29,3,8,
3542,25438,771411,25,25,3,8,
3543,41511,771411,21,21,3,9,
3544,25027,771411,27,27,3,9,
3545,16367,771411,25,25,3,8,
3546,10448,771411,15,15,3,8,
3547,1287,771411,3,4,4,8,
3548,2143,771411,3,4,4,9,
3549,19219,771411,21,21,3,9,
3550,16559,771411,23,23,3,9,
3551,4123,771411,3,4,4,7,
3552,2588,771411,3,4,4,9,
3553,2553,771411,3,4,4,7,
3554,15042,771411,17,17,3,8,
3555,2185,771411,3,4,4,7,
3556,12393,771411,21,21,3,7,
3557,4975,771411,3,4,4,8,
3558,15073,771411,3,4,4,8,
3559,17374,771411,17,17,3,9,
3560,16791,771411,3,4,4,9,
3561,15928,771411,29,29,3,9,
3562,16083,771411,21,21,3,9,
3563,12514,771411,21,21,3,8,
3564,13192,771411,3,4,4,8,
3565,5248,771411,3,4,4,8,
3566,20150,771411,21,21,3,8,
3567,21155,771411,3,4,4,8,
3568,25938,771411,33,33,3,9,
3569,15310,771411,25,25,3,8,
3570,25601,771411,3,4,4,9,
3571,18339,771411,23,23,3,8,
3572,2255,771411,3,4,4,8,
3573,12540,771411,19,19,3,8,
3574,11989,771411,17,17,3,8,
3575,14285,771411,25,25,3,8,
3576,12435,771411,3,4,4,8,
3577,5084,771411,3,4,4,7,
3578,12199,771411,15,15,3,8,
3579,4019,771411,3,4,4,9,
3580,2077,771411,3,4,4,8,
3581,2357,771411,3,4,4,8,
3582,4146,771411,3,4,4,9,
3583,35316,771411,33,33,3,7,
3584,18372,771411,21,21,3,8,
3585,24455,771411,31,31,3,8,
3586,28347,771411,31,31,3,7,
3587,25106,771411,3,4,4,8,
3588,16400,771411,23,23,3,9,
3589,11401,771411,13,13,3,9,
3590,2139,771411,3,4,4,9,
3591,2468,771411,3,4,4,8,
3592,1690,771411,3,4,4,8,
3593,28512,771411,3,4,4,7,
3594,29327,771411,31,31,3,7,
3595,17470,771411,19,19,3,9,
3596,15829,771411,3,4,4,8,
3597,1444,771411,3,4,4,8,
3598,3963,771411,3,4,4,8,
3599,1412,771411,3,4,4,8,
3600,36737,771411,29,29,3,8,
3601,4453,771411,3,4,4,8,
3602,26274,771411,27,27,3,9,
3603,4880,771411,3,4,4,9,
3604,9132,771411,17,17,3,6,
3605,3678,771411,3,4,4,7,
3606,26309,771411,19,19,3,8,
3607,24535,771411,3,4,4,7,
3608,1005,771411,3,4,4,7,
3609,35021,771411,29,29,3,7,
3610,35709,771411,3,4,4,8,
3611,28944,771411,29,29,3,7,
3612,20483,771411,21,21,3,7,
3613,13028,771411,17,17,3,8,
3614,13882,771411,3,4,4,8,
3615,5768,771411,3,4,4,7,
3616,23231,771411,31,31,3,8,
3617,13369,771411,19,19,3,8,
3618,1801,771411,3,4,4,8,
3619,3600,771411,3,4,4,8,
3620,18705,771411,23,23,3,8,
3621,8704,771411,3,4,4,8,
3622,14950,771411,21,21,3,9,
3623,17387,771411,17,17,3,8,
3624,16384,771411,25,25,3,8,
3625,3075,771411,3,4,4,9,
3626,27877,771411,27,27,3,9,
3627,11624,771411,3,4,4,8,
3628,27909,771411,3,4,4,8,
3629,11708,771411,21,21,3,9,
3630,12306,771411,3,4,4,9,
3631,4691,771411,3,4,4,7,
3632,880,771411,3,4,4,7,
3633,2170,771411,3,4,4,8,
3634,25029,771411,29,29,3,7,
3635,1650,771411,3,4,4,7,
3636,24773,771411,31,31,3,7,
3637,26006,771411,3,4,4,7,
3638,898,771411,3,4,4,7,
3639,17156,771411,21,21,3,8,
3640,17151,771411,19,19,3,8,
3641,27713,771411,31,31,3,8,
3642,13641,771411,19,19,3,8,
3643,11918,771411,17,17,3,8,
3644,3107,771411,3,4,4,7,
3645,3781,771411,3,4,4,8,
3646,8571,771411,13,13,3,8,
3647,2905,771411,3,4,4,8,
3648,43558,771411,17,17,3,8,
3649,2477,771411,3,4,4,8,
3650,3082,771411,3,4,4,9,
3651,9199,771411,13,13,3,8,
3652,3456,771411,3,4,4,8,
3653,40711,771411,3,4,4,8,
3654,55296,771411,29,29,3,8,
3655,42455,771411,3,4,4,8,
3656,14130,771411,17,17,3,9,
3657,21505,771411,3,4,4,8,
3658,55237,771411,3,4,4,8,
3659,39242,771411,3,4,4,9,
3660,57228,771411,19,19,3,8,
3661,24705,771411,3,4,4,9,
3662,73935,771411,31,31,3,8,
3663,16756,771411,3,4,4,8,
3664,66175,771411,33,33,3,9,
3665,4377,771411,3,4,4,8,
3666,27425,771411,3,4,4,9,
3667,37459,771411,33,33,3,8,
3668,56785,771411,3,4,4,8,
3669,3240,771411,3,4,4,9,
3670,35843,771411,33,33,3,9,
3671,35668,771411,3,4,4,9,
3672,3703,771411,3,4,4,9,
3673,34152,771411,31,31,3,8,
3674,13965,771411,13,13,3,9,
3675,3672,771411,3,4,4,9,
3676,26410,771411,31,31,3,9,
3677,21886,771411,25,25,3,8,
3678,17852,771411,3,4,4,9,
3679,8995,771411,3,4,4,7,
3680,3219,771411,3,4,4,9,
3681,3861,771411,3,4,4,9,
3682,3107,771411,3,4,4,8,
3683,21169,771411,31,31,3,7,
3684,650,771411,3,4,4,7,
3685,21093,771411,3,4,4,7,
3686,28015,771411,31,31,3,8,
3687,9476,771411,17,17,3,8,
3688,7246,771411,15,15,3,8,
3689,17877,771411,31,31,3,9,
3690,19127,771411,3,4,4,8,
3691,17222,771411,27,27,3,8,
3692,1352,771411,3,4,4,8,
3693,17322,771411,29,29,3,8,
3694,13018,771411,3,4,4,8,
3695,6408,771411,13,13,3,8,
3696,15873,771411,23,23,3,8,
3697,9761,771411,3,4,4,9,
3698,3303,771411,3,4,4,8,
3699,12668,771411,19,19,3,8,
3700,9078,771411,15,15,3,8,
3701,6168,771411,13,13,3,7,
3702,9431,771411,3,4,4,8,
3703,25025,771411,29,29,3,9,
3704,25695,771411,3,4,4,7,
3705,3190,771411,3,4,4,8,
3706,1435,771411,3,4,4,8,
3707,21989,771411,23,23,3,7,
3708,20145,771411,27,27,3,8,
3709,16511,771411,23,23,3,8,
3710,4648,771411,3,4,4,8,
3711,12345,771411,19,19,3,8,
3712,15715,771411,25,25,3,9,
3713,9850,771411,15,15,3,8,
3714,25945,771411,31,31,3,8,
3715,16166,771411,17,17,3,9,
3716,5564,771411,3,4,4,7,
3717,4283,771411,3,4,4,8,
3718,55800,771411,29,29,3,8,
3719,2177,771411,3,4,4,8,
3720,4735,771411,3,4,4,7,
3721,2991,771411,3,4,4,8,
3722,9754,771411,21,21,3,7,
3723,37502,771411,23,23,3,7,
3724,11040,771411,3,4,4,8,
3725,15346,771411,23,23,3,8,
3726,3931,771411,3,4,4,9,
3727,17464,771411,3,4,4,9,
3728,47257,771411,3,4,4,8,
3729,1913,771411,3,4,4,9,
3730,56301,771411,33,33,3,9,
3731,48448,771411,29,29,3,8,
3732,48699,771411,23,23,3,8,
3733,17107,771411,3,4,4,9,
3734,43775,771411,19,19,3,7,
3735,38438,771411,3,4,4,8,
3736,42983,771411,25,25,3,9,
3737,21963,771411,3,4,4,8,
3738,17358,771411,15,15,3,9,
3739,9562,771411,3,4,4,9,
3740,10404,771411,21,21,3,8,
3741,7081,771411,3,4,4,7,
3742,15357,771411,27,27,3,8,
3743,18023,771411,33,33,3,9,
3744,15485,771411,3,4,4,8,
3745,6402,771411,17,17,3,8,
3746,7421,771411,3,4,4,9,
3747,2331,771411,3,4,4,9,
3748,13348,771411,27,27,3,8,
3749,1529,771411,3,4,4,8,
3750,8958,771411,3,4,4,8,
3751,2397,771411,3,4,4,9,
3752,13282,771411,3,4,4,9,
3753,13486,771411,23,23,3,9,
3754,13737,771411,3,4,4,8,
3755,11847,771411,23,23,3,8,
3756,11782,771411,3,4,4,9,
3757,2902,771411,3,4,4,8,
3758,13258,771411,25,25,3,9,
3759,12872,771411,27,27,3,8,
3760,19878,771411,13,13,3,7,
3761,12193,771411,3,4,4,9,
3762,11403,771411,27,27,3,8,
3763,11944,771411,3,4,4,8,
3764,2379,771411,3,4,4,8,
3765,1595,771411,3,4,4,8,
3766,969,771411,3,4,4,8,
3767,1151,771411,3,4,4,8,
3768,11897,771411,23,23,3,8,
3769,12224,771411,19,19,3,8,
3770,12003,771411,17,17,3,7,
3771,12579,771411,3,4,4,8,
3772,27293,771411,21,21,3,7,
3773,1441,771411,3,4,4,8,
3774,21854,771411,17,17,3,8,
3775,24621,771411,31,31,3,8,
3776,22806,771411,3,4,4,8,
3777,8264,771411,13,13,3,9,
3778,1574,771411,3,4,4,7,
3779,26353,771411,31,31,3,7,
3780,19565,771411,19,19,3,8,
3781,1682,771411,3,4,4,8,
3782,18681,771411,29,29,3,8,
3783,10099,771411,13,13,3,9,
3784,12362,771411,17,17,3,9,
3785,35195,771411,33,33,3,8,
3786,3808,771411,3,4,4,8,
3787,9003,771411,15,15,3,8,
3788,6681,771411,17,17,3,8,
3789,13562,771411,21,21,3,8,
3790,5736,771411,3,4,4,7,
3791,18150,771411,27,27,3,8,
3792,21894,771411,29,29,3,8,
3793,7903,771411,3,4,4,8,
3794,6248,771411,13,13,3,8,
3795,21544,771411,25,25,3,9,
3796,21399,771411,3,4,4,8,
3797,16559,771411,29,29,3,8,
3798,2348,771411,3,4,4,8,
3799,6156,771411,13,13,3,8,
3800,10523,771411,15,15,3,9,
3801,13756,771411,19,19,3,8,
3802,11219,771411,3,4,4,7,
3803,9163,771411,3,4,4,9,
3804,16445,771411,29,29,3,9,
3805,6059,771411,3,4,4,7,
3806,16479,771411,3,4,4,9,
3807,1389,771411,3,4,4,8,
3808,1837,771411,3,4,4,8,
3809,1726,771411,3,4,4,7,
3810,54044,771411,33,33,3,7,
3811,1617,771411,3,4,4,7,
3812,2689,771411,3,4,4,7,
3813,4572,771411,3,4,4,9,
3814,11829,771411,27,27,3,7,
3815,14565,771411,19,19,3,8,
3816,51960,771411,3,4,4,7,
3817,6687,771411,13,13,3,7,
3818,45696,771411,27,27,3,8,
3819,13081,771411,3,4,4,9,
3820,46234,771411,3,4,4,9,
3821,3048,771411,3,4,4,8,
3822,35963,771411,17,17,3,9,
3823,39593,771411,29,29,3,8,
3824,54271,771411,31,31,3,8,
3825,39139,771411,27,27,3,9,
3826,43657,771411,21,21,3,9,
3827,43725,771411,3,4,4,9,
3828,15273,771411,25,25,3,9,
3829,17586,771411,15,15,3,9,
3830,29961,771411,19,19,3,8,
3831,15592,771411,21,21,3,7,
3832,28158,771411,31,31,3,8,
3833,14971,771411,21,21,3,8,
3834,19181,771411,21,21,3,9,
3835,14556,771411,15,15,3,8,
3836,14118,771411,3,4,4,9,
3837,15085,771411,13,13,3,8,
3838,3036,771411,3,4,4,8,
3839,9550,771411,13,13,3,8,
3840,10684,771411,3,4,4,8,
3841,1953,771411,3,4,4,9,
3842,8704,771411,13,13,3,9,
3843,10630,771411,3,4,4,9,
3844,7271,771411,3,4,4,8,
3845,12422,771411,25,25,3,9,
3846,18005,771411,3,4,4,9,
3847,94601,771411,15,15,3,8,
3848,99846,771411,31,31,3,8,
3849,102204,771411,19,19,3,9,
3850,4822,771411,3,4,4,8,
3851,96590,771411,19,19,3,9,
3852,92457,771411,3,4,4,8,
3853,96857,771411,17,17,3,9,
3854,95132,771411,3,4,4,8,
3855,94527,771411,3,4,4,9,
3856,10542,771411,3,4,4,9,
3857,87118,771411,29,29,3,9,
3858,82269,771411,27,27,3,8,
3859,1608,771411,3,4,4,9,
3860,1787,771411,3,4,4,9,
3861,18436,771411,19,19,3,8,
3862,13572,771411,17,17,3,8,
3863,26758,771411,29,29,3,8,
3864,4312,771411,3,4,4,8,
3865,21669,771411,33,33,3,8,
3866,23673,771411,33,33,3,9,
3867,7670,771411,13,13,3,8,
3868,10187,771411,15,15,3,8,
3869,22203,771411,3,4,4,8,
3870,8167,771411,3,4,4,8,
3871,5854,771411,3,4,4,9,
3872,41459,771411,27,27,3,9,
3873,40602,771411,3,4,4,7,
3874,3588,771411,3,4,4,8,
3875,2333,771411,3,4,4,8,
3876,35699,771411,29,29,3,9,
3877,741,771411,3,4,4,8,
3878,34684,771411,3,4,4,8,
3879,35907,771411,29,29,3,8,
3880,29061,771411,15,15,3,9,
3881,4211,771411,3,4,4,9,
3882,1500,771411,3,4,4,8,
3883,47668,771411,31,31,3,8,
3884,34316,771411,23,23,3,8,
3885,48219,771411,3,4,4,9,
3886,41394,771411,17,17,3,9,
3887,26249,771411,13,13,3,9,
3888,32307,771411,33,33,3,8,
3889,33478,771411,3,4,4,9,
3890,22188,771411,3,4,4,8,
3891,23956,771411,23,23,3,8,
3892,25405,771411,3,4,4,9,
3893,23469,771411,33,33,3,9,
3894,13646,771411,19,19,3,8,
3895,2652,771411,3,4,4,8,
3896,19496,771411,33,33,3,9,
3897,2337,771411,3,4,4,9,
3898,18894,771411,3,4,4,8,
3899,2358,771411,3,4,4,8,
3900,11647,771411,25,25,3,9,
3901,1767,771411,3,4,4,8,
3902,10788,771411,3,4,4,8,
3903,1609,771411,3,4,4,9,
3904,10173,771411,23,23,3,8,
3905,10920,771411,23,23,3,9,
3906,13546,771411,21,21,3,9,
3907,13566,771411,3,4,4,8,
3908,1795,771411,3,4,4,9,
3909,1957,771411,3,4,4,9,
3910,22159,771411,31,31,3,8,
3911,22078,771411,3,4,4,8,
3912,14835,771411,31,31,3,9,
3913,17908,771411,33,33,3,8,
3914,13961,771411,27,27,3,8,
3915,15563,771411,31,31,3,8,
3916,16908,771411,25,25,3,9,
3917,31367,771411,25,25,3,9,
3918,16508,771411,27,27,3,9,
3919,16420,771411,3,4,4,9,
3920,22564,771411,31,31,3,8,
3921,4675,771411,3,4,4,9,
3922,19586,771411,3,4,4,8,
3923,12369,771411,21,21,3,8,
3924,2360,771411,3,4,4,8,
3925,12478,771411,3,4,4,8,
3926,9674,771411,13,13,3,9,
3927,16979,771411,31,31,3,8,
3928,9874,771411,3,4,4,9,
3929,20491,771411,23,23,3,8,
3930,8927,771411,21,21,3,9,
3931,21317,771411,24,25,3,8,
3932,11494,771411,19,19,3,8,
3933,13243,771411,17,17,3,8,
3934,11065,771411,3,4,4,8,
3935,16147,771411,23,23,3,9,
3936,2951,771411,3,4,4,9,
3937,1879,771411,3,4,4,9,
3938,2552,771411,3,4,4,8,
3939,23567,771411,33,33,3,9,
3940,2799,771411,3,4,4,8,
3941,14341,771411,25,25,3,7,
3942,17340,771411,23,23,3,8,
3943,17897,771411,3,4,4,8,
3944,2137,771411,3,4,4,7,
3945,7568,771411,19,19,3,7,
3946,6282,771411,3,4,4,7,
3947,22743,771411,33,33,3,8,
3948,8323,771411,3,4,4,7,
3949,1419,771411,3,4,4,7,
3950,9734,771411,19,19,3,8,
3951,1202,771411,3,4,4,6,
3952,10376,771411,19,19,3,7,
3953,1056,771411,3,4,4,7,
3954,1268,771411,3,4,4,8,
3955,1436,771411,3,4,4,8,
3956,20930,771411,29,29,3,8,
3957,1346,771411,3,4,4,8,
3958,20608,771411,3,4,4,7,
3959,22857,771411,31,31,3,8,
3960,12075,771411,23,23,3,8,
3961,10204,771411,17,17,3,9,
3962,16822,771411,33,33,3,8,
3963,15435,771411,29,29,3,7,
3964,6992,771411,3,4,4,8,
3965,18935,771411,31,31,3,8,
3966,2364,771411,3,4,4,9,
3967,5451,771411,13,13,3,8,
3968,2132,771411,3,4,4,8,
3969,11522,771411,3,4,4,8,
3970,2143,771411,3,4,4,9,
3971,23552,771411,31,31,3,8,
3972,23741,771411,3,4,4,9,
3973,11335,771411,19,19,3,9,
3974,15141,771411,17,17,3,8,
3975,26814,771411,19,19,3,8,
3976,10935,771411,13,13,3,8,
3977,15317,771411,3,4,4,8,
3978,947,771411,3,4,4,8,
3979,1378,771411,3,4,4,8,
3980,9461,771411,17,17,3,7,
3981,8958,771411,15,15,3,8,
3982,10527,771411,21,21,3,8,
3983,17302,771412,29,29,3,8,
3984,6818,771412,3,4,4,8,
3985,9482,771412,13,13,3,9,
3986,1118,771412,3,4,4,8,
3987,12613,771412,19,19,3,8,
3988,1592,771412,3,4,4,8,
3989,17265,771412,25,25,3,8,
3990,24767,771412,29,29,3,7,
3991,11533,771412,21,21,3,7,
3992,13358,771412,21,21,3,8,
3993,14451,771412,23,23,3,9,
3994,21673,771412,13,13,3,8,
3995,5132,771412,3,4,4,8,
3996,1362,771412,3,4,4,8,
3997,2542,771412,3,4,4,8,
3998,2551,771412,3,4,4,8,
3999,2470,771412,3,4,4,8,
4000,14851,771412,31,31,3,8,
4001,11824,771412,3,4,4,7,
4002,7154,771412,15,15,3,8,
4003,10950,771412,21,21,3,8,
4004,6512,771412,3,4,4,8,
4005,3854,771412,3,4,4,8,
4006,10667,771412,3,4,4,8,
4007,2134,771412,3,4,4,8,
4008,12971,771412,25,25,3,7,
4009,1099,771412,3,4,4,8,
4010,4552,771412,13,13,3,8,
4011,1330,771412,3,4,4,8,
4012,2385,771412,3,4,4,8,
4013,6403,771412,13,13,3,7,
4014,2096,771412,3,4,4,8,
4015,8611,771412,21,21,3,7,
4016,1849,771412,3,4,4,8,
4017,2376,771412,3,4,4,8,
4018,6423,771412,3,4,4,7,
4019,7747,771412,3,4,4,6,
4020,2067,771412,3,4,4,7,
4021,14390,771412,31,31,3,8,
4022,18774,771412,31,31,3,8,
4023,2392,771412,3,4,4,7,
4024,9571,771412,17,17,3,8,
4025,16489,771412,27,27,3,7,
4026,11561,771412,17,17,3,7,
4027,16826,771412,3,4,4,7,
4028,8949,771412,15,15,3,7,
4029,14468,771412,29,29,3,7,
4030,15606,771412,29,29,3,8,
4031,8527,771412,3,4,4,9,
4032,5245,771412,3,4,4,8,
4033,15803,771412,33,33,3,9,
4034,9080,771412,3,4,4,9,
4035,15117,771412,25,25,3,8,
4036,17496,771412,21,21,3,8,
4037,17233,771412,29,29,3,7,
4038,12690,771412,21,21,3,8,
4039,10665,771412,17,17,3,7,
4040,26111,771412,33,33,3,8,
4041,10431,771412,3,4,4,8,
4042,22060,771412,25,25,3,8,
4043,22200,771412,3,4,4,8,
4044,15457,771412,17,17,3,9,
4045,6640,771412,3,4,4,8,
4046,5051,771412,3,4,4,8,
4047,1000,771412,3,4,4,8,
4048,1225,771412,3,4,4,7,
4049,8161,771412,15,15,3,7,
4050,3959,771412,3,4,4,8,
4051,9401,771412,19,19,3,8,
4052,17586,771412,27,27,3,9,
4053,8755,771412,3,4,4,8,
4054,15966,771412,27,27,3,8,
4055,8580,771412,17,17,3,8,
4056,10837,771412,3,4,4,8,
4057,15060,771412,27,27,3,8,
4058,3330,771412,3,4,4,8,
4059,2395,771412,3,4,4,8,
4060,10888,771412,15,15,3,7,
4061,3362,771412,3,4,4,8,
4062,25569,771412,29,29,3,8,
4063,26526,771412,3,4,4,8,
4064,16234,771412,27,27,3,8,
4065,6168,771412,3,4,4,9,
4066,24247,771412,25,25,3,8,
4067,14030,771412,21,21,3,8,
4068,2185,771412,3,4,4,8,
4069,20964,771412,21,21,3,9,
4070,2801,771412,3,4,4,9,
4071,2451,771412,3,4,4,8,
4072,16605,771412,21,21,3,8,
4073,19163,771412,27,27,3,9,
4074,19012,771412,33,33,3,8,
4075,27055,771412,21,21,3,8,
4076,10407,771412,3,4,4,8,
4077,8452,771412,3,4,4,9,
4078,6666,771412,13,13,3,9,
4079,6989,771412,3,4,4,7,
4080,11050,771412,21,21,3,8,
4081,5669,771412,3,4,4,9,
4082,2103,771412,3,4,4,8,
4083,10916,771412,3,4,4,8,
4084,10924,771412,25,25,3,9,
4085,15035,771412,33,33,3,8,
4086,11097,771412,3,4,4,8,
4087,2766,771412,3,4,4,8,
4088,12079,771412,23,23,3,8,
4089,5423,771412,13,13,3,8,
4090,11990,771412,3,4,4,8,
4091,5774,771412,3,4,4,8,
4092,10206,771412,21,21,3,9,
4093,1228,771412,3,4,4,8,
4094,5907,771412,13,13,3,8,
4095,6618,771412,3,4,4,8,
4096,20877,771412,33,33,3,8,
4097,1570,771412,3,4,4,8,
4098,2149,771412,3,4,4,9,
4099,19698,771412,3,4,4,8,
4100,12585,771412,27,27,3,9,
4101,12376,771412,3,4,4,9,
4102,1563,771412,3,4,4,8,
4103,8190,771412,15,15,3,8,
4104,3049,771412,3,4,4,8,
4105,6924,771412,15,15,3,8,
4106,11422,771412,25,25,3,8,
4107,8402,771412,3,4,4,8,
4108,1101,771412,3,4,4,9,
4109,2040,771412,3,4,4,9,
4110,2443,771412,3,4,4,9,
4111,18106,771412,33,33,3,9,
4112,16151,771412,33,33,3,8,
4113,11019,771412,17,17,3,9,
4114,4579,771412,3,4,4,9,
4115,1850,771412,3,4,4,8,
4116,10206,771412,3,4,4,9,
4117,19931,771412,31,31,3,8,
4118,20754,771412,3,4,4,8,
4119,1810,771412,3,4,4,9,
4120,1946,771412,3,4,4,8,
4121,7157,771412,17,17,3,9,
4122,15305,771412,21,21,3,8,
4123,13870,771412,19,19,3,8,
4124,9069,771412,23,23,3,8,
4125,1997,771412,3,4,4,9,
4126,11129,771412,31,31,3,8,
4127,11664,771412,3,4,4,8,
4128,9354,771412,3,4,4,8,
4129,1286,771412,3,4,4,9,
4130,1258,771412,3,4,4,9,
4131,5862,771412,3,4,4,7,
4132,14664,771412,27,27,3,8,
4133,19181,771412,25,25,3,9,
4134,1983,771412,3,4,4,7,
4135,18054,771412,33,33,3,8,
4136,2764,771412,3,4,4,8,
4137,1561,771412,3,4,4,7,
4138,3122,771412,3,4,4,8,
4139,17939,771412,23,23,3,7,
4140,14451,771412,21,21,3,8,
4141,720,771412,3,4,4,7,
4142,17733,771412,3,4,4,8,
4143,1447,771412,3,4,4,7,
4144,1878,771412,3,4,4,8,
4145,2639,771412,3,4,4,9,
4146,19744,771412,29,29,3,8,
4147,2127,771412,3,4,4,9,
4148,17164,771412,27,27,3,9,
4149,2295,771412,3,4,4,9,
4150,22513,771412,29,29,3,8,
4151,12630,771412,25,25,3,8,
4152,8186,771412,13,13,3,8,
4153,4008,771412,3,4,4,9,
4154,8955,771412,15,15,3,9,
4155,8206,771412,3,4,4,8,
4156,13806,771412,25,25,3,9,
4157,9346,771412,23,23,3,8,
4158,13307,771412,19,19,3,9,
4159,13071,771412,3,4,4,9,
4160,8938,771412,3,4,4,9,
4161,19922,771412,33,33,3,8,
4162,16626,771412,33,33,3,9,
4163,4700,771412,13,13,3,8,
4164,9724,771412,27,27,3,9,
4165,4153,771412,3,4,4,8,
4166,20374,771412,33,33,3,8,
4167,11796,771412,17,17,3,8,
4168,10187,771412,19,19,3,8,
4169,14357,771412,25,25,3,9,
4170,1893,771412,3,4,4,8,
4171,13673,771412,31,31,3,9,
4172,17505,771412,29,29,3,9,
4173,17452,771412,3,4,4,9,
4174,18998,771412,27,27,3,8,
4175,12915,771412,31,31,3,7,
4176,13871,771412,3,4,4,7,
4177,9105,771412,27,27,3,8,
4178,19586,771412,31,31,3,8,
4179,10500,771412,27,27,3,8,
4180,10748,771412,3,4,4,8,
4181,5499,771412,3,4,4,8,
4182,5005,771412,15,15,3,8,
4183,5300,771412,3,4,4,7,
4184,12381,771412,3,4,4,9,
4185,2529,771412,3,4,4,8,
4186,1950,771412,3,4,4,8,
4187,1976,771412,3,4,4,7,
4188,12949,771412,27,27,3,8,
4189,2251,771412,3,4,4,8,
4190,12374,771412,21,21,3,8,
4191,13953,771412,29,29,3,7,
4192,21782,771412,31,31,3,8,
4193,11828,771412,3,4,4,7,
4194,2025,771412,3,4,4,8,
4195,9756,771412,17,17,3,8,
4196,2357,771412,3,4,4,9,
4197,8633,771412,17,17,3,8,
4198,7484,771412,13,13,3,8,
4199,1910,771412,3,4,4,9,
4200,12345,771412,21,21,3,9,
4201,11830,771412,3,4,4,8,
4202,3927,771412,3,4,4,9,
4203,7445,771412,15,15,3,8,
4204,27454,771412,23,23,3,7,
4205,13620,771412,25,25,3,8,
4206,17304,771412,25,25,3,8,
4207,15771,771412,27,27,3,9,
4208,1734,771412,3,4,4,9,
4209,10424,771412,15,15,3,8,
4210,10427,771412,13,13,3,9,
4211,23497,771412,31,31,3,8,
4212,2017,771412,3,4,4,9,
4213,9710,771412,13,13,3,8,
4214,1690,771412,3,4,4,9,
4215,1706,771412,3,4,4,9,
4216,14286,771412,21,21,3,8,
4217,4821,771412,3,4,4,8,
4218,17948,771412,29,29,3,7,
4219,15932,771412,27,27,3,9,
4220,17457,771412,3,4,4,6,
4221,14729,771412,3,4,4,6,
4222,1939,771412,3,4,4,8,
4223,1760,771412,3,4,4,8,
4224,22627,771412,29,29,3,8,
4225,19514,771412,31,31,3,8,
4226,8287,771412,17,17,3,8,
4227,5999,771412,15,15,3,5,
4228,5918,771412,3,4,4,5,
4229,7296,771412,3,4,4,5,
4230,2035,771412,3,4,4,5,
4231,1556,771412,3,4,4,6,
4232,1215,771412,3,4,4,6,
4233,20516,771412,31,31,3,7,
4234,9376,771412,17,17,3,8,
4235,3083,771412,3,4,4,8,
4236,1097,771412,3,4,4,8,
4237,20058,771412,27,27,3,8,
4238,9250,771412,3,4,4,8,
4239,2924,771412,3,4,4,9,
4240,16844,771412,27,27,3,9,
4241,1785,771412,3,4,4,9,
4242,2713,771412,3,4,4,8,
4243,2515,771412,3,4,4,8,
4244,20660,771412,31,31,3,8,
4245,2671,771412,3,4,4,8,
4246,16093,771412,33,33,3,7,
4247,8825,771412,13,13,3,8,
4248,16093,771412,27,27,3,8,
4249,13750,771412,27,27,3,8,
4250,15285,771412,3,4,4,8,
4251,19685,771412,31,31,3,8,
4252,10296,771412,3,4,4,8,
4253,2769,771412,3,4,4,8,
4254,5363,771412,3,4,4,8,
4255,1809,771412,3,4,4,8,
4256,2309,771412,3,4,4,8,
4257,4148,771412,3,4,4,7,
4258,3219,771412,3,4,4,7,
4259,9188,771412,13,13,3,8,
4260,14126,771412,21,21,3,9,
4261,16183,771412,27,27,3,8,
4262,8068,771412,19,19,3,8,
4263,14716,771412,21,21,3,9,
4264,8455,771412,15,15,3,7,
4265,14621,771412,3,4,4,7,
4266,21356,771412,31,31,3,8,
4267,15625,771412,3,4,4,9,
4268,1585,771412,3,4,4,8,
4269,16335,771412,29,29,3,8,
4270,11572,771412,25,25,3,9,
4271,16296,771412,3,4,4,7,
4272,7495,771412,15,15,3,8,
4273,7792,771412,3,4,4,9,
4274,11336,771412,19,19,3,8,
4275,12654,771412,23,23,3,8,
4276,8855,771412,15,15,3,8,
4277,9475,771412,3,4,4,8,
4278,18412,771412,31,31,3,8,
4279,13333,771412,29,29,3,9,
4280,12768,771412,25,25,3,8,
4281,14420,771412,3,4,4,9,
4282,1979,771412,3,4,4,8,
4283,2203,771412,3,4,4,8,
4284,15872,771412,17,17,3,8,
4285,12504,771412,21,21,3,8,
4286,2031,771412,3,4,4,8,
4287,12214,771412,3,4,4,8,
4288,44956,771412,31,31,3,8,
4289,6187,771412,15,15,3,8,
4290,9168,771412,15,15,3,8,
4291,35994,771412,31,31,3,8,
4292,41457,771412,3,4,4,9,
4293,6795,771412,3,4,4,8,
4294,1505,771412,3,4,4,9,
4295,1563,771412,3,4,4,8,
4296,35817,771412,23,23,3,7,
4297,33996,771412,23,23,3,7,
4298,40369,771412,33,33,3,8,
4299,37662,771412,3,4,4,8,
4300,35877,771412,27,27,3,9,
4301,35406,771412,23,23,3,8,
4302,45842,771412,29,29,3,9,
4303,7031,771412,13,13,3,7,
4304,3224,771412,3,4,4,7,
4305,15563,771412,23,23,3,8,
4306,9356,771412,15,15,3,8,
4307,6940,771412,3,4,4,8,
4308,14944,771412,3,4,4,9,
4309,1179,771412,3,4,4,8,
4310,5780,771412,13,13,3,8,
4311,1698,771412,3,4,4,9,
4312,2786,771412,3,4,4,9,
4313,13637,771412,31,31,3,9,
4314,2339,771412,3,4,4,9,
4315,12050,771412,29,29,3,8,
4316,1337,771412,3,4,4,8,
4317,15367,771412,31,31,3,8,
4318,11088,771412,3,4,4,8,
4319,16183,771412,3,4,4,8,
4320,13462,771412,33,33,3,8,
4321,9548,771412,3,4,4,9,
4322,9286,771412,3,4,4,8,
4323,2183,771412,3,4,4,9,
4324,11789,771412,25,25,3,8,
4325,8489,771412,21,21,3,9,
4326,9799,771412,25,25,3,8,
4327,1959,771412,3,4,4,9,
4328,9741,771412,3,4,4,8,
4329,10185,771412,25,25,3,9,
4330,10144,771412,3,4,4,9,
4331,1351,771412,3,4,4,9,
4332,9278,771412,17,17,3,8,
4333,5351,771412,13,13,3,8,
4334,5566,771412,3,4,4,8,
4335,8970,771412,3,4,4,9,
4336,2920,771412,3,4,4,8,
4337,2398,771412,3,4,4,8,
4338,23351,771412,31,31,3,9,
4339,11251,771412,17,17,3,8,
4340,1602,771412,3,4,4,7,
4341,13677,771412,21,21,3,8,
4342,15133,771412,21,21,3,8,
4343,1792,771412,3,4,4,8,
4344,10296,771412,15,15,3,8,
4345,11502,771412,19,19,3,8,
4346,12632,771412,21,21,3,9,
4347,13578,771412,3,4,4,8,
4348,1656,771412,3,4,4,9,
4349,1116,771412,3,4,4,8,
4350,1280,771412,3,4,4,8,
4351,1174,771412,3,4,4,8,
4352,19403,771412,29,29,3,9,
4353,14777,771412,25,25,3,9,
4354,3277,771412,3,4,4,8,
4355,5087,771412,3,4,4,8,
4356,11681,771412,19,19,3,9,
4357,14694,771412,19,19,3,9,
4358,3177,771412,3,4,4,8,
4359,12476,771412,23,23,3,8,
4360,2362,771412,3,4,4,8,
4361,1706,771412,3,4,4,8,
4362,1987,771412,3,4,4,8,
4363,1815,771412,3,4,4,8,
4364,8695,771412,19,19,3,9,
4365,1944,771412,3,4,4,8,
4366,16164,771412,27,27,3,8,
4367,8927,771412,13,13,3,9,
4368,14725,771412,29,29,3,9,
4369,6542,771412,3,4,4,9,
4370,4037,771412,3,4,4,8,
4371,15696,771412,25,25,3,9,
4372,17736,771412,25,25,3,9,
4373,8058,771412,13,13,3,8,
4374,17716,771412,3,4,4,8,
4375,14838,771412,21,21,3,9,
4376,2306,771412,3,4,4,8,
4377,20135,771412,29,29,3,9,
4378,11000,771412,19,19,3,8,
4379,18685,771412,3,4,4,9,
4380,892,771412,3,4,4,8,
4381,1955,771412,3,4,4,9,
4382,21239,771412,33,33,3,8,
4383,1990,771412,3,4,4,9,
4384,11125,771412,19,19,3,8,
4385,5191,771412,13,13,3,9,
4386,13672,771412,25,25,3,8,
4387,12363,771412,19,19,3,9,
4388,12373,771412,3,4,4,8,
4389,2282,771412,3,4,4,9,
4390,11689,771412,23,23,3,8,
4391,30292,771412,29,29,3,9,
4392,25856,771412,33,33,3,8,
4393,17138,771412,25,25,3,8,
4394,21264,771412,31,31,3,8,
4395,31195,771412,29,29,3,8,
4396,7423,771412,16,17,3,9,
4397,1018,771412,3,4,4,8,
4398,1736,771412,3,4,4,9,
4399,21325,771412,17,17,3,8,
4400,26665,771412,17,17,3,8,
4401,23665,771412,25,25,3,8,
4402,12855,771412,25,25,3,9,
4403,10444,771412,3,4,4,9,
4404,15393,771412,3,4,4,7,
4405,1428,771412,3,4,4,8,
4406,18421,771412,27,27,3,8,
4407,1527,771412,3,4,4,8,
4408,16905,771412,33,33,3,8,
4409,1518,771412,3,4,4,8,
4410,7866,771412,13,13,3,8,
4411,10887,771412,19,19,3,8,
4412,8364,771412,3,4,4,8,
4413,2525,771412,3,4,4,8,
4414,1179,771412,3,4,4,7,
4415,826,771412,3,4,4,6,
4416,15374,771412,27,27,3,8,
4417,2163,771412,3,4,4,7,
4418,1985,771412,3,4,4,8,
4419,7594,771412,3,4,4,7,
4420,12711,771412,19,19,3,7,
4421,2276,771412,3,4,4,7,
4422,1964,771412,3,4,4,8,
4423,13776,771412,23,23,3,8,
4424,7414,771412,13,13,3,9,
4425,4145,771412,3,4,4,7,
4426,16121,771412,21,21,3,8,
4427,15210,771412,31,31,3,8,
4428,11992,771412,17,17,3,8,
4429,17009,771412,33,33,3,9,
4430,17159,771412,3,4,4,8,
4431,4837,771412,15,15,3,8,
4432,10427,771412,3,4,4,8,
4433,6148,771412,3,4,4,8,
4434,1493,771412,3,4,4,9,
4435,7805,771412,15,15,3,9,
4436,7548,771412,17,17,3,8,
4437,8838,771412,23,23,3,8,
4438,10090,771412,23,23,3,8,
4439,6570,771412,3,4,4,8,
4440,7271,771412,19,19,3,8,
4441,18029,771412,17,17,3,8,
4442,7718,771412,3,4,4,9,
4443,2222,771412,3,4,4,8,
4444,3487,771412,3,4,4,8,
4445,8932,771412,17,17,3,8,
4446,22134,771412,29,29,3,7,
4447,8515,771412,3,4,4,8,
4448,6165,771412,17,17,3,8,
4449,7203,771412,15,15,3,9,
4450,7242,771412,13,13,3,8,
4451,20377,771412,3,4,4,8,
4452,17589,771412,29,29,3,9,
4453,7804,771412,15,15,3,9,
4454,14283,771412,31,31,3,8,
4455,22734,771412,33,33,3,8,
4456,6711,771412,17,17,3,8,
4457,22609,771412,3,4,4,9,
4458,12960,771412,3,4,4,8,
4459,4897,771412,15,15,3,9,
4460,14863,771412,23,23,3,8,
4461,6468,771412,3,4,4,8,
4462,17284,771412,23,23,3,9,
4463,10503,771412,15,15,3,8,
4464,13891,771412,25,25,3,8,
4465,1373,771412,3,4,4,8,
4466,6956,771412,15,15,3,8,
4467,9488,771412,3,4,4,7,
4468,1409,771412,3,4,4,9,
4469,1456,771412,3,4,4,9,
4470,2134,771412,3,4,4,9,
4471,9482,771412,15,15,3,9,
4472,10782,771412,19,19,3,8,
4473,9120,771412,17,17,3,9,
4474,6238,771412,3,4,4,8,
4475,827,771412,3,4,4,8,
4476,10838,771412,21,21,3,8,
4477,11055,771412,21,21,3,7,
4478,12375,771412,3,4,4,8,
4479,11552,771412,3,4,4,9,
4480,2988,771412,3,4,4,8,
4481,11287,771412,17,17,3,8,
4482,11295,771412,23,23,3,8,
4483,16943,771412,27,27,3,8,
4484,5791,771412,13,13,3,8,
4485,13860,771412,25,25,3,8,
4486,12435,771412,23,23,3,9,
4487,1288,771412,3,4,4,7,
4488,2279,771412,3,4,4,7,
4489,9696,771412,3,4,4,8,
4490,690,771412,3,4,4,7,
4491,15578,771412,23,23,3,8,
4492,1790,771412,3,4,4,8,
4493,2549,771412,3,4,4,8,
4494,15293,771412,3,4,4,9,
4495,19549,771412,23,23,3,8,
4496,7289,771412,3,4,4,9,
4497,20062,771412,25,25,3,9,
4498,21729,771412,3,4,4,8,
4499,11837,771412,13,13,3,8,
4500,2585,771412,3,4,4,8,
4501,1724,771412,3,4,4,8,
4502,1964,771412,3,4,4,8,
4503,1258,771412,3,4,4,8,
4504,15185,771412,25,25,3,7,
4505,29158,771412,33,33,3,5,
4506,29462,771412,23,23,3,5,
4507,28388,771412,3,4,4,6,
4508,1274,771412,3,4,4,9,
4509,23033,771412,19,19,3,6,
4510,22214,771412,29,29,3,5,
4511,24366,771412,29,29,3,7,
4512,22295,771412,3,4,4,9,
4513,16576,771412,21,21,3,6,
4514,13539,771412,3,4,4,5,
4515,13459,771412,15,15,3,6,
4516,1746,771412,3,4,4,4,
4517,668,771412,3,4,4,5,
4518,14181,771412,25,25,3,6,
4519,1194,771412,3,4,4,7,
4520,1231,771412,3,4,4,7,
4521,9494,771412,17,17,3,8,
4522,2325,771412,3,4,4,8,
4523,13835,771412,31,31,3,8,
4524,14529,771412,3,4,4,8,
4525,11656,771412,23,23,3,7,
4526,14012,771412,3,4,4,7,
4527,15814,771412,31,31,3,7,
4528,3376,771412,3,4,4,9,
4529,11348,771412,27,27,3,8,
4530,7020,771412,15,15,3,9,
4531,5934,771412,3,4,4,9,
4532,4908,771412,3,4,4,8,
4533,2027,771412,3,4,4,9,
4534,7884,771412,13,13,3,8,
4535,2569,771412,3,4,4,8,
4536,7767,771412,3,4,4,8,
4537,10619,771412,17,17,3,8,
4538,5401,771412,3,4,4,7,
4539,2444,771412,3,4,4,8,
4540,1852,771412,3,4,4,7,
4541,11757,771412,19,19,3,8,
4542,2567,771412,3,4,4,8,
4543,7704,771412,15,15,3,8,
4544,1806,771412,3,4,4,7,
4545,7814,771412,15,15,3,8,
4546,12003,771412,27,27,3,8,
4547,13700,771412,33,33,3,7,
4548,14624,771412,3,4,4,8,
4549,11356,771412,3,4,4,8,
4550,9419,771412,19,19,3,8,
4551,9044,771412,3,4,4,9,
4552,6957,771412,21,21,3,8,
4553,1770,771412,3,4,4,9,
4554,6666,771412,15,15,3,8,
4555,6637,771412,3,4,4,8,
4556,5190,771412,3,4,4,8,
4557,15012,771412,25,25,3,8,
4558,6480,771412,19,19,3,9,
4559,6885,771412,3,4,4,8,
4560,28141,771412,27,27,3,8,
4561,2025,771412,3,4,4,9,
4562,1717,771412,3,4,4,8,
4563,12531,771412,25,25,3,7,
4564,4727,771412,13,13,3,8,
4565,8511,771412,15,15,3,8,
4566,18800,771412,33,33,3,8,
4567,4482,771412,3,4,4,8,
4568,11936,771412,21,21,3,9,
4569,1452,771412,3,4,4,8,
4570,1267,771412,3,4,4,8,
4571,1388,771412,3,4,4,8,
4572,18059,771412,25,25,3,7,
4573,13806,771412,25,25,3,8,
4574,18403,771412,3,4,4,9,
4575,11699,771412,29,29,3,9,
4576,5282,771412,3,4,4,9,
4577,10369,771412,27,27,3,8,
4578,8019,771412,3,4,4,9,
4579,18895,771412,33,33,3,9,
4580,17367,771412,31,31,3,8,
4581,1800,771412,3,4,4,8,
4582,13740,771412,23,23,3,8,
4583,14464,771412,3,4,4,8,
4584,1300,771412,3,4,4,8,
4585,1869,771412,3,4,4,8,
4586,10282,771412,23,23,3,8,
4587,1978,771412,3,4,4,9,
4588,5591,771412,15,15,3,8,
4589,11409,771412,23,23,3,9,
4590,9494,771412,23,23,3,8,
4591,12051,771412,3,4,4,8,
4592,8575,771412,3,4,4,8,
4593,5994,771412,3,4,4,8,
4594,9080,771412,21,21,3,8,
4595,8455,771412,25,25,3,8,
4596,10920,771412,23,23,3,8,
4597,1916,771412,3,4,4,8,
4598,2209,771412,3,4,4,7,
4599,16277,771412,33,33,3,8,
4600,10604,771412,3,4,4,8,
4601,17059,771412,31,31,3,8,
4602,7355,771412,23,23,3,8,
4603,15607,771412,3,4,4,8,
4604,7654,771412,3,4,4,8,
4605,15544,771412,3,4,4,8,
4606,6710,771412,15,15,3,8,
4607,15235,771412,33,33,3,9,
4608,15685,771412,31,31,3,8,
4609,2217,771412,3,4,4,9,
4610,24833,771412,29,29,3,8,
4611,2318,771412,3,4,4,8,
4612,7173,771412,13,13,3,8,
4613,7619,771412,3,4,4,8,
4614,16927,771412,31,31,3,8,
4615,2072,771412,3,4,4,9,
4616,2087,771412,3,4,4,7,
4617,1455,771412,3,4,4,9,
4618,9367,771412,17,17,3,8,
4619,9551,771412,17,17,3,8,
4620,12603,771412,3,4,4,8,
4621,11455,771412,23,23,3,8,
4622,6251,771412,13,13,3,9,
4623,13772,771412,29,29,3,8,
4624,14750,771412,3,4,4,9,
4625,11010,771412,3,4,4,8,
4626,2262,771412,3,4,4,9,
4627,4071,771412,3,4,4,8,
4628,1813,771412,3,4,4,9,
4629,7488,771412,13,13,3,9,
4630,8488,771412,19,19,3,9,
4631,915,771412,3,4,4,8,
4632,1555,771412,3,4,4,9,
4633,16310,771412,31,31,3,7,
4634,1351,771412,3,4,4,8,
4635,2247,771412,3,4,4,9,
4636,17371,771412,33,33,3,8,
4637,5722,771412,13,13,3,8,
4638,15037,771412,29,29,3,8,
4639,5640,771412,3,4,4,8,
4640,1881,771412,3,4,4,8,
4641,15260,771412,3,4,4,8,
4642,4037,771412,3,4,4,9,
4643,2444,771412,3,4,4,9,
4644,15264,771412,27,27,3,9,
4645,3257,771412,3,4,4,8,
4646,15279,771412,3,4,4,8,
4647,2720,771412,3,4,4,8,
4648,3784,771412,3,4,4,8,
4649,2019,771412,3,4,4,8,
4650,10534,771412,21,21,3,7,
4651,1039,771412,3,4,4,7,
4652,18173,771412,29,29,3,8,
4653,6767,771412,3,4,4,7,
4654,15265,771412,29,29,3,8,
4655,14287,771412,17,17,3,8,
4656,12880,771412,15,15,3,8,
4657,13453,771412,3,4,4,8,
4658,16498,771412,27,27,3,8,
4659,3265,771412,3,4,4,9,
4660,19238,771412,29,29,3,8,
4661,1603,771412,3,4,4,8,
4662,19444,771412,27,27,3,9,
4663,1864,771412,3,4,4,9,
4664,1556,771412,3,4,4,9,
4665,2078,771412,3,4,4,9,
4666,2009,771412,3,4,4,8,
4667,16666,771412,27,27,3,9,
4668,2502,771412,3,4,4,8,
4669,14597,771412,29,29,3,7,
4670,20430,771412,31,31,3,9,
4671,5777,771412,3,4,4,9,
4672,15105,771412,3,4,4,8,
4673,1246,771412,3,4,4,9,
4674,1703,771412,3,4,4,9,
4675,16372,771412,33,33,3,9,
4676,17490,771412,31,31,3,8,
4677,8223,771412,17,17,3,9,
4678,16172,771412,29,29,3,9,
4679,2008,771412,3,4,4,8,
4680,3230,771412,3,4,4,9,
4681,12259,771412,19,19,3,7,
4682,11421,771412,21,21,3,8,
4683,1944,771412,3,4,4,8,
4684,5536,771412,3,4,4,9,
4685,14185,771412,31,31,3,8,
4686,10634,771412,15,15,3,8,
4687,15768,771412,3,4,4,9,
4688,3003,771412,3,4,4,8,
4689,15126,771412,31,31,3,8,
4690,6704,771412,13,13,3,8,
4691,7070,771412,17,17,3,8,
4692,4331,771412,3,4,4,8,
4693,17153,771412,27,27,3,9,
4694,3184,771412,3,4,4,8,
4695,2682,771412,3,4,4,9,
4696,2086,771412,3,4,4,7,
4697,2767,771412,3,4,4,8,
4698,7773,771412,3,4,4,8,
4699,2092,771412,3,4,4,7,
4700,6026,771412,15,15,3,7,
4701,16682,771412,31,31,3,8,
4702,7874,771412,13,13,3,8,
4703,2627,771412,3,4,4,8,
4704,14098,771412,23,23,3,8,
4705,7297,771412,3,4,4,9,
4706,2033,771412,3,4,4,9,
4707,2386,771412,3,4,4,9,
4708,1992,771412,3,4,4,8,
4709,17801,771412,33,33,3,8,
4710,10187,771412,3,4,4,8,
4711,18853,771412,3,4,4,8,
4712,16821,771412,21,21,3,8,
4713,11868,771412,23,23,3,8,
4714,12872,771412,21,21,3,9,
4715,12753,771412,3,4,4,9,
4716,14345,771412,29,29,3,9,
4717,1489,771412,3,4,4,8,
4718,9792,771412,3,4,4,8,
4719,1785,771412,3,4,4,9,
4720,7047,771412,13,13,3,8,
4721,14951,771412,31,31,3,9,
4722,8554,771412,19,19,3,9,
4723,1933,771412,3,4,4,8,
4724,13493,771412,29,29,3,8,
4725,3433,771412,3,4,4,8,
4726,9063,771412,25,25,3,8,
4727,13100,771412,3,4,4,8,
4728,1976,771412,3,4,4,7,
4729,22261,771412,33,33,3,8,
4730,9343,771412,3,4,4,9,
4731,9720,771412,29,29,3,8,
4732,21102,771412,3,4,4,8,
4733,10014,771412,3,4,4,8,
4734,5018,771412,3,4,4,8,
4735,1508,771412,3,4,4,8,
4736,1515,771412,3,4,4,8,
4737,13727,771412,27,27,3,8,
4738,1651,771412,3,4,4,8,
4739,5919,771412,13,13,3,9,
4740,15406,771412,23,23,3,8,
4741,7951,771412,13,13,3,8,
4742,9800,771412,17,17,3,8,
4743,15571,771412,21,21,3,8,
4744,9766,771412,17,17,3,8,
4745,10303,771412,13,13,3,8,
4746,7261,771412,3,4,4,9,
4747,8086,771412,17,17,3,8,
4748,2704,771412,3,4,4,8,
4749,10578,771412,15,15,3,8,
4750,6168,771412,3,4,4,8,
4751,3008,771412,3,4,4,7,
4752,12317,771412,23,23,3,8,
4753,1820,771412,3,4,4,8,
4754,20186,771412,27,27,3,9,
4755,13966,771412,17,17,3,9,
4756,14526,771412,3,4,4,8,
4757,2433,771412,3,4,4,8,
4758,11197,771412,23,23,3,9,
4759,1787,771412,3,4,4,8,
4760,1789,771412,3,4,4,8,
4761,17129,771412,31,31,3,8,
4762,2520,771412,3,4,4,9,
4763,2458,771412,3,4,4,8,
4764,8281,771412,13,13,3,8,
4765,17265,771412,27,27,3,9,
4766,10744,771412,21,21,3,8,
4767,17768,771412,3,4,4,9,
4768,8404,771412,3,4,4,9,
4769,14187,771412,27,27,3,9,
4770,2265,771412,3,4,4,8,
4771,7375,771412,15,15,3,9,
4772,1165,771412,3,4,4,9,
4773,11107,771412,29,29,3,8,
4774,11795,771412,3,4,4,8,
4775,1978,771412,3,4,4,8,
4776,9359,771412,3,4,4,9,
4777,2349,771412,3,4,4,9,
4778,13584,771412,23,23,3,8,
4779,1811,771412,3,4,4,9,
4780,8937,771412,15,15,3,8,
4781,1449,771412,3,4,4,9,
4782,2306,771412,3,4,4,8,
4783,14288,771412,25,25,3,9,
4784,20110,771412,29,29,3,8,
4785,12862,771412,3,4,4,8,
4786,30253,771412,33,33,3,8,
4787,1930,771412,3,4,4,8,
4788,2779,771412,3,4,4,9,
4789,2148,771412,3,4,4,8,
4790,13523,771412,21,21,3,8,
4791,2016,771412,3,4,4,9,
4792,12447,771412,23,23,3,8,
4793,12822,771412,17,17,3,8,
4794,12188,771412,23,23,3,8,
4795,8952,771412,23,23,3,9,
4796,10452,771412,3,4,4,8,
4797,9756,771412,23,23,3,9,
4798,10679,771412,3,4,4,8,
4799,10765,771412,25,25,3,9,
4800,1023,771412,3,4,4,8,
4801,1686,771412,3,4,4,8,
4802,9994,771412,3,4,4,8,
4803,12187,771412,17,17,3,7,
4804,2072,771412,3,4,4,8,
4805,9609,771412,17,17,3,8,
4806,10753,771412,21,21,3,7,
4807,2652,771412,3,4,4,8,
4808,2424,771412,3,4,4,8,
4809,10305,771412,19,19,3,8,
4810,2637,771412,3,4,4,9,
4811,14650,771412,31,31,3,8,
4812,7894,771412,15,15,3,8,
4813,16987,771412,31,31,3,8,
4814,1570,771412,3,4,4,8,
4815,9155,771412,17,17,3,8,
4816,2009,771412,3,4,4,7,
4817,9347,771412,3,4,4,7,
4818,1409,771412,3,4,4,8,
4819,8593,771412,19,19,3,7,
4820,1621,771412,3,4,4,8,
4821,10148,771412,3,4,4,8,
4822,1012,771412,3,4,4,8,
4823,1296,771412,3,4,4,8,
4824,8307,771412,15,15,3,7,
4825,1064,771412,3,4,4,7,
4826,2337,771412,3,4,4,7,
4827,3138,771412,3,4,4,8,
4828,2448,771412,3,4,4,7,
4829,16578,771412,33,33,3,7,
4830,3162,771412,3,4,4,8,
4831,8714,771412,17,17,3,8,
4832,12976,771412,33,33,3,8,
4833,11584,771412,27,27,3,9,
4834,13663,771412,3,4,4,9,
4835,2335,771412,3,4,4,8,
4836,11293,771412,3,4,4,8,
4837,15319,771412,3,4,4,8,
4838,2109,771412,3,4,4,8,
4839,7889,771412,25,25,3,9,
4840,12191,771412,23,23,3,8,
4841,13309,771412,3,4,4,9,
4842,21016,771412,33,33,3,9,
4843,10924,771412,19,19,3,8,
4844,2259,771412,3,4,4,8,
4845,3144,771412,3,4,4,7,
4846,2560,771412,3,4,4,9,
4847,13062,771412,29,29,3,8,
4848,24938,771412,33,33,3,8,
4849,13247,771412,15,15,3,8,
4850,7336,771412,13,13,3,8,
4851,7324,771412,17,17,3,7,
4852,17459,771412,33,33,3,8,
4853,12436,771412,3,4,4,8,
4854,6685,771412,3,4,4,9,
4855,15205,771412,29,29,3,8,
4856,10414,771412,17,17,3,8,
4857,2304,771412,3,4,4,9,
4858,2530,771412,3,4,4,8,
4859,16795,771412,33,33,3,8,
4860,7536,771412,3,4,4,7,
4861,16536,771412,3,4,4,7,
4862,16118,771412,33,33,3,8,
4863,12358,771412,27,27,3,8,
4864,15722,771412,3,4,4,9,
4865,6837,771412,13,13,3,8,
4866,5294,771412,13,13,3,8,
4867,6184,771412,3,4,4,8,
4868,4777,771412,3,4,4,8,
4869,4205,771412,3,4,4,8,
4870,13991,771412,29,29,3,8,
4871,12835,771412,25,25,3,8,
4872,13887,771412,23,23,3,7,
4873,13274,771412,3,4,4,7,
4874,7323,771412,15,15,3,8,
4875,12787,771412,3,4,4,8,
4876,9004,771412,17,17,3,8,
4877,2126,771412,3,4,4,8,
4878,6727,771412,3,4,4,8,
4879,8688,771412,19,19,3,9,
4880,15054,771412,27,27,3,9,
4881,820,771412,3,4,4,8,
4882,13504,771412,17,17,3,9,
4883,14302,771412,23,23,3,8,
4884,4597,771412,3,4,4,8,
4885,8149,771412,15,15,3,9,
4886,15954,771412,21,21,3,8,
4887,1097,771412,3,4,4,8,
4888,20239,771412,25,25,3,8,
4889,1509,771412,3,4,4,8,
4890,16136,771412,25,25,3,8,
4891,2376,771412,3,4,4,8,
4892,8911,771412,17,17,3,8,
4893,2852,771412,3,4,4,8,
4894,18925,771412,23,23,3,9,
4895,16237,771412,29,29,3,8,
4896,18272,771412,33,33,3,9,
4897,16590,771412,3,4,4,8,
4898,1927,771412,3,4,4,9,
4899,1971,771412,3,4,4,8,
4900,10951,771412,17,17,3,8,
4901,2027,771412,3,4,4,9,
4902,13799,771412,29,29,3,9,
4903,9894,771412,19,19,3,8,
4904,6245,771412,3,4,4,9,
4905,10329,771412,17,17,3,9,
4906,7765,771412,15,15,3,8,
4907,8447,771412,3,4,4,9,
4908,2491,771412,3,4,4,8,
4909,6422,771412,3,4,4,8,
4910,1370,771412,3,4,4,8,
4911,2271,771412,3,4,4,8,
4912,1621,771412,3,4,4,9,
4913,3104,771412,3,4,4,8,
4914,2283,771412,3,4,4,8,
4915,8130,771412,21,21,3,9,
4916,15312,771412,21,21,3,8,
4917,1960,771412,3,4,4,8,
4918,8369,771412,27,27,3,8,
4919,12932,771412,31,31,3,8,
4920,11953,771412,31,31,3,8,
4921,8578,771412,3,4,4,8,
4922,2030,771412,3,4,4,8,
4923,13150,771412,3,4,4,7,
4924,12319,771412,3,4,4,9,
4925,6106,771412,17,17,3,8,
4926,6306,771412,3,4,4,9,
4927,8349,771412,3,4,4,9,
4928,6548,771412,17,17,3,8,
4929,1870,771412,3,4,4,8,
4930,13708,771412,25,25,3,8,
4931,6337,771412,13,13,3,9,
4932,17248,771412,33,33,3,9,
4933,8412,771412,15,15,3,8,
4934,20939,771412,31,31,3,9,
4935,10325,771412,23,23,3,7,
4936,8647,771412,19,19,3,8,
4937,20489,771412,3,4,4,9,
4938,9078,771412,3,4,4,8,
4939,10481,771412,15,15,3,9,
4940,7420,771413,15,15,3,8,
4941,7839,771413,17,17,3,9,
4942,1507,771413,3,4,4,8,
4943,3227,771413,3,4,4,9,
4944,13085,771413,23,23,3,8,
4945,5448,771413,3,4,4,8,
4946,13395,771413,3,4,4,9,
4947,11380,771413,23,23,3,8,
4948,11891,771413,29,29,3,8,
4949,2138,771413,3,4,4,9,
4950,1790,771413,3,4,4,8,
4951,2049,771413,3,4,4,8,
4952,9365,771413,15,15,3,9,
4953,12098,771413,19,19,3,8,
4954,10638,771413,3,4,4,9,
4955,12617,771413,3,4,4,9,
4956,1585,771413,3,4,4,9,
4957,1130,771413,3,4,4,9,
4958,6267,771413,15,15,3,8,
4959,10807,771413,25,25,3,9,
4960,1911,771413,3,4,4,8,
4961,2122,771413,3,4,4,8,
4962,2477,771413,3,4,4,8,
4963,1722,771413,3,4,4,9,
4964,10298,771413,19,19,3,9,
4965,12354,771413,17,17,3,8,
4966,1760,771413,3,4,4,8,
4967,17203,771413,27,27,3,8,
4968,9328,771413,3,4,4,8,
4969,16856,771413,25,25,3,8,
4970,10598,771413,21,21,3,8,
4971,16083,771413,3,4,4,8,
4972,2226,771413,3,4,4,9,
4973,1825,771413,3,4,4,9,
4974,1481,771413,3,4,4,9,
4975,14960,771413,29,29,3,8,
4976,2151,771413,3,4,4,8,
4977,2403,771413,3,4,4,8,
4978,17247,771413,33,33,3,8,
4979,9669,771413,27,27,3,8,
4980,13724,771413,27,27,3,8,
4981,9976,771413,3,4,4,8,
4982,1624,771413,3,4,4,9,
4983,1905,771413,3,4,4,9,
4984,1771,771413,3,4,4,9,
4985,13144,771413,21,21,3,9,
4986,13543,771413,3,4,4,9,
4987,1475,771413,3,4,4,8,
4988,3388,771413,3,4,4,8,
4989,12608,771413,25,25,3,9,
4990,13395,771413,21,21,3,8,
4991,11883,771413,25,25,3,9,
4992,1546,771413,3,4,4,8,
4993,15869,771413,27,27,3,8,
4994,2007,771413,3,4,4,9,
4995,9744,771413,13,13,3,8,
4996,9482,771413,3,4,4,8,
4997,9146,771413,19,19,3,9,
4998,9473,771413,3,4,4,9,
4999,19275,771413,29,29,3,9,
5000,12109,771413,21,21,3,9,
5001,17211,771413,33,33,3,8,
5002,7840,771413,17,17,3,9,
5003,16386,771413,27,27,3,8,
5004,14929,771413,23,23,3,8,
5005,2921,771413,3,4,4,8,
5006,14907,771413,3,4,4,8,
5007,1865,771413,3,4,4,9,
5008,4893,771413,13,13,3,8,
5009,3145,771413,3,4,4,9,
5010,6062,771413,15,15,3,9,
5011,1693,771413,3,4,4,8,
5012,1874,771413,3,4,4,9,
5013,6469,771413,3,4,4,7,
5014,12117,771413,25,25,3,8,
5015,2772,771413,3,4,4,9,
5016,12960,771413,3,4,4,8,
5017,9570,771413,25,25,3,8,
5018,10768,771413,3,4,4,9,
5019,9757,771413,19,19,3,8,
5020,1955,771413,3,4,4,8,
5021,2610,771413,3,4,4,8,
5022,10928,771413,25,25,3,8,
5023,2790,771413,3,4,4,8,
5024,15236,771413,29,29,3,9,
5025,15392,771413,3,4,4,9,
5026,1747,771413,3,4,4,9,
5027,2148,771413,3,4,4,8,
5028,2003,771413,3,4,4,9,
5029,2930,771413,3,4,4,8,
5030,2558,771413,3,4,4,8,
5031,5418,771413,13,13,3,9,
5032,5652,771413,3,4,4,8,
5033,6044,771413,15,15,3,9,
5034,7473,771413,15,15,3,8,
5035,11722,771413,25,25,3,8,
5036,5116,771413,13,13,3,8,
5037,6823,771413,3,4,4,8,
5038,10187,771413,3,4,4,8,
5039,11496,771413,31,31,3,8,
5040,20488,771413,31,31,3,8,
5041,5590,771413,13,13,3,9,
5042,5882,771413,3,4,4,8,
5043,2200,771413,3,4,4,8,
5044,1370,771413,3,4,4,8,
5045,11992,771413,25,25,3,9,
5046,4609,771413,13,13,3,8,
5047,5171,771413,3,4,4,8,
5048,11348,771413,3,4,4,9,
5049,1000,771413,3,4,4,8,
5050,13589,771413,27,27,3,8,
5051,5512,771413,15,15,3,8,
5052,23071,771413,21,21,3,8,
5053,13810,771413,29,29,3,8,
5054,14796,771413,33,33,3,9,
5055,14992,771413,3,4,4,8,
5056,10476,771413,3,4,4,8,
5057,5958,771413,13,13,3,9,
5058,1584,771413,3,4,4,9,
5059,13190,771413,27,27,3,9,
5060,14047,771413,3,4,4,8,
5061,8180,771413,21,21,3,8,
5062,1181,771413,3,4,4,8,
5063,11149,771413,3,4,4,8,
5064,1996,771413,3,4,4,9,
5065,1944,771413,3,4,4,8,
5066,7444,771413,3,4,4,8,
5067,16590,771413,31,31,3,8,
5068,9791,771413,17,17,3,8,
5069,12215,771413,23,23,3,9,
5070,11687,771413,21,21,3,8,
5071,19107,771413,31,31,3,8,
5072,13004,771413,21,21,3,8,
5073,16251,771413,23,23,3,9,
5074,904,771413,3,4,4,8,
5075,20889,771413,15,15,3,9,
5076,7372,771413,15,15,3,9,
5077,10809,771413,19,19,3,8,
5078,16416,771413,33,33,3,9,
5079,14280,771413,3,4,4,8,
5080,11555,771413,23,23,3,9,
5081,6138,771413,13,13,3,8,
5082,9784,771413,3,4,4,9,
5083,10312,771413,19,19,3,8,
5084,3424,771413,3,4,4,8,
5085,1613,771413,3,4,4,8,
5086,10897,771413,19,19,3,8,
5087,17959,771413,25,25,3,8,
5088,10849,771413,3,4,4,8,
5089,11893,771413,31,31,3,8,
5090,7865,771413,15,15,3,9,
5091,8419,771413,3,4,4,8,
5092,12891,771413,21,21,3,8,
5093,11122,771413,21,21,3,9,
5094,21725,771413,33,33,3,9,
5095,21890,771413,3,4,4,9,
5096,1991,771413,3,4,4,8,
5097,1235,771413,3,4,4,8,
5098,6324,771413,13,13,3,8,
5099,5707,771413,15,15,3,9,
5100,21866,771413,27,27,3,7,
5101,6684,771413,3,4,4,8,
5102,24687,771413,29,29,3,7,
5103,2552,771413,3,4,4,8,
5104,15228,771413,21,21,3,9,
5105,11260,771413,19,19,3,8,
5106,19725,771413,25,25,3,6,
5107,23137,771413,33,33,3,8,
5108,14546,771413,25,25,3,9,
5109,19421,771413,3,4,4,7,
5110,16619,771413,33,33,3,9,
5111,17063,771413,3,4,4,8,
5112,6312,771413,3,4,4,8,
5113,14089,771413,31,31,3,9,
5114,10081,771413,3,4,4,6,
5115,17007,771413,33,33,3,7,
5116,17678,771413,33,33,3,7,
5117,15974,771413,23,23,3,7,
5118,41648,771413,29,29,3,8,
5119,1416,771413,3,4,4,9,
5120,1359,771413,3,4,4,9,
5121,15975,771413,31,31,3,9,
5122,5378,771413,13,13,3,9,
5123,2491,771413,3,4,4,8,
5124,18944,771413,21,21,3,8,
5125,958,771413,3,4,4,8,
5126,15454,771413,27,27,3,8,
5127,20471,771413,29,29,3,9,
5128,6845,771413,17,17,3,9,
5129,10247,771413,3,4,4,9,
5130,28438,771413,25,25,3,6,
5131,20865,771413,27,27,3,8,
5132,26025,771413,3,4,4,7,
5133,16382,771413,13,13,3,8,
5134,2448,771413,3,4,4,9,
5135,2278,771413,3,4,4,8,
5136,1354,771413,3,4,4,8,
5137,2060,771413,3,4,4,7,
5138,23484,771413,33,33,3,5,
5139,1306,771413,3,4,4,7,
5140,18950,771413,27,27,3,6,
5141,6590,771413,13,13,3,8,
5142,18712,771413,3,4,4,6,
5143,12457,771413,23,23,3,9,
5144,15746,771413,27,27,3,5,
5145,7476,771413,3,4,4,8,
5146,8833,771413,15,15,3,5,
5147,1303,771413,3,4,4,2,
5148,809,771413,3,4,4,2,
5149,574,771413,3,4,4,2,
5150,840,771413,3,4,4,2,
5151,1627,771413,3,4,4,5,
5152,10175,771413,13,13,3,6,
5153,15709,771413,21,21,3,5,
5154,714,771413,3,4,4,3,
5155,1545,771413,3,4,4,6,
5156,15771,771413,25,25,3,6,
5157,2450,771413,3,4,4,6,
5158,1861,771413,3,4,4,7,
5159,2134,771413,3,4,4,7,
5160,3139,771413,3,4,4,8,
5161,3653,771413,3,4,4,8,
5162,10846,771413,19,19,3,9,
5163,15271,771413,17,17,3,8,
5164,18018,771413,23,23,3,8,
5165,11959,771413,17,17,3,7,
5166,17931,771413,19,19,3,8,
5167,10161,771413,17,17,3,8,
5168,19461,771413,31,31,3,9,
5169,20393,771413,23,23,3,8,
5170,9176,771413,19,19,3,9,
5171,10079,771413,23,23,3,8,
5172,16741,771413,3,4,4,8,
5173,10961,771413,23,23,3,9,
5174,14494,771413,23,23,3,9,
5175,13784,771413,29,29,3,9,
5176,8355,771413,3,4,4,9,
5177,10687,771413,3,4,4,8,
5178,15431,771413,33,33,3,8,
5179,1705,771413,3,4,4,8,
5180,5656,771413,13,13,3,8,
5181,5617,771413,3,4,4,8,
5182,8200,771413,21,21,3,8,
5183,8113,771413,3,4,4,9,
5184,7718,771413,3,4,4,8,
5185,1927,771413,3,4,4,9,
5186,1790,771413,3,4,4,8,
5187,1771,771413,3,4,4,7,
5188,1983,771413,3,4,4,8,
5189,2055,771413,3,4,4,8,
5190,2113,771413,3,4,4,8,
5191,1990,771413,3,4,4,8,
5192,13245,771413,29,29,3,8,
5193,1865,771413,3,4,4,7,
5194,9305,771413,17,17,3,8,
5195,12651,771413,3,4,4,8,
5196,1782,771413,3,4,4,8,
5197,9367,771413,3,4,4,7,
5198,1725,771413,3,4,4,7,
5199,2297,771413,3,4,4,8,
5200,8294,771413,21,21,3,9,
5201,1799,771413,3,4,4,7,
5202,11249,771413,27,27,3,8,
5203,20445,771413,31,31,3,8,
5204,18509,771413,33,33,3,9,
5205,10510,771413,3,4,4,8,
5206,28747,771413,23,23,3,8,
5207,19702,771413,31,31,3,9,
5208,11883,771413,25,25,3,7,
5209,11096,771413,21,21,3,8,
5210,11046,771413,15,15,3,8,
5211,14920,771413,31,31,3,9,
5212,1794,771413,3,4,4,9,
5213,2495,771413,3,4,4,9,
5214,5699,771413,13,13,3,7,
5215,5818,771413,3,4,4,9,
5216,12191,771413,3,4,4,7,
5217,12894,771413,29,29,3,7,
5218,1375,771413,3,4,4,8,
5219,8422,771413,17,17,3,8,
5220,5220,771413,3,4,4,8,
5221,9352,771413,17,17,3,8,
5222,13792,771413,29,29,3,8,
5223,10097,771413,3,4,4,8,
5224,12829,771413,27,27,3,9,
5225,12930,771413,3,4,4,8,
5226,7624,771413,3,4,4,9,
5227,9493,771413,17,17,3,8,
5228,2089,771413,3,4,4,8,
5229,2093,771413,3,4,4,8,
5230,2332,771413,3,4,4,8,
5231,2624,771413,3,4,4,8,
5232,22386,771413,17,17,3,8,
5233,4196,771413,3,4,4,8,
5234,1601,771413,3,4,4,9,
5235,29554,771413,31,31,3,8,
5236,1109,771413,3,4,4,8,
5237,19688,771413,15,15,3,7,
5238,15297,771413,13,13,3,8,
5239,22238,771413,33,33,3,8,
5240,19739,771413,3,4,4,8,
5241,14130,771413,17,17,3,8,
5242,26259,771413,31,31,3,7,
5243,20842,771413,3,4,4,9,
5244,15874,771413,17,17,3,9,
5245,2120,771413,3,4,4,8,
5246,14383,771413,21,21,3,7,
5247,12651,771413,3,4,4,5,
5248,9207,771413,17,17,3,7,
5249,8416,771413,19,19,3,8,
5250,11738,771413,21,21,3,5,
5251,8709,771413,3,4,4,7,
5252,1918,771413,3,4,4,9,
5253,8343,771413,15,15,3,5,
5254,11237,771413,31,31,3,7,
5255,1421,771413,3,4,4,7,
5256,7716,771413,19,19,3,4,
5257,5129,771413,3,4,4,3,
5258,11199,771413,17,17,3,6,
5259,8113,771413,17,17,3,6,
5260,711,771413,3,4,4,5,
5261,1307,771413,3,4,4,5,
5262,5787,771413,3,4,4,6,
5263,2341,771413,3,4,4,6,
5264,8078,771413,3,4,4,6,
5265,1034,771413,3,4,4,6,
5266,15194,771413,27,27,3,7,
5267,15316,771413,31,31,3,7,
5268,9768,771413,19,19,3,8,
5269,11232,771413,25,25,3,8,
5270,29245,771413,21,21,3,8,
5271,27579,771413,29,29,3,9,
5272,780,771413,3,4,4,8,
5273,1766,771413,3,4,4,8,
5274,21079,771413,33,33,3,9,
5275,7983,771413,19,19,3,8,
5276,40876,771413,25,25,3,8,
5277,19227,771413,29,29,3,8,
5278,7033,771413,17,17,3,9,
5279,18236,771413,3,4,4,8,
5280,15074,771413,3,4,4,8,
5281,16561,771413,3,4,4,6,
5282,14918,771413,31,31,3,8,
5283,15918,771413,29,29,3,7,
5284,22288,771413,3,4,4,8,
5285,2640,771413,3,4,4,7,
5286,2401,771413,3,4,4,7,
5287,3149,771413,3,4,4,6,
5288,3000,771413,3,4,4,6,
5289,3271,771413,13,13,3,5,
5290,6956,771413,13,13,3,7,
5291,19148,771413,15,15,3,7,
5292,22825,771413,29,29,3,8,
5293,10184,771413,17,17,3,7,
5294,22910,771413,25,25,3,6,
5295,25682,771413,25,25,3,6,
5296,12865,771413,21,21,3,8,
5297,24743,771413,33,33,3,7,
5298,15713,771413,29,29,3,8,
5299,10239,771413,15,15,3,8,
5300,11664,771413,3,4,4,8,
5301,15497,771413,23,23,3,8,
5302,13166,771413,25,25,3,8,
5303,4052,771413,3,4,4,8,
5304,4802,771413,3,4,4,6,
5305,4836,771413,13,13,3,5,
5306,6116,771413,3,4,4,7,
5307,2571,771413,3,4,4,7,
5308,4684,771413,3,4,4,7,
5309,1735,771413,3,4,4,5,
5310,1065,771413,3,4,4,6,
5311,2771,771413,3,4,4,6,
5312,3002,771413,3,4,4,6,
5313,3230,771413,3,4,4,7,
5314,16852,771413,31,31,3,8,
5315,23144,771413,31,31,3,8,
5316,18828,771413,31,31,3,6,
5317,11089,771413,17,17,3,8,
5318,10746,771413,21,21,3,8,
5319,23680,771413,3,4,4,8,
5320,15516,771413,3,4,4,7,
5321,20438,771413,33,33,3,8,
5322,16649,771413,29,29,3,7,
5323,5282,771413,13,13,3,9,
5324,14633,771413,25,25,3,9,
5325,15001,771413,3,4,4,7,
5326,4349,771413,13,13,3,8,
5327,1006,771413,3,4,4,7,
5328,11789,771413,19,19,3,6,
5329,13587,771413,33,33,3,7,
5330,14254,771413,3,4,4,7,
5331,13827,771413,23,23,3,7,
5332,14872,771413,3,4,4,7,
5333,39859,771413,25,25,3,6,
5334,2584,771413,3,4,4,8,
5335,31142,771413,15,15,3,7,
5336,33552,771413,23,23,3,6,
5337,32544,771413,3,4,4,5,
5338,29275,771413,21,21,3,7,
5339,33003,771413,17,17,3,3,
5340,16016,771413,27,27,3,3,
5341,7129,771413,3,4,4,7,
5342,7981,771413,3,4,4,7,
5343,12572,771413,15,15,3,6,
5344,1619,771413,3,4,4,3,
5345,1400,771413,3,4,4,2,
5346,31520,771413,33,33,3,4,
5347,47588,771413,33,33,3,0,
5348,22721,771413,21,21,3,5,
5349,25485,771413,31,31,3,6,
5350,2930,771413,3,4,4,5,
5351,16101,771413,19,19,3,7,
5352,27326,771413,25,25,3,7,
5353,6462,771413,13,13,3,6,
5354,663,771413,3,4,4,6,
5355,21714,771413,19,19,3,7,
5356,1543,771413,3,4,4,7,
5357,22445,771413,31,31,3,7,
5358,17012,771413,13,13,3,8,
5359,20234,771413,17,18,3,7,
5360,14368,771413,3,4,4,8,
5361,3376,771413,3,4,4,9,
5362,18437,771413,23,23,3,5,
5363,15533,771413,27,27,3,5,
5364,7086,771413,3,4,4,7,
5365,7300,771413,3,4,4,7,
5366,11370,771413,23,23,3,5,
5367,1589,771413,3,4,4,4,
5368,2045,771413,3,4,4,2,
5369,27750,771413,15,15,3,2,
5370,18149,771413,29,29,3,4,
5371,30577,771413,29,29,3,4,
5372,19950,771413,3,4,4,4,
5373,3189,771413,3,4,4,4,
5374,35102,771413,27,27,3,5,
5375,1864,771413,3,4,4,5,
5376,4340,771413,3,4,4,6,
5377,18757,771413,17,17,3,5,
5378,12299,771413,15,15,3,5,
5379,27358,771413,3,4,4,4,
5380,26057,771413,3,4,4,2,
5381,16812,771413,3,4,4,5,
5382,22900,771413,15,15,3,3,
5383,29371,771413,31,31,3,2,
5384,13397,771413,3,4,4,5,
5385,14204,771413,29,29,3,3,
5386,6260,771413,19,19,3,3,
5387,13556,771413,27,27,3,4,
5388,5098,771413,15,15,3,5,
5389,14680,771413,3,4,4,5,
5390,8827,771413,25,25,3,5,
5391,5580,771413,13,13,3,6,
5392,16606,771413,3,4,4,5,
5393,12489,771413,3,4,4,6,
5394,16773,771413,3,4,4,5,
5395,22709,771413,31,31,3,5,
5396,2993,771413,3,4,4,7,
5397,78871,771413,31,31,3,7,
5398,10224,771413,3,4,4,5,
5399,22912,771413,23,23,3,5,
5400,6453,771413,3,4,4,6,
5401,2162,771413,3,4,4,3,
5402,1721,771413,3,4,4,1,
5403,31443,771413,15,15,3,2,
5404,26221,771413,27,27,3,4,
5405,2818,771413,3,4,4,4,
5406,25330,771413,19,19,3,4,
5407,31577,771413,29,29,3,3,
5408,31574,771413,27,27,3,2,
5409,22959,771413,3,4,4,5,
5410,26440,771413,27,28,3,4,
5411,32777,771413,21,21,3,4,
5412,9833,771413,3,4,4,5,
5413,10740,771413,3,4,4,5,
5414,22812,771413,17,17,3,6,
5415,28650,771413,17,17,3,6,
5416,11578,771413,3,4,4,6,
5417,12879,771413,3,4,4,7,
5418,38179,771413,15,15,3,8,
5419,25846,771413,23,23,3,8,
5420,16416,771413,21,21,3,9,
5421,12149,771413,17,17,3,8,
5422,1503,771413,3,4,4,8,
5423,20307,771413,33,33,3,9,
5424,19692,771413,25,25,3,8,
5425,8288,771413,13,13,3,8,
5426,5223,771413,3,4,4,9,
5427,5155,771413,3,4,4,8,
5428,11250,771413,3,4,4,9,
5429,11440,771413,21,21,3,9,
5430,11598,771413,3,4,4,8,
5431,3166,771413,3,4,4,8,
5432,12638,771413,3,4,4,9,
5433,2791,771413,3,4,4,8,
5434,13722,771413,27,27,3,8,
5435,9798,771413,15,15,3,8,
5436,9835,771413,3,4,4,9,
5437,9866,771413,3,4,4,8,
5438,2752,771413,3,4,4,8,
5439,10679,771413,15,15,3,8,
5440,21319,771413,33,33,3,8,
5441,22506,771413,3,4,4,8,
5442,9718,771413,3,4,4,9,
5443,6804,771413,13,13,3,8,
5444,8274,771413,3,4,4,8,
5445,15837,771413,29,29,3,9,
5446,1408,771413,3,4,4,8,
5447,15538,771413,3,4,4,9,
5448,1666,771413,3,4,4,9,
5449,3993,771413,3,4,4,8,
5450,3914,771413,3,4,4,7,
5451,14499,771413,27,27,3,8,
5452,14369,771413,21,21,3,8,
5453,14473,771413,3,4,4,8,
5454,7362,771413,13,13,3,9,
5455,25753,771413,19,19,3,8,
5456,7037,771413,3,4,4,8,
5457,1322,771413,3,4,4,8,
5458,8864,771413,19,19,3,8,
5459,3061,771413,3,4,4,8,
5460,45816,771413,33,33,3,9,
5461,47237,771413,3,4,4,7,
5462,9659,771413,3,4,4,9,
5463,1364,771413,3,4,4,8,
5464,3968,771413,3,4,4,8,
5465,1593,771413,3,4,4,8,
5466,14880,771413,3,4,4,8,
5467,30173,771413,31,31,3,9,
5468,12793,771413,19,19,3,8,
5469,35657,771413,25,25,3,8,
5470,10548,771413,3,4,4,8,
5471,3618,771413,3,4,4,9,
5472,37511,771413,25,25,3,8,
5473,37195,771413,3,4,4,6,
5474,2608,771413,3,4,4,8,
5475,1643,771413,3,4,4,8,
5476,3066,771413,3,4,4,8,
5477,17999,771413,21,21,3,9,
5478,2604,771413,3,4,4,8,
5479,18196,771413,3,4,4,8,
5480,2852,771413,3,4,4,8,
5481,1091,771413,3,4,4,8,
5482,1032,771413,3,4,4,8,
5483,1184,771413,3,4,4,8,
5484,17573,771413,27,27,3,7,
5485,16903,771413,3,4,4,7,
5486,7490,771413,3,4,4,8,
5487,12889,771413,17,17,3,5,
5488,15215,771413,31,31,3,3,
5489,8704,771413,17,17,3,5,
5490,8638,771413,3,4,4,5,
5491,1482,771413,3,4,4,1,
5492,1495,771413,3,4,4,1,
5493,1110,771413,3,4,4,1,
5494,792,771413,3,4,4,0,
5495,4684,771413,19,19,3,2,
5496,11128,771413,21,21,3,1,
5497,12721,771413,33,33,3,1,
5498,6780,771413,13,13,3,3,
5499,10099,771413,25,25,3,2,
5500,1164,771413,3,4,4,4,
5501,4051,771413,3,4,4,1,
5502,17094,771413,13,13,3,3,
5503,804,771413,3,4,4,3,
5504,1182,771413,3,4,4,3,
5505,16117,771413,31,31,3,4,
5506,14410,771413,21,21,3,2,
5507,13410,771413,25,25,3,2,
5508,13278,771413,3,4,4,2,
5509,5745,771413,3,4,4,5,
5510,10529,771413,25,25,3,2,
5511,4352,771413,3,4,4,4,
5512,1189,771413,3,4,4,0,
5513,874,771413,3,4,4,1,
5514,3116,771413,13,13,3,1,
5515,1356,771413,3,4,4,1,
5516,2723,771413,3,4,4,0,
5517,6538,771413,21,21,3,1,
5518,8127,771413,3,4,4,1,
5519,1403,771413,3,4,4,2,
5520,1786,771413,3,4,4,2,
5521,5579,771413,19,19,3,1,
5522,999,771413,3,4,4,1,
5523,1402,771413,3,4,4,3,
5524,15818,771413,31,31,3,5,
5525,1227,771413,3,4,4,4,
5526,20206,771413,29,29,3,5,
5527,2597,771413,3,4,4,6,
5528,12630,771413,23,23,3,7,
5529,3406,771413,3,4,4,7,
5530,13647,771413,17,17,3,7,
5531,12729,771413,19,19,3,7,
5532,3048,771413,3,4,4,7,
5533,19634,771413,3,4,4,8,
5534,15653,771413,25,25,3,8,
5535,13594,771413,21,21,3,8,
5536,11103,771413,3,4,4,8,
5537,13683,771413,3,4,4,9,
5538,5712,771413,3,4,4,8,
5539,13692,771413,21,21,3,9,
5540,3016,771413,3,4,4,8,
5541,17817,771413,33,33,3,8,
5542,19181,771413,33,33,3,5,
5543,10446,771413,13,13,3,8,
5544,3059,771413,3,4,4,8,
5545,15379,771413,25,25,3,6,
5546,11332,771413,3,4,4,8,
5547,3179,771413,3,4,4,8,
5548,11967,771413,19,19,3,8,
5549,12801,771413,3,4,4,6,
5550,2866,771413,3,4,4,9,
5551,8798,771413,15,15,3,9,
5552,8004,771413,3,4,4,7,
5553,6384,771413,3,4,4,6,
5554,11760,771413,31,31,3,8,
5555,11654,771413,3,4,4,9,
5556,581,771413,3,4,4,2,
5557,946,771413,3,4,4,3,
5558,9698,771413,21,21,3,6,
5559,12383,771413,19,19,3,6,
5560,12741,771413,21,21,3,6,
5561,6711,771413,13,13,3,6,
5562,20355,771413,22,23,3,7,
5563,1357,771413,3,4,4,8,
5564,12513,771413,25,25,3,8,
5565,14981,771413,33,33,3,8,
5566,24808,771413,25,25,3,8,
5567,1561,771413,3,4,4,9,
5568,1072,771413,3,4,4,9,
5569,1282,771413,3,4,4,8,
5570,2364,771413,3,4,4,9,
5571,13251,771413,21,21,3,8,
5572,1808,771413,3,4,4,8,
5573,12827,771413,3,4,4,9,
5574,11957,771413,23,23,3,8,
5575,20917,771413,33,33,3,8,
5576,6336,771413,3,4,4,8,
5577,10540,771413,3,4,4,9,
5578,13984,771413,25,25,3,9,
5579,21895,771413,23,23,3,8,
5580,12770,771413,21,21,3,9,
5581,3169,771413,3,4,4,8,
5582,1991,771413,3,4,4,8,
5583,2419,771413,3,4,4,8,
5584,10530,771413,3,4,4,9,
5585,1637,771413,3,4,4,8,
5586,2437,771413,3,4,4,9,
5587,1977,771413,3,4,4,8,
5588,2400,771413,3,4,4,9,
5589,17391,771413,25,25,3,8,
5590,22447,771413,29,29,3,8,
5591,9978,771413,13,13,3,8,
5592,22097,771413,3,4,4,8,
5593,1762,771413,3,4,4,9,
5594,6927,771413,17,17,3,9,
5595,14082,771413,25,25,3,8,
5596,7319,771413,17,17,3,8,
5597,19163,771413,31,31,3,9,
5598,13668,771413,17,17,3,8,
5599,8278,771414,17,17,3,8,
5600,14396,771414,31,31,3,8,
5601,1619,771414,3,4,4,9,
5602,1610,771414,3,4,4,9,
5603,1650,771414,3,4,4,9,
5604,1754,771414,3,4,4,8,
5605,9158,771414,3,4,4,9,
5606,9567,771414,19,19,3,8,
5607,1576,771414,3,4,4,8,
5608,10170,771414,3,4,4,8,
5609,17953,771414,31,31,3,9,
5610,17696,771414,3,4,4,8,
5611,21001,771414,31,31,3,9,
5612,7324,771414,17,17,3,9,
5613,7700,771414,3,4,4,9,
5614,9713,771414,15,15,3,7,
5615,1274,771414,3,4,4,9,
5616,24524,771414,33,33,3,8,
5617,20133,771414,33,33,3,7,
5618,7152,771414,13,13,3,9,
5619,9901,771414,17,17,3,8,
5620,1855,771414,3,4,4,9,
5621,1825,771414,3,4,4,9,
5622,2547,771414,3,4,4,8,
5623,2782,771414,3,4,4,8,
5624,22006,771414,33,33,3,7,
5625,11331,771414,25,25,3,8,
5626,10611,771414,23,23,3,9,
5627,1923,771414,3,4,4,8,
5628,23977,771414,31,31,3,9,
5629,15484,771414,33,33,3,9,
5630,11487,771414,25,25,3,8,
5631,19069,771414,3,4,4,9,
5632,6794,771414,3,4,4,9,
5633,22565,771414,21,21,3,8,
5634,11896,771414,21,21,3,8,
5635,13689,771414,29,29,3,9,
5636,13224,771414,21,21,3,9,
5637,3803,771414,3,4,4,8,
5638,6266,771414,13,13,3,8,
5639,18014,771414,29,29,3,8,
5640,17189,771414,33,33,3,8,
5641,14030,771414,31,31,3,8,
5642,5026,771414,3,4,4,8,
5643,14568,771414,3,4,4,8,
5644,11838,771414,21,21,3,8,
5645,9665,771414,3,4,4,8,
5646,2626,771414,3,4,4,9,
5647,9420,771414,3,4,4,8,
5648,8579,771414,19,19,3,7,
5649,8276,771414,3,4,4,8,
5650,2711,771414,3,4,4,8,
5651,2439,771414,3,4,4,8,
5652,11070,771414,17,17,3,8,
5653,14349,771414,25,25,3,7,
5654,1760,771414,3,4,4,7,
5655,9329,771414,15,16,3,8,
5656,2820,771414,3,4,4,8,
5657,16866,771414,31,31,3,8,
5658,14173,771414,3,4,4,8,
5659,10870,771414,3,4,4,8,
5660,2813,771414,3,4,4,8,
5661,11903,771414,23,23,3,8,
5662,16724,771414,27,27,3,8,
5663,1752,771414,3,4,4,9,
5664,1460,771414,3,4,4,9,
5665,12694,771414,19,19,3,8,
5666,18481,771414,33,33,3,9,
5667,16958,771414,15,15,3,9,
5668,10185,771414,19,19,3,7,
5669,9994,771414,3,4,4,7,
5670,4820,771414,3,4,4,7,
5671,1508,771414,3,4,4,9,
5672,2673,771414,3,4,4,8,
5673,2821,771414,3,4,4,8,
5674,2812,771414,3,4,4,8,
5675,6797,771414,13,13,3,8,
5676,20343,771414,31,31,3,7,
5677,16315,771414,31,31,3,8,
5678,13591,771414,27,27,3,7,
5679,7489,771414,15,15,3,7,
5680,12868,771414,3,4,4,7,
5681,16318,771414,23,23,3,7,
5682,4047,771414,3,4,4,9,
5683,8646,771414,21,21,3,8,
5684,12660,771414,27,27,3,8,
5685,11661,771414,21,21,3,7,
5686,11904,771414,3,4,4,8,
5687,6907,771414,3,4,4,8,
5688,4773,771414,3,4,4,7,
5689,1973,771414,3,4,4,9,
5690,5403,771414,13,13,3,8,
5691,2711,771414,3,4,4,8,
5692,2311,771414,3,4,4,6,
5693,4551,771414,3,4,4,7,
5694,21420,771414,29,29,3,7,
5695,8813,771414,13,13,3,8,
5696,13990,771414,21,21,3,7,
5697,22245,771414,3,4,4,8,
5698,16798,771414,31,31,3,7,
5699,13935,771414,21,21,3,8,
5700,6468,771414,15,15,3,8,
5701,16629,771414,3,4,4,7,
5702,11619,771414,27,27,3,8,
5703,18532,771414,33,33,3,8,
5704,1727,771414,3,4,4,9,
5705,2457,771414,3,4,4,9,
5706,1807,771414,3,4,4,9,
5707,1791,771414,3,4,4,9,
5708,2708,771414,3,4,4,8,
5709,2629,771414,3,4,4,7,
5710,13386,771414,23,23,3,8,
5711,8506,771414,3,4,4,8,
5712,22190,771414,33,33,3,7,
5713,1504,771414,3,4,4,7,
5714,14253,771414,27,27,3,8,
5715,2467,771414,3,4,4,8,
5716,15513,771414,3,4,4,8,
5717,17207,771414,23,23,3,8,
5718,2273,771414,3,4,4,8,
5719,22597,771414,29,29,3,9,
5720,10751,771414,19,19,3,8,
5721,1622,771414,3,4,4,9,
5722,2241,771414,3,4,4,8,
5723,11632,771414,3,4,4,9,
5724,28816,771414,29,29,3,9,
5725,37151,771414,13,13,3,8,
5726,8633,771414,13,13,3,8,
5727,1041,771414,3,4,4,7,
5728,16918,771414,25,25,3,8,
5729,2170,771414,3,4,4,8,
5730,3294,771414,3,4,4,8,
5731,33678,771414,33,33,3,8,
5732,12122,771414,23,23,3,9,
5733,6607,771414,3,4,4,8,
5734,988,771414,3,4,4,8,
5735,1360,771414,3,4,4,7,
5736,22213,771414,33,33,3,8,
5737,19368,771414,33,33,3,8,
5738,26457,771414,33,33,3,9,
5739,19156,771414,19,19,3,8,
5740,14421,771414,29,29,3,8,
5741,16161,771414,25,25,3,8,
5742,18528,771414,3,4,4,9,
5743,11153,771414,3,4,4,8,
5744,8163,771414,15,15,3,8,
5745,4150,771414,3,4,4,9,
5746,13248,771414,27,27,3,8,
5747,2295,771414,3,4,4,8,
5748,2786,771414,3,4,4,9,
5749,13351,771414,27,27,3,8,
5750,2502,771414,3,4,4,8,
5751,3396,771414,3,4,4,8,
5752,14485,771414,3,4,4,8,
5753,14699,771414,31,31,3,8,
5754,9896,771414,3,4,4,9,
5755,14045,771414,3,4,4,7,
5756,13052,771414,31,31,3,9,
5757,13906,771414,3,4,4,7,
5758,9819,771414,21,21,3,9,
5759,10499,771414,3,4,4,8,
5760,8990,771414,15,15,3,8,
5761,8968,771414,3,4,4,9,
5762,3179,771414,3,4,4,8,
5763,16776,771414,29,29,3,8,
5764,15402,771414,25,25,3,7,
5765,15720,771414,21,21,3,7,
5766,16813,771414,3,4,4,9,
5767,12132,771414,19,19,3,6,
5768,10934,771414,19,19,3,8,
5769,9206,771414,19,19,3,8,
5770,10578,771414,3,4,4,7,
5771,2055,771414,3,4,4,8,
5772,688,771414,3,4,4,8,
5773,5115,771414,13,13,3,8,
5774,17831,771414,31,31,3,9,
5775,4787,771414,3,4,4,8,
5776,2302,771414,3,4,4,7,
5777,13617,771414,3,4,4,8,
5778,1118,771414,3,4,4,7,
5779,3558,771414,3,4,4,8,
5780,2018,771414,3,4,4,7,
5781,12052,771414,29,29,3,8,
5782,13893,771414,29,29,3,7,
5783,2939,771414,3,4,4,8,
5784,2702,771414,3,4,4,7,
5785,11205,771414,3,4,4,7,
5786,12830,771414,17,17,3,7,
5787,13355,771414,3,4,4,7,
5788,2230,771414,3,4,4,9,
5789,16253,771414,27,27,3,8,
5790,1766,771414,3,4,4,9,
5791,1415,771414,3,4,4,9,
5792,1693,771414,3,4,4,8,
5793,807,771414,3,4,4,8,
5794,11183,771414,21,21,3,8,
5795,12294,771414,3,4,4,8,
5796,14019,771414,27,28,3,8,
5797,1997,771414,3,4,4,8,
5798,1101,771414,3,4,4,6,
5799,1206,771414,3,4,4,6,
5800,1057,771414,3,4,4,5,
5801,5857,771414,3,4,4,7,
5802,1266,771414,3,4,4,6,
5803,16616,771414,23,23,3,7,
5804,2230,771414,3,4,4,7,
5805,17916,771414,3,4,4,8,
5806,11970,771414,17,17,3,8,
5807,10163,771414,23,23,3,9,
5808,10947,771414,3,4,4,8,
5809,9243,771414,17,17,3,8,
5810,18928,771414,31,31,3,9,
5811,4987,771414,13,13,3,8,
5812,22150,771414,31,31,3,9,
5813,7316,771414,15,15,3,8,
5814,14351,771414,19,19,3,9,
5815,15966,771414,27,27,3,9,
5816,15586,771414,3,4,4,8,
5817,1318,771414,3,4,4,9,
5818,16763,771414,23,23,3,9,
5819,11410,771414,27,27,3,9,
5820,2490,771414,3,4,4,8,
5821,12798,771414,3,4,4,8,
5822,15389,771414,29,29,3,9,
5823,19167,771414,33,33,3,8,
5824,2911,771414,3,4,4,9,
5825,8718,771414,13,13,3,8,
5826,18665,771414,27,27,3,8,
5827,11023,771414,21,21,3,9,
5828,1816,771414,3,4,4,8,
5829,14761,771414,31,31,3,8,
5830,14116,771414,19,19,3,9,
5831,17637,771414,31,31,3,8,
5832,14549,771414,3,4,4,9,
5833,7218,771414,3,4,4,8,
5834,6441,771414,3,4,4,8,
5835,16304,771414,33,33,3,9,
5836,1432,771414,3,4,4,8,
5837,9870,771414,15,15,3,8,
5838,14958,771414,23,23,3,9,
5839,15132,771414,25,25,3,8,
5840,23156,771414,25,25,3,9,
5841,23602,771414,27,27,3,8,
5842,5151,771414,3,4,4,8,
5843,10586,771414,19,19,3,8,
5844,5841,771414,3,4,4,9,
5845,13524,771414,19,19,3,9,
5846,13556,771414,29,29,3,8,
5847,19645,771414,23,23,3,8,
5848,2426,771414,3,4,4,9,
5849,2468,771414,3,4,4,8,
5850,15576,771414,25,25,3,9,
5851,7776,771414,13,13,3,8,
5852,18313,771414,29,29,3,9,
5853,7650,771414,3,4,4,8,
5854,12147,771414,3,4,4,9,
5855,9304,771414,19,19,3,8,
5856,1581,771414,3,4,4,8,
5857,7375,771414,15,15,3,9,
5858,2049,771414,3,4,4,8,
5859,18792,771414,27,27,3,9,
5860,9410,771414,17,17,3,9,
5861,9440,771414,3,4,4,9,
5862,2302,771414,3,4,4,8,
5863,8071,771414,13,13,3,9,
5864,15001,771414,19,19,3,8,
5865,8734,771414,15,15,3,8,
5866,13502,771414,29,29,3,8,
5867,15121,771414,23,23,3,9,
5868,7366,771414,3,4,4,9,
5869,13796,771414,3,4,4,8,
5870,9435,771414,15,15,3,9,
5871,9190,771414,3,4,4,9,
5872,11344,771414,23,23,3,9,
5873,1492,771414,3,4,4,9,
5874,18505,771414,33,33,3,8,
5875,17014,771414,25,25,3,9,
5876,4302,771414,3,4,4,8,
5877,5636,771414,3,4,4,8,
5878,1790,771414,3,4,4,8,
5879,3777,771414,3,4,4,8,
5880,1864,771414,3,4,4,9,
5881,3007,771414,3,4,4,8,
5882,1434,771414,3,4,4,8,
5883,17388,771414,31,31,3,8,
5884,2492,771414,3,4,4,8,
5885,1854,771414,3,4,4,8,
5886,2540,771414,3,4,4,8,
5887,2520,771414,3,4,4,7,
5888,1776,771414,3,4,4,7,
5889,31960,771414,31,31,3,8,
5890,3620,771414,3,4,4,8,
5891,2361,771414,3,4,4,8,
5892,2693,771414,3,4,4,8,
5893,2958,771414,3,4,4,8,
5894,2236,771414,3,4,4,8,
5895,10389,771414,23,23,3,9,
5896,2588,771414,3,4,4,8,
5897,11312,771414,3,4,4,7,
5898,10399,771414,21,21,3,9,
5899,1959,771414,3,4,4,8,
5900,10894,771414,3,4,4,7,
5901,14350,771414,23,23,3,9,
5902,14114,771414,3,4,4,8,
5903,6458,771414,17,17,3,7,
5904,7899,771414,3,4,4,7,
5905,11256,771414,13,13,3,8,
5906,2662,771414,3,4,4,8,
5907,10410,771414,19,19,3,7,
5908,7527,771414,13,13,3,7,
5909,2418,771414,3,4,4,8,
5910,18622,771414,33,33,3,8,
5911,16436,771414,29,29,3,9,
5912,21491,771414,29,29,3,9,
5913,20532,771414,3,4,4,9,
5914,1067,771414,3,4,4,8,
5915,6267,771414,13,13,3,9,
5916,6735,771414,3,4,4,9,
5917,5420,771414,13,13,3,8,
5918,6269,771414,3,4,4,9,
5919,5849,771414,3,4,4,9,
5920,15564,771414,31,31,3,8,
5921,15869,771414,3,4,4,8,
5922,2126,771414,3,4,4,8,
5923,1970,771414,3,4,4,8,
5924,15042,771414,29,29,3,9,
5925,15583,771414,3,4,4,8,
5926,1289,771414,3,4,4,9,
5927,2390,771414,3,4,4,8,
5928,7086,771414,15,15,3,8,
5929,8102,771414,3,4,4,8,
5930,5281,771414,13,13,3,8,
5931,7966,771414,17,17,3,9,
5932,1240,771414,3,4,4,8,
5933,1482,771414,3,4,4,8,
5934,12989,771414,29,29,3,8,
5935,9909,771414,15,15,3,8,
5936,8108,771414,19,19,3,9,
5937,7621,771414,3,4,4,8,
5938,11379,771414,21,21,3,9,
5939,8566,771414,19,19,3,8,
5940,1889,771414,3,4,4,8,
5941,17850,771414,31,31,3,9,
5942,11863,771414,21,21,3,8,
5943,17897,771414,3,4,4,9,
5944,11836,771414,3,4,4,9,
5945,10835,771414,23,23,3,8,
5946,10469,771414,3,4,4,8,
5947,4858,771414,3,4,4,9,
5948,15908,771414,29,29,3,8,
5949,8993,771414,19,19,3,9,
5950,21539,771414,33,33,3,9,
5951,21985,771414,3,4,4,9,
5952,9364,771414,17,17,3,8,
5953,9262,771414,3,4,4,8,
5954,11426,771414,25,26,3,8,
5955,12990,771414,29,29,3,9,
5956,15356,771414,33,33,3,8,
5957,2122,771414,3,4,4,9,
5958,1910,771414,3,4,4,9,
5959,1555,771414,3,4,4,8,
5960,1061,771414,3,4,4,8,
5961,924,771414,3,4,4,7,
5962,2092,771414,3,4,4,8,
5963,10773,771414,3,4,4,8,
5964,2195,771414,3,4,4,8,
5965,14113,771414,33,33,3,8,
5966,13227,771414,25,26,3,8,
5967,13874,771414,3,4,4,8,
5968,10573,771414,25,25,3,8,
5969,3781,771414,3,4,4,8,
5970,2200,771414,3,4,4,9,
5971,17578,771414,33,33,3,7,
5972,1792,771414,3,4,4,8,
5973,1925,771414,3,4,4,9,
5974,16449,771414,3,4,4,8,
5975,13668,771414,27,27,3,9,
5976,1900,771414,3,4,4,9,
5977,13666,771414,27,27,3,8,
5978,13635,771414,3,4,4,8,
5979,13767,771414,3,4,4,8,
5980,12684,771414,29,29,3,8,
5981,6994,771414,21,21,3,8,
5982,12179,771414,27,27,3,9,
5983,12801,771414,3,4,4,9,
5984,5861,771414,3,4,4,9,
5985,18791,771414,21,21,3,8,
5986,17341,771414,19,19,3,7,
5987,21831,771414,29,29,3,8,
5988,8224,771414,17,17,3,9,
5989,13465,771414,13,13,3,8,
5990,15105,771414,23,23,3,8,
5991,13824,771414,19,19,3,8,
5992,6798,771414,13,13,3,9,
5993,28642,771414,33,33,3,9,
5994,10514,771414,17,17,3,9,
5995,11668,771414,13,13,3,9,
5996,16423,771414,17,17,3,9,
5997,3181,771414,3,4,4,9,
5998,28079,771414,29,29,3,8,
5999,15159,771414,25,25,3,8,
6000,4890,771414,3,4,4,7,
6001,16560,771414,31,31,3,8,
6002,1990,771414,3,4,4,9,
6003,16010,771414,25,25,3,9,
6004,18126,771414,25,25,3,9,
6005,1890,771414,3,4,4,9,
6006,1233,771414,3,4,4,8,
6007,12309,771414,27,27,3,8,
6008,1682,771414,3,4,4,9,
6009,14658,771414,21,21,3,8,
6010,14721,771414,3,4,4,9,
6011,9798,771414,17,17,3,9,
6012,1056,771414,3,4,4,9,
6013,21443,771414,33,33,3,8,
6014,24290,771414,29,29,3,8,
6015,1627,771414,3,4,4,8,
6016,16480,771414,19,19,3,8,
6017,1992,771414,3,4,4,9,
6018,2325,771414,3,4,4,8,
6019,18895,771414,27,27,3,7,
6020,22225,771414,23,23,3,9,
6021,17775,771414,3,4,4,6,
6022,16612,771414,21,21,3,7,
6023,1879,771414,3,4,4,9,
6024,2431,771414,3,4,4,9,
6025,2448,771414,3,4,4,8,
6026,2182,771414,3,4,4,9,
6027,11360,771414,13,13,3,6,
6028,5969,771414,3,4,4,9,
6029,16427,771414,17,17,3,9,
6030,7286,771414,3,4,4,6,
6031,1300,771414,3,4,4,7,
6032,17779,771414,31,31,3,7,
6033,14401,771414,31,31,3,7,
6034,12306,771414,21,21,3,8,
6035,11213,771414,23,23,3,8,
6036,10045,771414,15,15,3,9,
6037,11069,771414,3,4,4,8,
6038,16940,771414,3,4,4,9,
6039,14319,771414,27,27,3,8,
6040,11800,771414,21,21,3,8,
6041,12130,771414,33,33,3,8,
6042,7771,771414,3,4,4,8,
6043,2065,771414,3,4,4,9,
6044,2608,771414,3,4,4,9,
6045,1768,771414,3,4,4,8,
6046,6648,771414,15,15,3,8,
6047,7183,771414,15,15,3,9,
6048,7647,771414,3,4,4,8,
6049,8880,771414,13,13,3,9,
6050,10277,771414,21,21,3,8,
6051,12324,771414,29,29,3,8,
6052,2006,771414,3,4,4,9,
6053,9675,771414,3,4,4,8,
6054,12048,771414,3,4,4,8,
6055,2286,771414,3,4,4,8,
6056,8446,771414,19,19,3,8,
6057,3922,771414,3,4,4,9,
6058,16466,771414,27,27,3,7,
6059,14695,771414,23,23,3,8,
6060,30078,771414,25,25,3,9,
6061,13340,771414,27,27,3,7,
6062,14855,771414,27,27,3,9,
6063,1911,771414,3,4,4,9,
6064,2040,771414,3,4,4,8,
6065,8786,771414,3,4,4,7,
6066,1187,771414,3,4,4,8,
6067,6016,771414,19,19,3,9,
6068,5604,771414,15,15,3,7,
6069,5594,771414,3,4,4,7,
6070,9337,771414,21,21,3,9,
6071,1317,771414,3,4,4,7,
6072,12231,771414,21,21,3,7,
6073,4498,771414,3,4,4,7,
6074,18582,771414,33,33,3,7,
6075,12867,771414,3,4,4,7,
6076,11156,771414,19,19,3,8,
6077,3058,771414,3,4,4,8,
6078,11400,771414,21,21,3,9,
6079,17495,771414,33,33,3,9,
6080,14252,771414,27,27,3,8,
6081,17070,771414,3,4,4,9,
6082,12885,771414,27,27,3,9,
6083,10201,771414,17,17,3,7,
6084,9750,771414,13,13,3,8,
6085,10070,771414,21,21,3,8,
6086,9892,771414,17,17,3,8,
6087,7799,771414,3,4,4,8,
6088,1093,771414,3,4,4,8,
6089,2152,771414,3,4,4,8,
6090,7283,771414,3,4,4,8,
6091,1886,771414,3,4,4,9,
6092,2708,771414,3,4,4,8,
6093,13660,771414,21,21,3,9,
6094,3521,771414,3,4,4,8,
6095,9893,771414,17,17,3,8,
6096,2196,771414,3,4,4,8,
6097,13686,771414,33,33,3,9,
6098,13455,771414,27,27,3,7,
6099,16523,771414,29,29,3,7,
6100,10911,771414,19,19,3,8,
6101,1319,771414,3,4,4,8,
6102,11465,771414,27,27,3,8,
6103,12503,771414,3,4,4,9,
6104,13624,771414,23,23,3,8,
6105,14331,771414,3,4,4,9,
6106,11823,771414,21,21,3,9,
6107,10997,771414,3,4,4,9,
6108,1156,771414,3,4,4,7,
6109,10117,771414,21,21,3,7,
6110,9204,771414,15,15,3,8,
6111,11512,771414,3,4,4,8,
6112,2125,771414,3,4,4,9,
6113,8879,771414,17,17,3,9,
6114,22400,771414,27,27,3,8,
6115,16371,771414,31,31,3,8,
6116,1285,771414,3,4,4,9,
6117,8283,771414,21,21,3,9,
6118,8202,771414,3,4,4,9,
6119,17860,771414,29,29,3,9,
6120,18711,771414,3,4,4,8,
6121,21338,771414,29,29,3,9,
6122,11758,771414,23,23,3,8,
6123,5613,771414,13,13,3,9,
6124,14887,771414,23,23,3,9,
6125,10890,771414,19,19,3,9,
6126,18407,771414,33,33,3,8,
6127,12793,771414,19,19,3,9,
6128,7290,771414,15,15,3,8,
6129,11528,771414,13,13,3,9,
6130,16328,771414,31,31,3,7,
6131,13143,771414,21,21,3,8,
6132,2482,771414,3,4,4,9,
6133,13664,771414,29,29,3,6,
6134,11345,771414,25,25,3,7,
6135,3806,771414,3,4,4,9,
6136,14100,771414,23,23,3,5,
6137,12720,771414,3,4,4,6,
6138,14112,771414,33,33,3,5,
6139,13163,771414,3,4,4,4,
6140,9802,771414,25,25,3,6,
6141,922,771414,3,4,4,0,
6142,5905,771414,15,15,3,4,
6143,10507,771414,21,21,3,4,
6144,16619,771414,31,31,3,5,
6145,1187,771414,3,4,4,4,
6146,524,771414,3,4,4,4,
6147,7736,771414,21,21,3,6,
6148,1293,771414,3,4,4,7,
6149,8872,771414,3,4,4,6,
6150,15481,771414,3,4,4,7,
6151,7590,771414,3,4,4,7,
6152,7636,771414,21,21,3,7,
6153,1488,771414,3,4,4,9,
6154,1539,771414,3,4,4,8,
6155,4748,771414,13,13,3,8,
6156,6520,771414,3,4,4,8,
6157,5012,771414,3,4,4,8,
6158,11808,771414,29,29,3,8,
6159,11129,771414,19,19,3,7,
6160,15393,771414,25,25,3,8,
6161,5878,771414,15,15,3,8,
6162,13590,771414,25,25,3,8,
6163,21716,771414,13,13,3,8,
6164,7995,771414,19,19,3,9,
6165,15336,771414,3,4,4,9,
6166,9676,771414,21,21,3,8,
6167,10628,771414,27,27,3,8,
6168,17920,771414,29,29,3,9,
6169,2997,771414,3,4,4,9,
6170,17633,771414,31,31,3,7,
6171,5978,771414,3,4,4,8,
6172,17244,771414,3,4,4,9,
6173,7076,771414,15,15,3,8,
6174,10291,771414,19,19,3,8,
6175,1290,771414,3,4,4,8,
6176,5291,771414,3,4,4,7,
6177,1542,771414,3,4,4,8,
6178,8503,771414,3,4,4,8,
6179,3077,771414,3,4,4,9,
6180,15042,771414,29,29,3,9,
6181,13941,771414,3,4,4,8,
6182,2082,771414,3,4,4,8,
6183,4863,771414,3,4,4,8,
6184,2294,771414,3,4,4,9,
6185,7107,771414,15,15,3,8,
6186,2787,771414,3,4,4,8,
6187,18097,771414,27,27,3,8,
6188,2750,771414,3,4,4,8,
6189,13103,771414,25,25,3,9,
6190,8828,771414,15,15,3,8,
6191,22268,771414,13,13,3,8,
6192,7042,771414,13,13,3,8,
6193,10847,771414,15,15,3,7,
6194,8610,771414,3,4,4,9,
6195,12969,771414,3,4,4,9,
6196,1640,771414,3,4,4,9,
6197,1706,771414,3,4,4,8,
6198,5326,771414,3,4,4,8,
6199,10114,771414,19,19,3,9,
6200,2940,771414,3,4,4,8,
6201,10383,771414,3,4,4,9,
6202,23445,771414,25,25,3,9,
6203,22981,771414,33,33,3,8,
6204,10519,771414,15,15,3,8,
6205,5884,771414,13,13,3,8,
6206,16358,771414,21,21,3,9,
6207,9349,771414,15,15,3,9,
6208,9873,771414,3,4,4,9,
6209,2785,771414,3,4,4,8,
6210,27192,771414,27,27,3,9,
6211,10535,771414,15,15,3,8,
6212,14479,771414,3,4,4,8,
6213,15249,771414,17,17,3,9,
6214,17699,771414,31,31,3,9,
6215,14233,771414,19,19,3,8,
6216,27437,771414,31,31,3,8,
6217,20649,771414,17,17,3,8,
6218,8668,771414,3,4,4,8,
6219,9876,771414,13,13,3,8,
6220,2885,771414,3,4,4,9,
6221,13636,771414,19,19,3,9,
6222,4061,771414,3,4,4,9,
6223,21764,771414,29,29,3,8,
6224,15468,771414,17,17,3,8,
6225,23228,771414,33,33,3,8,
6226,4232,771414,3,4,4,8,
6227,13700,771414,3,4,4,9,
6228,20199,771414,31,31,3,7,
6229,5322,771414,3,4,4,8,
6230,18958,771414,3,4,4,7,
6231,1655,771414,3,4,4,8,
6232,10890,771414,17,17,3,9,
6233,1379,771414,3,4,4,9,
6234,2526,771414,3,4,4,9,
6235,2215,771414,3,4,4,8,
6236,10585,771414,3,4,4,8,
6237,21429,771414,29,29,3,8,
6238,2067,771414,3,4,4,9,
6239,18612,771414,31,31,3,8,
6240,9170,771414,17,17,3,8,
6241,9677,771414,3,4,4,9,
6242,1600,771414,3,4,4,8,
6243,1408,771414,3,4,4,7,
6244,12833,771414,25,25,3,7,
6245,2280,771414,3,4,4,6,
6246,1266,771414,3,4,4,5,
6247,33693,771414,33,33,3,7,
6248,9047,771414,13,13,3,7,
6249,11074,771414,21,21,3,7,
6250,14341,771414,21,21,3,8,
6251,8746,771414,17,17,3,7,
6252,9673,771414,3,4,4,8,
6253,14869,771414,3,4,4,8,
6254,1850,771414,3,4,4,8,
6255,3599,771414,3,4,4,8,
6256,1944,771414,3,4,4,8,
6257,23117,771414,3,4,4,7,
6258,11056,771414,19,19,3,8,
6259,1660,771414,3,4,4,7,
6260,17792,771414,29,29,3,7,
6261,1695,771414,3,4,4,8,
6262,4635,771414,3,4,4,9,
6263,1099,771414,3,4,4,8,
6264,14102,771414,25,25,3,8,
6265,23669,771414,31,31,3,8,
6266,24583,771414,3,4,4,8,
6267,2133,771414,3,4,4,9,
6268,11844,771414,3,4,4,8,
6269,9952,771414,13,13,3,9,
6270,6976,771414,15,15,3,9,
6271,7534,771414,3,4,4,8,
6272,2059,771414,3,4,4,8,
6273,8117,771414,13,13,3,9,
6274,2131,771414,3,4,4,7,
6275,2228,771414,3,4,4,7,
6276,10728,771414,19,19,3,8,
6277,920,771414,3,4,4,7,
6278,14989,771414,25,25,3,8,
6279,1512,771414,3,4,4,8,
6280,11120,771414,15,15,3,8,
6281,16124,771414,3,4,4,8,
6282,11442,771414,15,15,3,9,
6283,11735,771414,17,17,3,8,
6284,20439,771414,25,25,3,9,
6285,4866,771414,3,4,4,8,
6286,17783,771414,23,23,3,9,
6287,17262,771414,3,4,4,7,
6288,2344,771414,3,4,4,8,
6289,13909,771414,19,19,3,8,
6290,21689,771414,25,25,3,8,
6291,12543,771414,3,4,4,8,
6292,18394,771414,13,13,3,8,
6293,3886,771414,3,4,4,8,
6294,14405,771414,15,15,3,9,
6295,23429,771414,33,33,3,9,
6296,10627,771414,15,15,3,9,
6297,2333,771414,3,4,4,8,
6298,19846,771414,19,19,3,8,
6299,10274,771414,19,19,3,9,
6300,2313,771414,3,4,4,9,
6301,21777,771414,25,25,3,8,
6302,9415,771414,3,4,4,9,
6303,27849,771414,15,15,3,8,
6304,13326,771414,3,4,4,9,
6305,4365,771414,3,4,4,8,
6306,15223,771414,3,4,4,9,
6307,17861,771414,19,19,3,9,
6308,1647,771414,3,4,4,8,
6309,18962,771414,23,23,3,9,
6310,1003,771414,3,4,4,8,
6311,21927,771414,31,31,3,8,
6312,16556,771414,31,31,3,8,
6313,16468,771414,25,25,3,8,
6314,15181,771414,3,4,4,8,
6315,2412,771414,3,4,4,9,
6316,1515,771414,3,4,4,8,
6317,11735,771414,15,15,3,8,
6318,9170,771414,3,4,4,8,
6319,10499,771414,15,15,3,8,
6320,3980,771414,3,4,4,8,
6321,10500,771414,19,19,3,8,
6322,5137,771414,3,4,4,7,
6323,2894,771414,3,4,4,8,
6324,10766,771414,3,4,4,9,
6325,2666,771414,3,4,4,7,
6326,1584,771414,3,4,4,7,
6327,37916,771414,33,33,3,7,
6328,31961,771414,23,23,3,8,
6329,2129,771414,3,4,4,8,
6330,34094,771414,33,33,3,7,
6331,35673,771414,3,4,4,7,
6332,29864,771414,23,23,3,8,
6333,36891,771414,3,4,4,8,
6334,1721,771414,3,4,4,9,
6335,1391,771414,3,4,4,9,
6336,954,771414,3,4,4,9,
6337,28184,771414,17,17,3,8,
6338,29867,771414,21,21,3,8,
6339,33593,771414,31,31,3,8,
6340,33519,771414,3,4,4,9,
6341,2368,771414,3,4,4,8,
6342,3242,771414,3,4,4,8,
6343,21518,771414,31,31,3,8,
6344,3275,771414,3,4,4,8,
6345,8429,771414,15,15,3,9,
6346,11218,771414,15,15,3,8,
6347,2835,771414,3,4,4,7,
6348,11891,771414,19,19,3,8,
6349,10339,771414,21,21,3,8,
6350,13456,771414,23,23,3,8,
6351,2030,771414,3,4,4,8,
6352,15082,771414,15,15,3,8,
6353,11894,771414,19,19,3,8,
6354,12609,771414,3,4,4,8,
6355,16086,771414,29,29,3,8,
6356,4796,771414,3,4,4,9,
6357,4228,771414,3,4,4,8,
6358,7182,771414,13,13,3,9,
6359,7069,771414,17,17,3,8,
6360,8003,771414,17,17,3,9,
6361,3152,771414,3,4,4,7,
6362,26518,771414,25,25,3,9,
6363,3729,771414,3,4,4,8,
6364,27553,771414,33,33,3,9,
6365,17089,771414,21,21,3,6,
6366,21614,771414,29,29,3,8,
6367,10728,771414,23,23,3,9,
6368,32273,771414,27,27,3,8,
6369,10449,771414,3,4,4,7,
6370,13881,771414,21,21,3,7,
6371,16640,771414,3,4,4,8,
6372,20356,771414,3,4,4,9,
6373,1503,771414,3,4,4,8,
6374,1608,771414,3,4,4,8,
6375,1171,771414,3,4,4,6,
6376,945,771414,3,4,4,6,
6377,17518,771414,3,4,4,7,
6378,869,771414,3,4,4,7,
6379,15847,771414,19,19,3,8,
6380,12510,771414,17,17,3,8,
6381,15918,771414,27,27,3,8,
6382,13146,771414,3,4,4,9,
6383,9300,771414,17,17,3,8,
6384,15282,771414,31,31,3,8,
6385,2994,771414,3,4,4,8,
6386,9155,771414,13,13,3,7,
6387,21031,771414,17,17,3,9,
6388,1457,771414,3,4,4,8,
6389,17727,771414,17,17,3,8,
6390,2119,771414,3,4,4,7,
6391,20266,771414,27,27,3,9,
6392,2856,771414,3,4,4,8,
6393,1472,771414,3,4,4,8,
6394,21808,771414,27,27,3,8,
6395,25674,771414,31,31,3,7,
6396,22058,771414,29,29,3,8,
6397,23014,771414,3,4,4,8,
6398,14689,771414,3,4,4,8,
6399,23357,771414,27,27,3,9,
6400,12823,771414,3,4,4,8,
6401,16354,771414,15,15,3,8,
6402,13352,771414,17,17,3,8,
6403,18243,771414,3,4,4,8,
6404,11250,771414,13,13,3,9,
6405,11575,771414,13,13,3,8,
6406,28269,771414,29,29,3,5,
6407,27668,771414,27,27,3,6,
6408,25827,771414,21,21,3,6,
6409,24414,771414,21,21,3,5,
6410,4716,771414,3,4,4,9,
6411,25632,771414,27,27,3,7,
6412,25931,771414,3,4,4,7,
6413,19435,771414,19,19,3,6,
6414,19541,771414,21,21,3,6,
6415,20363,771414,15,15,3,6,
6416,18514,771414,3,4,4,7,
6417,4687,771414,3,4,4,5,
6418,2392,771414,3,4,4,5,
6419,25000,771414,25,25,3,4,
6420,29528,771414,29,29,3,2,
6421,4395,771414,3,4,4,5,
6422,19939,771414,19,19,3,6,
6423,17888,771414,15,15,3,7,
6424,3999,771414,3,4,4,7,
6425,21158,771414,25,25,3,5,
6426,23630,771414,29,29,3,4,
6427,15940,771414,19,19,3,7,
6428,22425,771414,3,4,4,5,
6429,19376,771414,29,29,3,6,
6430,15827,771414,15,15,3,7,
6431,8430,771414,19,19,3,6,
6432,14487,771414,27,27,3,4,
6433,13913,771414,31,31,3,4,
6434,15419,771414,3,4,4,6,
6435,13618,771414,27,27,3,6,
6436,8958,771414,19,19,3,7,
6437,15372,771414,3,4,4,7,
6438,10041,771414,3,4,4,8,
6439,10312,771414,23,23,3,8,
6440,23461,771414,21,21,3,8,
6441,9180,771414,15,15,3,9,
6442,14458,771414,27,27,3,8,
6443,15028,771414,3,4,4,7,
6444,9829,771414,17,17,3,9,
6445,15091,771414,23,23,3,7,
6446,3101,771414,3,4,4,8,
6447,11973,771414,23,23,3,7,
6448,10699,771414,19,19,3,8,
6449,14383,771414,3,4,4,6,
6450,2577,771414,3,4,4,9,
6451,2359,771414,3,4,4,8,
6452,1570,771414,3,4,4,8,
6453,2788,771414,3,4,4,9,
6454,4947,771414,3,4,4,8,
6455,3763,771414,3,4,4,8,
6456,18226,771415,33,33,3,6,
6457,3149,771415,3,4,4,8,
6458,6726,771415,13,13,3,6,
6459,1737,771415,3,4,4,7,
6460,21416,771415,33,33,3,8,
6461,14235,771415,27,27,3,7,
6462,3090,771415,3,4,4,7,
6463,10729,771415,23,23,3,8,
6464,1847,771415,3,4,4,5,
6465,11576,771415,17,17,3,7,
6466,2423,771415,3,4,4,7,
6467,14458,771415,25,25,3,7,
6468,11534,771415,21,21,3,7,
6469,10342,771415,17,17,3,8,
6470,16617,771415,25,25,3,7,
6471,13547,771415,23,23,3,7,
6472,13270,771415,33,33,3,8,
6473,15049,771415,3,4,4,8,
6474,13345,771415,3,4,4,8,
6475,6346,771415,13,13,3,8,
6476,1238,771415,3,4,4,8,
6477,1497,771415,3,4,4,8,
6478,7153,771415,21,21,3,9,
6479,12790,771415,33,33,3,8,
6480,20304,771415,19,19,3,8,
6481,7450,771415,3,4,4,8,
6482,3428,771415,3,4,4,8,
6483,14385,771415,25,25,3,7,
6484,16198,771415,31,31,3,9,
6485,15649,771415,29,29,3,7,
6486,16881,771415,3,4,4,7,
6487,2372,771415,3,4,4,8,
6488,8940,771415,13,13,3,9,
6489,9851,771415,21,21,3,8,
6490,10984,771415,29,29,3,8,
6491,11013,771415,3,4,4,8,
6492,11981,771415,13,13,3,7,
6493,3832,771415,3,4,4,9,
6494,4019,771415,3,4,4,9,
6495,5327,771415,3,4,4,8,
6496,2232,771415,3,4,4,7,
6497,11173,771415,29,29,3,9,
6498,36330,771415,29,29,3,8,
6499,6182,771415,13,13,3,8,
6500,1873,771415,3,4,4,7,
6501,12021,771415,23,23,3,8,
6502,5564,771415,3,4,4,9,
6503,21152,771415,27,27,3,7,
6504,1600,771415,3,4,4,7,
6505,2487,771415,3,4,4,8,
6506,945,771415,3,4,4,9,
6507,1357,771415,3,4,4,9,
6508,5561,771415,15,15,3,8,
6509,2132,771415,3,4,4,8,
6510,5953,771415,3,4,4,8,
6511,8476,771415,17,17,3,8,
6512,2000,771415,3,4,4,9,
6513,8457,771415,3,4,4,8,
6514,10088,771415,25,25,3,9,
6515,11381,771415,3,4,4,9,
6516,11618,771415,19,19,3,8,
6517,34630,771415,27,27,3,7,
6518,6499,771415,13,13,3,8,
6519,12748,771415,13,13,3,9,
6520,12515,771415,23,23,3,8,
6521,12272,771415,3,4,4,9,
6522,2560,771415,3,4,4,8,
6523,4876,771415,3,4,4,8,
6524,19345,771415,29,29,3,8,
6525,14744,771415,13,13,3,8,
6526,1976,771415,3,4,4,8,
6527,2510,771415,3,4,4,8,
6528,5452,771415,13,13,3,8,
6529,6448,771415,3,4,4,8,
6530,19709,771415,31,31,3,8,
6531,19776,771415,3,4,4,8,
6532,17698,771415,13,13,3,7,
6533,15155,771415,29,29,3,8,
6534,7680,771415,13,13,3,8,
6535,7331,771415,3,4,4,8,
6536,8797,771415,17,17,3,9,
6537,5170,771415,3,4,4,9,
6538,1037,771415,3,4,4,8,
6539,7930,771415,15,15,3,9,
6540,1817,771415,3,4,4,8,
6541,7568,771415,3,4,4,9,
6542,1774,771415,3,4,4,8,
6543,11529,771415,25,25,3,8,
6544,6032,771415,13,13,3,9,
6545,13492,771415,25,25,3,8,
6546,11271,771415,3,4,4,7,
6547,9986,771415,13,13,3,8,
6548,13763,771415,3,4,4,8,
6549,10405,771415,27,27,3,9,
6550,11554,771415,27,27,3,9,
6551,1878,771415,3,4,4,8,
6552,14809,771415,25,25,3,9,
6553,15411,771415,3,4,4,8,
6554,7391,771415,27,27,3,9,
6555,13913,771415,27,27,3,8,
6556,8857,771415,21,21,3,8,
6557,9170,771415,21,21,3,8,
6558,13867,771415,21,21,3,8,
6559,12519,771415,3,4,4,8,
6560,10113,771415,25,25,3,9,
6561,7653,771415,3,4,4,8,
6562,8094,771415,19,19,3,9,
6563,1660,771415,3,4,4,8,
6564,13941,771415,19,19,3,9,
6565,16611,771415,29,29,3,7,
6566,1759,771415,3,4,4,8,
6567,9612,771415,15,15,3,8,
6568,16423,771415,3,4,4,8,
6569,12896,771415,25,25,3,8,
6570,6439,771415,13,13,3,8,
6571,14029,771415,25,25,3,9,
6572,10570,771415,21,21,3,9,
6573,7417,771415,13,13,3,8,
6574,10448,771415,27,27,3,9,
6575,11887,771415,21,21,3,9,
6576,11695,771415,3,4,4,9,
6577,3307,771415,3,4,4,9,
6578,3013,771415,3,4,4,8,
6579,2312,771415,3,4,4,8,
6580,3094,771415,3,4,4,9,
6581,1714,771415,3,4,4,8,
6582,11061,771415,23,23,3,8,
6583,7161,771415,13,13,3,8,
6584,7256,771415,17,17,3,8,
6585,2045,771415,3,4,4,8,
6586,11321,771415,3,4,4,8,
6587,29118,771415,33,33,3,8,
6588,11678,771415,29,29,3,8,
6589,11234,771415,25,25,3,8,
6590,11015,771415,3,4,4,9,
6591,1878,771415,3,4,4,8,
6592,1926,771415,3,4,4,9,
6593,24000,771415,3,4,4,8,
6594,14069,771415,31,31,3,8,
6595,1749,771415,3,4,4,9,
6596,18638,771415,29,29,3,9,
6597,18682,771415,31,31,3,8,
6598,8786,771415,17,17,3,9,
6599,9756,771415,21,21,3,9,
6600,13673,771415,25,25,3,8,
6601,1343,771415,3,4,4,9,
6602,1532,771415,3,4,4,9,
6603,1591,771415,3,4,4,9,
6604,12119,771415,21,21,3,9,
6605,11466,771415,3,4,4,9,
6606,13749,771415,25,25,3,9,
6607,14210,771415,21,21,3,9,
6608,26392,771415,27,27,3,9,
6609,15114,771415,31,31,3,7,
6610,2155,771415,3,4,4,9,
6611,9530,771415,13,13,3,8,
6612,6604,771415,13,13,3,9,
6613,17512,771415,29,29,3,9,
6614,6601,771415,3,4,4,8,
6615,1341,771415,3,4,4,9,
6616,9973,771415,23,23,3,9,
6617,10757,771415,3,4,4,9,
6618,14914,771415,3,4,4,8,
6619,1839,771415,3,4,4,9,
6620,5502,771415,15,15,3,8,
6621,20336,771415,33,33,3,9,
6622,20670,771415,3,4,4,8,
6623,11298,771415,21,21,3,9,
6624,8585,771415,13,13,3,8,
6625,15883,771415,29,29,3,8,
6626,19196,771415,33,33,3,9,
6627,8723,771415,17,17,3,8,
6628,3573,771415,3,4,4,8,
6629,2844,771415,3,4,4,9,
6630,2486,771415,3,4,4,8,
6631,17124,771415,21,21,3,8,
6632,5192,771415,13,13,3,8,
6633,12274,771415,21,21,3,8,
6634,12285,771415,17,17,3,8,
6635,7379,771415,19,19,3,8,
6636,11972,771415,3,4,4,8,
6637,4305,771415,3,4,4,9,
6638,1624,771415,3,4,4,9,
6639,9241,771415,15,15,3,8,
6640,6926,771415,17,17,3,9,
6641,13978,771415,25,25,3,8,
6642,1345,771415,3,4,4,9,
6643,1636,771415,3,4,4,8,
6644,13496,771415,27,27,3,8,
6645,9258,771415,17,17,3,9,
6646,9122,771415,3,4,4,8,
6647,2780,771415,3,4,4,9,
6648,3654,771415,3,4,4,8,
6649,2378,771415,3,4,4,9,
6650,7408,771415,17,17,3,8,
6651,7977,771415,19,19,3,7,
6652,7974,771415,19,19,3,7,
6653,9010,771415,3,4,4,8,
6654,17625,771415,17,17,3,8,
6655,7322,771415,3,4,4,9,
6656,1662,771415,3,4,4,8,
6657,1788,771415,3,4,4,8,
6658,570,771415,3,4,4,8,
6659,1019,771415,3,4,4,7,
6660,2336,771415,3,4,4,8,
6661,1807,771415,3,4,4,8,
6662,19529,771415,25,25,3,6,
6663,2416,771415,3,4,4,7,
6664,17752,771415,31,31,3,8,
6665,16482,771415,19,19,3,8,
6666,2540,771415,3,4,4,8,
6667,3149,771415,3,4,4,8,
6668,14535,771415,27,27,3,8,
6669,17833,771415,31,31,3,8,
6670,18500,771415,29,29,3,8,
6671,18515,771415,3,4,4,8,
6672,1935,771415,3,4,4,9,
6673,1971,771415,3,4,4,9,
6674,1397,771415,3,4,4,9,
6675,1449,771415,3,4,4,9,
6676,2309,771415,3,4,4,8,
6677,2444,771415,3,4,4,9,
6678,13079,771415,27,27,3,8,
6679,16267,771415,23,23,3,9,
6680,16442,771415,31,31,3,9,
6681,4864,771415,3,4,4,8,
6682,3130,771415,3,4,4,8,
6683,10212,771415,3,4,4,8,
6684,15227,771415,23,23,3,8,
6685,12944,771415,27,27,3,8,
6686,13351,771415,31,31,3,8,
6687,19235,771415,33,33,3,8,
6688,24471,771415,25,25,3,9,
6689,9541,771415,13,13,3,9,
6690,8624,771415,23,23,3,9,
6691,10858,771415,19,19,3,9,
6692,11106,771415,27,27,3,8,
6693,9781,771415,3,4,4,9,
6694,23263,771415,33,33,3,9,
6695,8034,771415,3,4,4,8,
6696,1256,771415,3,4,4,9,
6697,1975,771415,3,4,4,9,
6698,8704,771415,15,15,3,8,
6699,11536,771415,3,4,4,9,
6700,10573,771415,19,19,3,8,
6701,12565,771415,29,29,3,9,
6702,12840,771415,3,4,4,8,
6703,8677,771415,17,17,3,8,
6704,16381,771415,3,4,4,9,
6705,8277,771415,3,4,4,9,
6706,9787,771415,19,19,3,9,
6707,15241,771415,21,21,3,9,
6708,16016,771415,31,31,3,7,
6709,18218,771415,25,26,3,8,
6710,20871,771415,31,31,3,9,
6711,14851,771415,25,25,3,9,
6712,10985,771415,25,25,3,7,
6713,12027,771415,3,4,4,8,
6714,8394,771415,15,15,3,8,
6715,15509,771415,31,31,3,9,
6716,23522,771415,19,19,3,9,
6717,992,771415,3,4,4,7,
6718,2204,771415,3,4,4,8,
6719,2386,771415,3,4,4,7,
6720,939,771415,3,4,4,7,
6721,1657,771415,3,4,4,8,
6722,5802,771415,3,4,4,7,
6723,13189,771415,23,23,3,8,
6724,1613,771415,3,4,4,8,
6725,1891,771415,3,4,4,8,
6726,12780,771415,3,4,4,8,
6727,8604,771415,21,21,3,8,
6728,14983,771415,31,31,3,9,
6729,9257,771415,3,4,4,8,
6730,14864,771415,3,4,4,8,
6731,2696,771415,3,4,4,9,
6732,12719,771415,31,31,3,8,
6733,2109,771415,3,4,4,9,
6734,1549,771415,3,4,4,9,
6735,1601,771415,3,4,4,8,
6736,5300,771415,13,13,3,8,
6737,7125,771415,13,13,3,8,
6738,9999,771415,23,23,3,9,
6739,6497,771415,3,4,4,8,
6740,6536,771415,17,17,3,8,
6741,7576,771415,3,4,4,8,
6742,3896,771415,3,4,4,9,
6743,6308,771415,3,4,4,8,
6744,2603,771415,3,4,4,8,
6745,1546,771415,3,4,4,7,
6746,10407,771415,17,17,3,8,
6747,1600,771415,3,4,4,8,
6748,10628,771415,15,15,3,8,
6749,2392,771415,3,4,4,8,
6750,16113,771415,15,15,3,8,
6751,12840,771415,21,21,3,8,
6752,4335,771415,3,4,4,8,
6753,2541,771415,3,4,4,9,
6754,22994,771415,33,33,3,8,
6755,2617,771415,3,4,4,7,
6756,6413,771415,13,13,3,8,
6757,15990,771415,23,23,3,9,
6758,2588,771415,3,4,4,9,
6759,11648,771415,29,29,3,8,
6760,13388,771415,19,19,3,8,
6761,11838,771415,21,21,3,8,
6762,14287,771415,27,27,3,8,
6763,16361,771415,3,4,4,9,
6764,3814,771415,3,4,4,9,
6765,6210,771415,17,17,3,9,
6766,6608,771415,3,4,4,9,
6767,8164,771415,3,4,4,9,
6768,9341,771415,17,17,3,9,
6769,9066,771415,3,4,4,8,
6770,10335,771415,21,21,3,8,
6771,15313,771415,33,33,3,9,
6772,2073,771415,3,4,4,9,
6773,10517,771415,23,23,3,9,
6774,14504,771415,13,13,3,9,
6775,7783,771415,21,21,3,9,
6776,12240,771415,23,23,3,8,
6777,1586,771415,3,4,4,8,
6778,1856,771415,3,4,4,8,
6779,10685,771415,19,19,3,8,
6780,1823,771415,3,4,4,9,
6781,11193,771415,23,23,3,8,
6782,2281,771415,3,4,4,9,
6783,16874,771415,33,33,3,8,
6784,5697,771415,3,4,4,8,
6785,22479,771415,19,19,3,7,
6786,8992,771415,17,17,3,9,
6787,6220,771415,3,4,4,9,
6788,12228,771415,31,31,3,8,
6789,12583,771415,3,4,4,9,
6790,4719,771415,3,4,4,8,
6791,12736,771415,27,27,3,8,
6792,2037,771415,3,4,4,9,
6793,13308,771415,3,4,4,7,
6794,1862,771415,3,4,4,9,
6795,12320,771415,23,23,3,7,
6796,1768,771415,3,4,4,9,
6797,11789,771415,17,17,3,8,
6798,8672,771415,13,13,3,8,
6799,9157,771415,3,4,4,8,
6800,18333,771415,33,33,3,9,
6801,1298,771415,3,4,4,9,
6802,2184,771415,3,4,4,8,
6803,2069,771415,3,4,4,9,
6804,3207,771415,3,4,4,7,
6805,3697,771415,3,4,4,8,
6806,1658,771415,3,4,4,8,
6807,16975,771415,31,31,3,7,
6808,15453,771415,23,23,3,8,
6809,9007,771415,15,15,3,7,
6810,1701,771415,3,4,4,7,
6811,19489,771415,33,33,3,8,
6812,11836,771415,3,4,4,8,
6813,1476,771415,3,4,4,8,
6814,16409,771415,33,33,3,9,
6815,6758,771415,15,15,3,8,
6816,1319,771415,3,4,4,9,
6817,1665,771415,3,4,4,9,
6818,6531,771415,17,17,3,9,
6819,5849,771415,3,4,4,8,
6820,11528,771415,3,4,4,8,
6821,9070,771415,3,4,4,9,
6822,1005,771415,3,4,4,7,
6823,2929,771415,3,4,4,9,
6824,9027,771415,19,19,3,6,
6825,8477,771415,19,19,3,8,
6826,12106,771415,21,21,3,9,
6827,11311,771415,3,4,4,9,
6828,3611,771415,3,4,4,9,
6829,3664,771415,3,4,4,9,
6830,13151,771415,17,17,3,9,
6831,2890,771415,3,4,4,8,
6832,12617,771415,3,4,4,8,
6833,12888,771415,19,19,3,8,
6834,2171,771415,3,4,4,8,
6835,18669,771415,29,29,3,7,
6836,17284,771415,23,23,3,7,
6837,16901,771415,29,29,3,7,
6838,14165,771415,25,25,3,9,
6839,17758,771415,27,27,3,8,
6840,10489,771415,23,23,3,9,
6841,12341,771415,25,25,3,9,
6842,1807,771415,3,4,4,9,
6843,1732,771415,3,4,4,8,
6844,7352,771415,3,4,4,9,
6845,8919,771415,19,19,3,8,
6846,8775,771415,3,4,4,8,
6847,3557,771415,3,4,4,7,
6848,5868,771415,3,4,4,8,
6849,13270,771415,25,25,3,7,
6850,1319,771415,3,4,4,7,
6851,15936,771415,23,23,3,7,
6852,13610,771415,3,4,4,8,
6853,6062,771415,13,13,3,8,
6854,847,771415,3,4,4,8,
6855,1819,771415,3,4,4,8,
6856,2231,771415,3,4,4,8,
6857,2328,771415,3,4,4,8,
6858,20690,771415,33,33,3,8,
6859,8923,771415,15,15,3,8,
6860,1791,771415,3,4,4,8,
6861,10971,771415,17,17,3,8,
6862,5421,771415,13,13,3,9,
6863,1994,771415,3,4,4,9,
6864,10401,771415,19,19,3,8,
6865,9690,771415,3,4,4,9,
6866,13618,771415,25,25,3,9,
6867,17934,771415,33,33,3,9,
6868,2731,771415,3,4,4,8,
6869,1500,771415,3,4,4,8,
6870,13396,771415,25,25,3,8,
6871,1784,771415,3,4,4,8,
6872,13047,771415,3,4,4,7,
6873,1923,771415,3,4,4,8,
6874,1793,771415,3,4,4,8,
6875,2196,771415,3,4,4,8,
6876,17276,771415,33,33,3,8,
6877,8343,771415,15,15,3,8,
6878,1673,771415,3,4,4,8,
6879,8673,771415,3,4,4,8,
6880,1830,771415,3,4,4,8,
6881,6856,771415,13,13,3,9,
6882,13307,771415,19,19,3,8,
6883,6365,771415,3,4,4,9,
6884,7276,771415,15,15,3,9,
6885,12119,771415,23,23,3,9,
6886,2558,771415,3,4,4,8,
6887,6021,771415,13,13,3,8,
6888,11605,771415,3,4,4,8,
6889,7078,771415,13,13,3,8,
6890,2236,771415,3,4,4,8,
6891,5714,771415,3,4,4,9,
6892,23791,771415,33,33,3,9,
6893,26193,771415,27,27,3,8,
6894,15527,771415,25,26,3,9,
6895,1732,771415,3,4,4,8,
6896,1740,771415,3,4,4,8,
6897,2336,771415,3,4,4,8,
6898,13572,771415,31,31,3,8,
6899,11152,771415,19,19,3,8,
6900,14542,771415,3,4,4,8,
6901,1995,771415,3,4,4,8,
6902,1494,771415,3,4,4,9,
6903,2210,771415,3,4,4,8,
6904,1901,771415,3,4,4,9,
6905,1681,771415,3,4,4,8,
6906,17319,771415,19,19,3,9,
6907,1488,771415,3,4,4,8,
6908,16916,771415,3,4,4,9,
6909,13447,771415,25,25,3,9,
6910,10633,771415,21,21,3,8,
6911,1161,771415,3,4,4,8,
6912,22719,771415,29,29,3,9,
6913,5235,771415,13,13,3,8,
6914,2497,771415,3,4,4,9,
6915,2276,771415,3,4,4,9,
6916,14213,771415,25,25,3,9,
6917,21894,771415,33,33,3,8,
6918,23904,771415,31,31,3,8,
6919,4048,771415,3,4,4,8,
6920,25896,771415,27,27,3,8,
6921,22763,771415,31,31,3,9,
6922,1523,771415,3,4,4,8,
6923,2322,771415,3,4,4,9,
6924,1669,771415,3,4,4,8,
6925,2790,771415,3,4,4,9,
6926,13705,771415,29,29,3,9,
6927,2316,771415,3,4,4,8,
6928,7763,771415,15,15,3,9,
6929,1887,771415,3,4,4,9,
6930,13771,771415,23,23,3,9,
6931,11560,771415,17,17,3,8,
6932,12461,771415,17,17,3,9,
6933,11929,771415,19,19,3,7,
6934,6763,771415,15,15,3,8,
6935,8566,771415,3,4,4,9,
6936,4113,771415,3,4,4,8,
6937,2141,771415,3,4,4,8,
6938,2738,771415,3,4,4,7,
6939,2037,771415,3,4,4,8,
6940,13778,771415,25,25,3,9,
6941,9418,771415,13,13,3,8,
6942,16027,771415,17,17,3,8,
6943,16990,771415,31,31,3,8,
6944,18563,771415,27,27,3,8,
6945,13602,771415,21,21,3,7,
6946,3294,771415,3,4,4,8,
6947,9827,771415,13,13,3,8,
6948,17212,771415,27,27,3,8,
6949,2383,771415,3,4,4,9,
6950,1643,771415,3,4,4,9,
6951,1544,771415,3,4,4,9,
6952,1554,771415,3,4,4,8,
6953,11305,771415,17,17,3,8,
6954,11569,771415,3,4,4,8,
6955,12127,771415,3,4,4,9,
6956,1313,771415,3,4,4,9,
6957,10149,771415,25,25,3,9,
6958,10380,771415,3,4,4,9,
6959,4985,771415,13,13,3,8,
6960,7411,771415,17,17,3,9,
6961,9612,771415,27,27,3,9,
6962,14846,771415,25,26,3,7,
6963,4811,771415,3,4,4,8,
6964,11338,771415,23,23,3,8,
6965,7865,771415,3,4,4,8,
6966,14321,771415,3,4,4,8,
6967,11242,771415,3,4,4,8,
6968,8941,771415,19,19,3,8,
6969,15525,771415,31,31,3,8,
6970,8212,771415,3,4,4,8,
6971,11629,771415,19,19,3,8,
6972,14502,771415,25,25,3,8,
6973,12864,771415,27,27,3,9,
6974,2233,771415,3,4,4,8,
6975,1260,771415,3,4,4,8,
6976,2176,771415,3,4,4,8,
6977,2490,771415,3,4,4,8,
6978,7827,771415,13,13,3,8,
6979,15218,771415,33,33,3,8,
6980,1296,771415,3,4,4,7,
6981,8301,771415,3,4,4,8,
6982,2092,771415,3,4,4,8,
6983,28483,771415,33,33,3,8,
6984,2254,771415,3,4,4,8,
6985,3719,771415,3,4,4,9,
6986,7032,771415,13,13,3,9,
6987,15408,771415,31,31,3,8,
6988,7936,771415,19,19,3,9,
6989,7924,771415,3,4,4,9,
6990,966,771415,3,4,4,8,
6991,9625,771415,19,19,3,9,
6992,14485,771415,31,31,3,9,
6993,10755,771415,23,23,3,9,
6994,14017,771415,3,4,4,8,
6995,10017,771415,3,4,4,9,
6996,2153,771415,3,4,4,9,
6997,14708,771415,27,27,3,9,
6998,15288,771415,3,4,4,9,
6999,14061,771415,3,4,4,8,
7000,6959,771415,17,17,3,9,
7001,11400,771415,21,21,3,8,
7002,1636,771415,3,4,4,9,
7003,1102,771415,3,4,4,9,
7004,2324,771415,3,4,4,8,
7005,1737,771415,3,4,4,8,
7006,2525,771415,3,4,4,8,
7007,1417,771415,3,4,4,9,
7008,7645,771415,3,4,4,8,
7009,12737,771415,15,15,3,8,
7010,1759,771415,3,4,4,9,
7011,9432,771415,15,15,3,9,
7012,1093,771415,3,4,4,9,
7013,8746,771415,21,21,3,9,
7014,19921,771415,25,25,3,8,
7015,16073,771415,25,25,3,8,
7016,14150,771415,19,19,3,8,
7017,16397,771415,3,4,4,9,
7018,10715,771415,23,23,3,8,
7019,10979,771415,21,21,3,8,
7020,11124,771415,3,4,4,9,
7021,2664,771415,3,4,4,9,
7022,17802,771415,33,33,3,8,
7023,2568,771415,3,4,4,9,
7024,2108,771415,3,4,4,9,
7025,1971,771415,3,4,4,8,
7026,2283,771415,3,4,4,8,
7027,9012,771415,23,23,3,8,
7028,2251,771415,3,4,4,8,
7029,1624,771415,3,4,4,8,
7030,10452,771415,27,27,3,7,
7031,10650,771415,27,27,3,8,
7032,7740,771415,3,4,4,8,
7033,10500,771415,3,4,4,8,
7034,10917,771415,3,4,4,8,
7035,1705,771415,3,4,4,9,
7036,1582,771415,3,4,4,9,
7037,5066,771415,17,17,3,8,
7038,7341,771415,3,4,4,8,
7039,5074,771415,3,4,4,9,
7040,17332,771415,33,33,3,8,
7041,6117,771415,13,13,3,8,
7042,1644,771415,3,4,4,8,
7043,13050,771415,29,29,3,8,
7044,997,771415,3,4,4,6,
7045,8982,771415,21,21,3,8,
7046,2682,771415,3,4,4,8,
7047,1416,771415,3,4,4,7,
7048,12336,771415,19,19,3,8,
7049,13027,771415,3,4,4,7,
7050,1799,771415,3,4,4,8,
7051,8345,771415,13,13,3,9,
7052,1405,771415,3,4,4,8,
7053,1440,771415,3,4,4,8,
7054,13436,771415,33,33,3,8,
7055,11573,771415,3,4,4,8,
7056,1330,771415,3,4,4,8,
7057,6657,771415,21,21,3,8,
7058,7780,771415,3,4,4,8,
7059,5490,771415,3,4,4,8,
7060,7435,771415,3,4,4,9,
7061,2798,771415,3,4,4,8,
7062,16865,771415,27,27,3,8,
7063,16858,771415,31,31,3,8,
7064,17109,771415,3,4,4,8,
7065,9233,771415,19,19,3,8,
7066,11614,771415,23,23,3,8,
7067,11357,771415,25,25,3,8,
7068,8903,771415,3,4,4,8,
7069,11545,771415,3,4,4,8,
7070,1021,771415,3,4,4,9,
7071,18324,771415,27,27,3,8,
7072,7935,771415,17,17,3,8,
7073,16343,771415,33,33,3,9,
7074,25729,771415,23,23,3,9,
7075,2051,771415,3,4,4,8,
7076,5613,771415,3,4,4,8,
7077,16028,771415,31,31,3,8,
7078,11641,771415,21,21,3,9,
7079,16452,771415,27,27,3,8,
7080,17185,771415,33,33,3,9,
7081,2835,771415,3,4,4,8,
7082,6606,771415,15,15,3,9,
7083,1170,771415,3,4,4,9,
7084,1523,771415,3,4,4,9,
7085,2145,771415,3,4,4,8,
7086,17595,771415,31,31,3,8,
7087,7819,771415,3,4,4,8,
7088,17831,771415,3,4,4,9,
7089,10976,771415,29,29,3,9,
7090,6670,771415,3,4,4,9,
7091,10067,771415,3,4,4,8,
7092,1704,771415,3,4,4,8,
7093,11081,771415,27,27,3,8,
7094,1350,771415,3,4,4,8,
7095,11890,771415,3,4,4,8,
7096,1430,771415,3,4,4,8,
7097,7987,771415,21,21,3,8,
7098,1457,771415,3,4,4,9,
7099,1147,771415,3,4,4,8,
7100,1435,771415,3,4,4,8,
7101,7260,771415,3,4,4,8,
7102,1276,771415,3,4,4,8,
7103,1151,771415,3,4,4,8,
7104,9774,771415,31,31,3,8,
7105,5858,771415,15,15,3,8,
7106,11036,771415,3,4,4,9,
7107,6103,771415,3,4,4,8,
7108,1654,771415,3,4,4,8,
7109,1354,771415,3,4,4,9,
7110,2812,771415,3,4,4,7,
7111,2319,771415,3,4,4,8,
7112,2768,771415,3,4,4,8,
7113,3371,771415,3,4,4,8,
7114,2686,771415,3,4,4,7,
7115,14030,771415,29,29,3,8,
7116,2202,771415,3,4,4,7,
7117,3065,771415,3,4,4,7,
7118,14355,771415,27,27,3,7,
7119,20853,771415,33,33,3,8,
7120,1578,771415,3,4,4,8,
7121,6751,771415,13,13,3,8,
7122,14821,771415,21,21,3,8,
7123,2551,771415,3,4,4,8,
7124,2399,771415,3,4,4,8,
7125,9488,771415,13,13,3,8,
7126,6526,771415,3,4,4,9,
7127,2545,771415,3,4,4,9,
7128,15520,771415,19,19,3,8,
7129,8535,771415,15,15,3,9,
7130,15170,771415,21,21,3,9,
7131,18624,771415,23,23,3,9,
7132,16282,771415,25,25,3,8,
7133,10266,771415,3,4,4,7,
7134,2604,771415,3,4,4,9,
7135,9196,771415,3,4,4,8,
7136,10646,771415,19,19,3,9,
7137,6690,771415,15,15,3,8,
7138,14731,771415,27,27,3,9,
7139,8902,771415,15,15,3,8,
7140,13991,771415,29,29,3,8,
7141,1617,771415,3,4,4,8,
7142,7413,771415,13,13,3,8,
7143,7771,771415,3,4,4,8,
7144,1985,771415,3,4,4,9,
7145,12620,771415,25,25,3,9,
7146,6366,771415,3,4,4,8,
7147,24503,771415,31,31,3,8,
7148,2026,771415,3,4,4,9,
7149,2020,771415,3,4,4,9,
7150,1948,771415,3,4,4,9,
7151,2301,771415,3,4,4,9,
7152,2656,771415,3,4,4,8,
7153,13483,771415,31,31,3,8,
7154,6966,771415,19,19,3,8,
7155,3290,771415,3,4,4,9,
7156,4640,771415,3,4,4,8,
7157,6291,771415,3,4,4,8,
7158,6610,771415,15,15,3,8,
7159,2494,771415,3,4,4,9,
7160,16663,771415,25,25,3,8,
7161,9577,771415,19,19,3,8,
7162,6721,771415,15,15,3,9,
7163,10110,771415,3,4,4,9,
7164,13370,771415,3,4,4,8,
7165,6624,771415,13,13,3,8,
7166,7015,771415,3,4,4,8,
7167,5305,771415,3,4,4,9,
7168,9340,771415,3,4,4,8,
7169,9170,771415,19,19,3,9,
7170,9467,771415,15,15,3,7,
7171,12450,771415,27,27,3,8,
7172,15717,771415,29,29,3,8,
7173,13727,771415,27,27,3,9,
7174,15767,771415,3,4,4,9,
7175,1396,771415,3,4,4,8,
7176,2509,771415,3,4,4,8,
7177,1733,771415,3,4,4,9,
7178,2663,771415,3,4,4,8,
7179,2206,771415,3,4,4,8,
7180,2674,771415,3,4,4,9,
7181,7991,771415,15,15,3,8,
7182,7545,771415,15,15,3,7,
7183,15631,771415,33,33,3,8,
7184,7391,771415,3,4,4,8,
7185,9626,771415,25,25,3,8,
7186,15500,771415,3,4,4,8,
7187,8882,771415,23,23,3,9,
7188,7424,771415,3,4,4,9,
7189,2054,771415,3,4,4,8,
7190,1298,771415,3,4,4,8,
7191,9281,771415,23,23,3,8,
7192,2074,771415,3,4,4,8,
7193,7249,771415,15,15,3,8,
7194,7662,771415,3,4,4,7,
7195,1044,771415,3,4,4,9,
7196,5573,771415,17,17,3,7,
7197,7660,771415,3,4,4,8,
7198,5930,771415,3,4,4,8,
7199,1936,771415,3,4,4,9,
7200,6886,771415,19,19,3,8,
7201,6677,771415,3,4,4,8,
7202,8812,771415,17,17,3,8,
7203,13945,771415,27,27,3,7,
7204,2426,771415,3,4,4,7,
7205,3553,771415,3,4,4,7,
7206,8484,771415,3,4,4,7,
7207,15238,771415,3,4,4,8,
7208,17527,771415,33,33,3,8,
7209,11033,771415,21,21,3,8,
7210,9444,771415,19,19,3,8,
7211,2210,771415,3,4,4,8,
7212,10552,771415,3,4,4,8,
7213,3236,771415,3,4,4,8,
7214,2526,771415,3,4,4,9,
7215,1398,771415,3,4,4,8,
7216,1511,771415,3,4,4,7,
7217,1921,771415,3,4,4,9,
7218,2195,771415,3,4,4,7,
7219,19239,771415,33,33,3,8,
7220,3666,771415,3,4,4,8,
7221,20590,771415,3,4,4,9,
7222,9104,771415,19,19,3,8,
7223,12544,771415,21,21,3,8,
7224,9159,771415,17,17,3,8,
7225,10860,771415,19,19,3,9,
7226,12105,771415,27,27,3,8,
7227,8737,771415,3,4,4,8,
7228,14886,771415,31,31,3,8,
7229,5411,771415,13,13,3,8,
7230,3793,771415,3,4,4,9,
7231,6388,771415,15,15,3,9,
7232,6132,771415,3,4,4,9,
7233,8405,771415,19,19,3,8,
7234,2510,771415,3,4,4,9,
7235,2455,771415,3,4,4,8,
7236,11288,771415,21,21,3,9,
7237,1826,771415,3,4,4,8,
7238,10228,771415,3,4,4,8,
7239,15033,771415,27,27,3,8,
7240,16531,771415,31,31,3,7,
7241,22485,771415,19,19,3,8,
7242,2283,771415,3,4,4,9,
7243,10759,771415,23,23,3,8,
7244,3670,771415,3,4,4,9,
7245,1108,771415,3,4,4,8,
7246,6817,771415,13,13,3,9,
7247,2052,771415,3,4,4,8,
7248,9233,771415,23,23,3,9,
7249,1071,771415,3,4,4,9,
7250,11628,771415,23,23,3,9,
7251,12242,771415,3,4,4,8,
7252,10700,771415,23,23,3,9,
7253,10893,771415,3,4,4,8,
7254,4286,771415,3,4,4,9,
7255,8420,771415,17,17,3,8,
7256,1602,771415,3,4,4,8,
7257,29870,771415,31,31,3,9,
7258,1837,771415,3,4,4,9,
7259,15459,771415,25,25,3,8,
7260,5383,771415,3,4,4,9,
7261,14817,771415,29,29,3,8,
7262,10222,771415,15,15,3,9,
7263,20572,771415,29,29,3,8,
7264,9102,771415,3,4,4,8,
7265,13693,771415,25,25,3,8,
7266,22482,771415,27,27,3,8,
7267,22253,771415,31,31,3,8,
7268,23241,771415,3,4,4,9,
7269,6097,771415,15,15,3,8,
7270,7257,771415,3,4,4,9,
7271,661,771415,3,4,4,8,
7272,2337,771415,3,4,4,8,
7273,2317,771415,3,4,4,9,
7274,7365,771415,3,4,4,8,
7275,15523,771415,27,27,3,8,
7276,8970,771415,13,13,3,8,
7277,10339,771415,19,19,3,9,
7278,9628,771415,3,4,4,9,
7279,1545,771415,3,4,4,8,
7280,675,771415,3,4,4,7,
7281,1341,771415,3,4,4,7,
7282,2412,771415,3,4,4,8,
7283,10122,771415,21,21,3,9,
7284,8118,771415,23,23,3,7,
7285,8206,771415,19,19,3,7,
7286,3429,771415,3,4,4,8,
7287,9608,771415,3,4,4,8,
7288,8521,771415,3,4,4,8,
7289,8186,771415,3,4,4,8,
7290,4424,771415,3,4,4,9,
7291,14674,771415,33,33,3,9,
7292,6859,771415,17,17,3,8,
7293,1822,771415,3,4,4,8,
7294,7234,771415,17,17,3,9,
7295,7083,771415,3,4,4,7,
7296,2067,771415,3,4,4,8,
7297,6569,771415,13,13,3,9,
7298,8135,771415,19,19,3,8,
7299,42696,771415,27,27,3,7,
7300,5998,771415,3,4,4,8,
7301,8314,771415,3,4,4,9,
7302,10787,771415,19,19,3,8,
7303,7650,771415,3,4,4,8,
7304,1659,771415,3,4,4,8,
7305,41455,771415,23,23,3,8,
7306,1815,771415,3,4,4,8,
7307,35577,771415,21,21,3,8,
7308,2229,771415,3,4,4,8,
7309,40647,771415,21,21,3,7,
7310,2117,771415,3,4,4,8,
7311,2438,771415,3,4,4,8,
7312,32039,771415,13,13,3,8,
7313,2049,771415,3,4,4,8,
7314,40384,771415,3,4,4,8,
7315,38022,771415,3,4,4,7,
7316,37091,771415,19,19,3,9,
7317,36649,771415,15,15,3,8,
7318,42019,771415,31,31,3,9,
7319,28654,771415,33,33,3,8,
7320,9857,771415,13,13,3,8,
7321,2211,771415,3,4,4,8,
7322,3440,771415,3,4,4,8,
7323,1479,771415,3,4,4,8,
7324,2883,771415,3,4,4,8,
7325,1700,771415,3,4,4,7,
7326,7305,771415,3,4,4,8,
7327,3090,771415,3,4,4,9,
7328,16713,771415,29,29,3,8,
7329,6399,771415,19,19,3,8,
7330,17418,771415,3,4,4,8,
7331,7592,771415,19,19,3,9,
7332,6353,771415,3,4,4,9,
7333,8056,771415,3,4,4,9,
7334,8846,771415,17,18,3,8,
7335,19563,771415,27,27,3,9,
7336,26530,771415,33,33,3,8,
7337,13774,771415,33,33,3,9,
7338,13863,771415,15,15,3,9,
7339,16259,771415,17,17,3,9,
7340,23783,771415,27,27,3,9,
7341,9584,771415,23,23,3,8,
7342,9755,771415,21,21,3,9,
7343,9662,771415,3,4,4,9,
7344,10599,771415,23,23,3,8,
7345,6980,771415,19,19,3,9,
7346,8531,771415,17,17,3,8,
7347,15759,771415,23,23,3,9,
7348,14581,771415,29,29,3,8,
7349,10259,771415,3,4,4,9,
7350,13096,771415,31,31,3,8,
7351,12509,771415,3,4,4,8,
7352,7851,771415,15,15,3,9,
7353,7340,771415,19,19,3,7,
7354,9371,771415,19,19,3,7,
7355,7496,771415,3,4,4,8,
7356,12230,771415,23,23,3,9,
7357,11646,771415,3,4,4,8,
7358,4637,771415,3,4,4,8,
7359,832,771415,3,4,4,7,
7360,1500,771415,3,4,4,8,
7361,1500,771415,3,4,4,8,
7362,14042,771415,33,33,3,8,
7363,4838,771415,13,13,3,8,
7364,1441,771415,3,4,4,8,
7365,14254,771415,3,4,4,9,
7366,12730,771415,23,23,3,7,
7367,1211,771415,3,4,4,7,
7368,1625,771415,3,4,4,9,
7369,12998,771415,31,31,3,8,
7370,8270,771415,21,21,3,8,
7371,15101,771415,3,4,4,8,
7372,12878,771415,33,33,3,8,
7373,10212,771415,3,4,4,8,
7374,11463,771415,31,31,3,8,
7375,12404,771415,3,4,4,8,
7376,6400,771415,3,4,4,8,
7377,9026,771415,21,21,3,8,
7378,2972,771415,3,4,4,9,
7379,15338,771415,31,32,3,8,
7380,3273,771415,3,4,4,8,
7381,2210,771415,3,4,4,8,
7382,3170,771415,3,4,4,9,
7383,2919,771415,3,4,4,8,
7384,3144,771415,3,4,4,8,
7385,1168,771415,3,4,4,8,
7386,4314,771415,3,4,4,8,
7387,13194,771415,25,25,3,8,
7388,14916,771415,21,21,3,9,
7389,15691,771415,3,4,4,8,
7390,7821,771415,17,17,3,8,
7391,8902,771415,17,17,3,9,
7392,14038,771415,31,31,3,8,
7393,7979,771415,3,4,4,8,
7394,14888,771415,29,29,3,8,
7395,28956,771415,31,31,3,9,
7396,2024,771415,3,4,4,9,
7397,9268,771415,19,19,3,8,
7398,1493,771415,3,4,4,8,
7399,9274,771415,3,4,4,9,
7400,8793,771415,17,17,3,8,
7401,14112,771415,33,33,3,8,
7402,7682,771415,3,4,4,9,
7403,1759,771415,3,4,4,9,
7404,17788,771415,3,4,4,7,
7405,12898,771415,23,23,3,8,
7406,14961,771415,29,29,3,8,
7407,14967,771415,27,27,3,8,
7408,1414,771415,3,4,4,8,
7409,10180,771415,29,29,3,8,
7410,7131,771415,3,4,4,9,
7411,1590,771415,3,4,4,9,
7412,2221,771415,3,4,4,9,
7413,17255,771415,33,33,3,9,
7414,17051,771415,3,4,4,9,
7415,1451,771415,3,4,4,9,
7416,1761,771415,3,4,4,9,
7417,1679,771415,3,4,4,8,
7418,8350,771415,15,15,3,9,
7419,1613,771415,3,4,4,9,
7420,3887,771415,3,4,4,8,
7421,2116,771415,3,4,4,9,
7422,14171,771415,25,25,3,8,
7423,6681,771415,3,4,4,9,
7424,9857,771415,21,21,3,8,
7425,13637,771415,3,4,4,8,
7426,11152,771415,27,27,3,8,
7427,9652,771415,3,4,4,9,
7428,14535,771415,33,33,3,9,
7429,17074,771415,23,23,3,8,
7430,17490,771415,3,4,4,8,
7431,1876,771415,3,4,4,9,
7432,11662,771415,23,23,3,9,
7433,10249,771415,25,25,3,8,
7434,1675,771415,3,4,4,9,
7435,10226,771415,23,23,3,9,
7436,10432,771415,3,4,4,8,
7437,5182,771415,3,4,4,9,
7438,1105,771415,3,4,4,8,
7439,13751,771415,31,31,3,8,
7440,14990,771415,3,4,4,9,
7441,9911,771415,23,23,3,8,
7442,5387,771415,13,13,3,8,
7443,688,771415,3,4,4,8,
7444,1220,771415,3,4,4,8,
7445,2143,771415,3,4,4,9,
7446,2013,771415,3,4,4,7,
7447,13770,771415,25,25,3,8,
7448,2308,771415,3,4,4,9,
7449,11100,771415,27,27,3,9,
7450,13475,771415,3,4,4,7,
7451,2172,771415,3,4,4,8,
7452,7094,771415,19,19,3,8,
7453,11126,771415,3,4,4,9,
7454,13114,771415,27,27,3,8,
7455,12913,771415,3,4,4,7,
7456,8916,771415,21,21,3,9,
7457,11829,771415,27,27,3,9,
7458,18237,771415,33,33,3,8,
7459,6489,771415,3,4,4,7,
7460,2325,771415,3,4,4,9,
7461,1585,771415,3,4,4,8,
7462,3249,771415,3,4,4,8,
7463,2305,771415,3,4,4,8,
7464,2897,771415,3,4,4,8,
7465,3458,771415,3,4,4,7,
7466,8133,771415,13,13,3,8,
7467,15957,771415,27,27,3,8,
7468,2042,771415,3,4,4,8,
7469,7344,771415,15,15,3,8,
7470,13166,771415,23,23,3,8,
7471,15158,771415,3,4,4,7,
7472,7504,771415,15,15,3,8,
7473,8141,771415,3,4,4,8,
7474,6342,771415,3,4,4,9,
7475,8024,771415,13,13,3,9,
7476,11217,771415,13,13,3,8,
7477,13088,771415,27,27,3,9,
7478,10405,771415,25,25,3,8,
7479,12824,771415,27,27,3,8,
7480,16820,771415,23,23,3,9,
7481,13364,771415,27,27,3,9,
7482,3036,771415,3,4,4,9,
7483,1258,771415,3,4,4,9,
7484,13674,771415,29,29,3,8,
7485,17529,771415,33,33,3,8,
7486,13259,771415,3,4,4,8,
7487,17352,771415,3,4,4,9,
7488,8162,771415,21,21,3,9,
7489,12985,771415,33,33,3,9,
7490,13299,771415,3,4,4,9,
7491,6724,771415,3,4,4,8,
7492,3780,771415,3,4,4,9,
7493,16373,771415,27,27,3,9,
7494,18161,771415,31,31,3,9,
7495,16444,771415,23,23,3,8,
7496,1618,771415,3,4,4,8,
7497,15323,771415,27,27,3,8,
7498,8208,771415,17,17,3,9,
7499,7563,771415,3,4,4,8,
7500,1970,771415,3,4,4,8,
7501,7911,771415,13,13,3,8,
7502,18814,771416,29,29,3,9,
7503,8548,771416,3,4,4,8,
7504,18744,771416,3,4,4,8,
7505,1226,771416,3,4,4,8,
7506,2031,771416,3,4,4,9,
7507,13693,771416,25,25,3,9,
7508,9912,771416,21,21,3,8,
7509,2652,771416,3,4,4,8,
7510,14112,771416,33,33,3,8,
7511,2190,771416,3,4,4,8,
7512,13749,771416,3,4,4,8,
7513,3175,771416,3,4,4,8,
7514,1058,771416,3,4,4,9,
7515,7164,771416,15,15,3,8,
7516,13324,771416,19,19,3,9,
7517,14185,771416,19,19,3,9,
7518,13699,771416,33,33,3,9,
7519,2814,771416,3,4,4,8,
7520,2201,771416,3,4,4,8,
7521,17200,771416,31,31,3,8,
7522,1034,771416,3,4,4,8,
7523,10221,771416,17,17,3,8,
7524,13583,771416,27,27,3,9,
7525,19814,771416,27,27,3,8,
7526,13257,771416,3,4,4,9,
7527,1881,771416,3,4,4,8,
7528,11146,771416,21,21,3,9,
7529,7349,771416,13,13,3,8,
7530,21533,771416,21,21,3,9,
7531,14007,771416,19,19,3,8,
7532,13471,771416,25,25,3,8,
7533,7236,771416,13,13,3,9,
7534,9744,771416,3,4,4,8,
7535,1336,771416,3,4,4,8,
7536,1912,771416,3,4,4,9,
7537,10048,771416,17,17,3,7,
7538,6335,771416,3,4,4,8,
7539,1639,771416,3,4,4,8,
7540,13378,771416,25,25,3,9,
7541,11882,771416,29,29,3,8,
7542,7592,771416,13,13,3,8,
7543,10221,771416,3,4,4,8,
7544,14029,771416,29,29,3,8,
7545,1962,771416,3,4,4,8,
7546,13472,771416,3,4,4,8,
7547,1960,771416,3,4,4,9,
7548,12584,771416,31,31,3,8,
7549,12372,771416,3,4,4,8,
7550,6004,771416,3,4,4,8,
7551,12702,771416,33,33,3,8,
7552,5589,771416,15,15,3,9,
7553,7302,771416,15,15,3,8,
7554,2197,771416,3,4,4,8,
7555,6795,771416,3,4,4,8,
7556,9063,771416,27,27,3,8,
7557,7822,771416,3,4,4,9,
7558,9399,771416,3,4,4,9,
7559,13353,771416,29,29,3,8,
7560,14514,771416,3,4,4,8,
7561,1849,771416,3,4,4,8,
7562,2414,771416,3,4,4,8,
7563,10586,771416,27,27,3,8,
7564,2663,771416,3,4,4,7,
7565,10996,771416,3,4,4,8,
7566,2731,771416,3,4,4,8,
7567,2409,771416,3,4,4,8,
7568,10249,771416,23,23,3,8,
7569,2505,771416,3,4,4,8,
7570,7130,771416,17,17,3,8,
7571,10282,771416,3,4,4,8,
7572,2345,771416,3,4,4,8,
7573,6345,771416,15,15,3,8,
7574,1702,771416,3,4,4,9,
7575,1967,771416,3,4,4,9,
7576,6283,771416,17,17,3,8,
7577,13794,771416,29,29,3,8,
7578,3168,771416,3,4,4,8,
7579,2289,771416,3,4,4,8,
7580,2192,771416,3,4,4,8,
7581,22141,771416,29,29,3,8,
7582,17611,771416,31,31,3,8,
7583,2524,771416,3,4,4,7,
7584,2262,771416,3,4,4,7,
7585,18296,771416,27,27,3,8,
7586,2607,771416,3,4,4,8,
7587,28375,771416,25,25,3,8,
7588,12334,771416,17,17,3,9,
7589,13358,771416,15,15,3,8,
7590,1536,771416,3,4,4,8,
7591,27462,771416,31,31,3,8,
7592,998,771416,3,4,4,9,
7593,13382,771416,25,25,3,9,
7594,8284,771416,25,25,3,8,
7595,12101,771416,15,15,3,9,
7596,6607,771416,15,15,3,8,
7597,11996,771416,23,23,3,9,
7598,11706,771416,13,13,3,8,
7599,13059,771416,25,25,3,9,
7600,12462,771416,29,29,3,8,
7601,10198,771416,25,25,3,8,
7602,11473,771416,3,4,4,8,
7603,9671,771416,3,4,4,8,
7604,6053,771416,3,4,4,8,
7605,5428,771416,3,4,4,9,
7606,2464,771416,3,4,4,7,
7607,13058,771416,31,31,3,9,
7608,9555,771416,23,23,3,7,
7609,8984,771416,15,15,3,8,
7610,10808,771416,31,31,3,8,
7611,1796,771416,3,4,4,7,
7612,11260,771416,3,4,4,7,
7613,1765,771416,3,4,4,8,
7614,12390,771416,3,4,4,9,
7615,1319,771416,3,4,4,8,
7616,11823,771416,21,21,3,9,
7617,12928,771416,3,4,4,8,
7618,6902,771416,19,19,3,8,
7619,7564,771416,3,4,4,8,
7620,17644,771416,27,27,3,8,
7621,18182,771416,3,4,4,8,
7622,14587,771416,31,31,3,9,
7623,18139,771416,31,31,3,8,
7624,6435,771416,13,13,3,9,
7625,2394,771416,3,4,4,8,
7626,6985,771416,17,17,3,9,
7627,15130,771416,23,23,3,9,
7628,6848,771416,13,13,3,9,
7629,12252,771416,29,29,3,9,
7630,6433,771416,3,4,4,9,
7631,20871,771416,33,33,3,9,
7632,11399,771416,3,4,4,9,
7633,1952,771416,3,4,4,9,
7634,14294,771416,31,31,3,8,
7635,14419,771416,3,4,4,8,
7636,15005,771416,3,4,4,9,
7637,1505,771416,3,4,4,8,
7638,2074,771416,3,4,4,8,
7639,1357,771416,3,4,4,8,
7640,2739,771416,3,4,4,8,
7641,1520,771416,3,4,4,8,
7642,10588,771416,15,15,3,8,
7643,1846,771416,3,4,4,8,
7644,6657,771416,13,13,3,8,
7645,18210,771416,33,33,3,9,
7646,10198,771416,3,4,4,8,
7647,4488,771416,13,13,3,8,
7648,11116,771416,23,23,3,8,
7649,1344,771416,3,4,4,9,
7650,1898,771416,3,4,4,8,
7651,2950,771416,3,4,4,8,
7652,2529,771416,3,4,4,8,
7653,3370,771416,3,4,4,8,
7654,2517,771416,3,4,4,8,
7655,18295,771416,27,27,3,9,
7656,2839,771416,3,4,4,8,
7657,12895,771416,15,15,3,7,
7658,1781,771416,3,4,4,7,
7659,12178,771416,27,27,3,7,
7660,3382,771416,3,4,4,9,
7661,12024,771416,3,4,4,8,
7662,1320,771416,3,4,4,8,
7663,9208,771416,13,13,3,8,
7664,6680,771416,13,13,3,8,
7665,9996,771416,17,17,3,7,
7666,9034,771416,3,4,4,8,
7667,3802,771416,13,13,3,8,
7668,15241,771416,31,31,3,8,
7669,19613,771416,29,29,3,8,
7670,13948,771416,29,29,3,9,
7671,14932,771416,27,27,3,8,
7672,15634,771416,3,4,4,7,
7673,5503,771416,3,4,4,8,
7674,8841,771416,17,17,3,8,
7675,16260,771416,3,4,4,9,
7676,11202,771416,21,21,3,9,
7677,2436,771416,3,4,4,9,
7678,13671,771416,23,23,3,8,
7679,15128,771416,31,31,3,9,
7680,4445,771416,3,4,4,9,
7681,6536,771416,19,19,3,8,
7682,7257,771416,3,4,4,9,
7683,16362,771416,33,33,3,9,
7684,15271,771416,3,4,4,8,
7685,9828,771416,23,23,3,8,
7686,13531,771416,29,29,3,8,
7687,9688,771416,3,4,4,8,
7688,13532,771416,3,4,4,7,
7689,2563,771416,3,4,4,8,
7690,14742,771416,33,33,3,9,
7691,3678,771416,3,4,4,8,
7692,14311,771416,3,4,4,9,
7693,1755,771416,3,4,4,9,
7694,13870,771416,27,27,3,8,
7695,16130,771416,27,27,3,9,
7696,13436,771416,23,23,3,8,
7697,15877,771416,3,4,4,9,
7698,1088,771416,3,4,4,8,
7699,2302,771416,3,4,4,9,
7700,17876,771416,33,33,3,8,
7701,16884,771416,23,23,3,8,
7702,7585,771416,23,23,3,8,
7703,17511,771416,3,4,4,8,
7704,12782,771416,27,27,3,8,
7705,9808,771416,19,19,3,8,
7706,17924,771416,17,17,3,8,
7707,533,771416,3,4,4,8,
7708,7233,771416,15,15,3,8,
7709,4710,771416,15,15,3,9,
7710,9172,771416,23,23,3,9,
7711,9623,771416,3,4,4,9,
7712,12184,771416,21,21,3,8,
7713,3910,771416,3,4,4,9,
7714,11884,771416,3,4,4,8,
7715,16494,771416,31,31,3,9,
7716,15886,771416,29,29,3,8,
7717,9952,771416,19,19,3,9,
7718,14785,771416,25,25,3,7,
7719,21019,771416,3,4,4,9,
7720,24023,771416,27,27,3,8,
7721,24934,771416,3,4,4,9,
7722,2649,771416,3,4,4,8,
7723,22190,771416,27,27,3,8,
7724,24093,771416,31,31,3,8,
7725,17828,771416,27,27,3,8,
7726,19300,771416,31,31,3,9,
7727,9837,771416,13,13,3,8,
7728,17899,771416,27,27,3,8,
7729,18250,771416,29,29,3,8,
7730,11515,771416,3,4,4,8,
7731,10400,771416,3,4,4,8,
7732,11048,771416,21,21,3,9,
7733,10083,771416,3,4,4,9,
7734,3056,771416,3,4,4,9,
7735,2346,771416,3,4,4,8,
7736,16031,771416,27,27,3,8,
7737,10538,771416,19,19,3,8,
7738,21148,771416,27,27,3,8,
7739,10483,771416,3,4,4,8,
7740,8035,771416,13,13,3,8,
7741,27920,771416,33,33,3,8,
7742,6419,771416,19,19,3,9,
7743,14988,771416,27,27,3,9,
7744,21163,771416,33,33,3,8,
7745,8144,771416,15,15,3,8,
7746,14309,771416,3,4,4,9,
7747,12059,771416,29,29,3,8,
7748,1688,771416,3,4,4,9,
7749,13415,771416,19,19,3,8,
7750,13586,771416,3,4,4,9,
7751,15264,771416,23,23,3,8,
7752,10533,771416,23,23,3,8,
7753,13490,771416,17,17,3,9,
7754,17150,771416,23,23,3,8,
7755,11403,771416,25,25,3,8,
7756,17976,771416,3,4,4,9,
7757,1290,771416,3,4,4,8,
7758,9467,771416,15,15,3,8,
7759,1452,771416,3,4,4,9,
7760,2222,771416,3,4,4,9,
7761,9305,771416,3,4,4,8,
7762,1745,771416,3,4,4,9,
7763,1332,771416,3,4,4,8,
7764,6910,771416,13,13,3,8,
7765,8366,771416,3,4,4,9,
7766,1261,771416,3,4,4,9,
7767,7733,771416,15,15,3,9,
7768,10838,771416,17,17,3,9,
7769,1491,771416,3,4,4,9,
7770,1828,771416,3,4,4,9,
7771,1924,771416,3,4,4,7,
7772,1876,771416,3,4,4,8,
7773,13563,771416,23,23,3,9,
7774,2614,771416,3,4,4,8,
7775,2022,771416,3,4,4,7,
7776,15451,771416,29,29,3,8,
7777,3152,771416,3,4,4,8,
7778,10041,771416,17,17,3,9,
7779,17105,771416,33,33,3,8,
7780,19185,771416,31,31,3,7,
7781,18088,771416,31,31,3,8,
7782,10453,771416,19,19,3,9,
7783,18870,771416,3,4,4,8,
7784,16368,771416,3,4,4,8,
7785,10657,771416,23,23,3,9,
7786,8981,771416,19,19,3,8,
7787,11120,771416,23,23,3,8,
7788,7833,771416,3,4,4,8,
7789,18290,771416,31,31,3,8,
7790,3205,771416,3,4,4,9,
7791,2237,771416,3,4,4,8,
7792,2559,771416,3,4,4,7,
7793,6506,771416,13,13,3,7,
7794,2587,771416,3,4,4,7,
7795,17451,771416,33,33,3,8,
7796,1683,771416,3,4,4,6,
7797,21831,771416,29,29,3,8,
7798,1234,771416,3,4,4,7,
7799,1984,771416,3,4,4,8,
7800,8058,771416,17,17,3,7,
7801,11682,771416,3,4,4,7,
7802,8484,771416,3,4,4,8,
7803,16015,771416,27,27,3,8,
7804,1823,771416,3,4,4,9,
7805,2001,771416,3,4,4,8,
7806,12033,771416,19,19,3,8,
7807,11640,771416,15,15,3,8,
7808,13254,771416,23,23,3,8,
7809,7962,771416,15,15,3,9,
7810,8694,771416,3,4,4,9,
7811,12600,771416,19,19,3,9,
7812,13388,771416,23,23,3,9,
7813,17182,771416,25,25,3,8,
7814,17400,771416,29,29,3,8,
7815,23312,771416,33,33,3,9,
7816,2367,771416,3,4,4,8,
7817,4450,771416,3,4,4,8,
7818,22308,771416,3,4,4,8,
7819,13120,771416,27,27,3,8,
7820,10277,771416,21,21,3,9,
7821,10709,771416,19,19,3,8,
7822,12492,771416,23,23,3,9,
7823,6969,771416,17,17,3,9,
7824,6756,771416,3,4,4,8,
7825,2573,771416,3,4,4,8,
7826,2317,771416,3,4,4,8,
7827,16288,771416,29,29,3,8,
7828,7205,771416,13,13,3,8,
7829,1438,771416,3,4,4,7,
7830,2108,771416,3,4,4,8,
7831,17398,771416,29,29,3,8,
7832,13807,771416,25,25,3,8,
7833,2256,771416,3,4,4,8,
7834,18827,771416,27,27,3,8,
7835,14732,771416,3,4,4,9,
7836,10767,771416,21,21,3,9,
7837,8045,771416,19,19,3,9,
7838,22969,771416,31,31,3,8,
7839,8469,771416,3,4,4,8,
7840,12523,771416,23,23,3,9,
7841,15378,771416,31,31,3,8,
7842,16745,771416,27,27,3,8,
7843,11725,771416,27,27,3,9,
7844,2205,771416,3,4,4,8,
7845,11320,771416,3,4,4,9,
7846,12824,771416,27,27,3,8,
7847,3552,771416,3,4,4,8,
7848,12944,771416,3,4,4,9,
7849,9538,771416,15,15,3,8,
7850,2390,771416,3,4,4,9,
7851,1817,771416,3,4,4,9,
7852,9403,771416,13,13,3,9,
7853,9446,771416,3,4,4,9,
7854,10332,771416,25,25,3,9,
7855,10327,771416,3,4,4,8,
7856,13589,771416,33,33,3,8,
7857,13335,771416,33,33,3,8,
7858,14609,771416,3,4,4,9,
7859,23790,771416,21,21,3,8,
7860,14317,771416,29,29,3,9,
7861,9647,771416,25,25,3,9,
7862,1581,771416,3,4,4,9,
7863,7264,771416,21,21,3,8,
7864,7444,771416,3,4,4,8,
7865,8141,771416,21,21,3,8,
7866,8563,771416,3,4,4,9,
7867,4764,771416,3,4,4,8,
7868,8526,771416,15,15,3,8,
7869,15559,771416,27,28,3,8,
7870,8818,771416,3,4,4,8,
7871,19436,771416,25,25,3,8,
7872,19117,771416,3,4,4,8,
7873,7256,771416,15,15,3,8,
7874,18566,771416,33,33,3,8,
7875,8642,771416,19,19,3,9,
7876,9205,771416,17,17,3,9,
7877,2408,771416,3,4,4,8,
7878,17101,771416,33,33,3,8,
7879,13098,771416,3,4,4,8,
7880,8085,771416,17,17,3,9,
7881,4797,771416,3,4,4,9,
7882,17237,771416,31,31,3,8,
7883,16979,771416,3,4,4,9,
7884,2186,771416,3,4,4,9,
7885,1436,771416,3,4,4,9,
7886,951,771416,3,4,4,8,
7887,958,771416,3,4,4,8,
7888,9813,771416,21,21,3,8,
7889,1557,771416,3,4,4,7,
7890,15984,771416,23,23,3,8,
7891,9604,771416,19,19,3,8,
7892,7777,771416,15,15,3,8,
7893,8483,771416,15,15,3,8,
7894,1962,771416,3,4,4,9,
7895,10035,771416,21,21,3,9,
7896,20950,771416,31,31,3,9,
7897,19477,771416,33,33,3,9,
7898,18517,771416,3,4,4,7,
7899,16093,771416,29,29,3,8,
7900,2716,771416,3,4,4,8,
7901,16698,771416,31,31,3,8,
7902,9258,771416,19,19,3,9,
7903,2899,771416,3,4,4,8,
7904,2470,771416,3,4,4,9,
7905,12799,771416,3,4,4,8,
7906,15680,771416,27,27,3,9,
7907,14335,771416,3,4,4,8,
7908,18970,771416,31,31,3,8,
7909,14384,771416,31,31,3,9,
7910,1944,771416,3,4,4,8,
7911,17862,771416,25,25,3,9,
7912,8744,771416,19,19,3,8,
7913,13015,771416,27,27,3,8,
7914,17339,771416,3,4,4,8,
7915,9101,771416,3,4,4,9,
7916,22263,771416,33,33,3,9,
7917,10346,771416,23,23,3,8,
7918,10958,771416,3,4,4,9,
7919,10633,771416,25,25,3,7,
7920,11587,771416,25,25,3,8,
7921,10694,771416,19,19,3,8,
7922,12162,771416,33,33,3,9,
7923,11010,771416,3,4,4,8,
7924,18192,771416,27,27,3,8,
7925,18085,771416,3,4,4,8,
7926,1732,771416,3,4,4,8,
7927,2268,771416,3,4,4,8,
7928,18295,771416,23,23,3,8,
7929,13416,771416,23,23,3,8,
7930,19891,771416,3,4,4,9,
7931,4638,771416,13,13,3,8,
7932,11428,771416,31,31,3,9,
7933,10542,771416,21,21,3,9,
7934,1484,771416,3,4,4,8,
7935,8614,771416,3,4,4,8,
7936,11986,771416,23,24,3,8,
7937,14884,771416,19,19,3,9,
7938,12388,771416,29,29,3,8,
7939,1917,771416,3,4,4,8,
7940,14523,771416,31,31,3,9,
7941,9173,771416,17,17,3,8,
7942,2100,771416,3,4,4,9,
7943,10042,771416,3,4,4,8,
7944,1649,771416,3,4,4,9,
7945,16013,771416,27,27,3,9,
7946,16676,771416,3,4,4,8,
7947,2701,771416,3,4,4,9,
7948,15421,771416,31,31,3,9,
7949,1957,771416,3,4,4,9,
7950,15299,771416,21,21,3,8,
7951,13927,771416,3,4,4,8,
7952,19893,771416,25,25,3,9,
7953,2561,771416,3,4,4,9,
7954,12781,771416,31,31,3,8,
7955,13354,771416,27,27,3,8,
7956,12820,771416,21,21,3,8,
7957,26828,771416,33,33,3,9,
7958,1932,771416,3,4,4,8,
7959,2830,771416,3,4,4,8,
7960,12405,771416,17,17,3,9,
7961,21342,771416,31,31,3,8,
7962,2735,771416,3,4,4,8,
7963,10863,771416,21,21,3,8,
7964,3042,771416,3,4,4,9,
7965,15243,771416,31,31,3,8,
7966,11987,771416,31,31,3,8,
7967,16310,771416,3,4,4,8,
7968,12475,771416,27,27,3,9,
7969,6767,771416,15,15,3,8,
7970,6211,771416,3,4,4,9,
7971,10961,771416,3,4,4,8,
7972,2055,771416,3,4,4,8,
7973,12199,771416,25,25,3,9,
7974,1756,771416,3,4,4,9,
7975,1795,771416,3,4,4,8,
7976,2071,771416,3,4,4,8,
7977,16101,771416,31,31,3,9,
7978,2655,771416,3,4,4,8,
7979,9093,771416,21,21,3,9,
7980,9083,771416,3,4,4,8,
7981,12778,771416,23,23,3,9,
7982,9758,771416,17,17,3,8,
7983,12466,771416,3,4,4,8,
7984,7228,771416,13,13,3,9,
7985,5703,771416,13,13,3,9,
7986,4897,771416,3,4,4,9,
7987,16984,771416,21,21,3,8,
7988,9625,771416,17,17,3,9,
7989,1450,771416,3,4,4,8,
7990,16640,771416,19,19,3,8,
7991,10819,771416,23,23,3,8,
7992,7802,771416,13,13,3,8,
7993,7899,771416,15,15,3,7,
7994,4511,771416,15,15,3,9,
7995,1846,771416,3,4,4,9,
7996,10460,771416,3,4,4,8,
7997,1892,771416,3,4,4,9,
7998,2952,771416,3,4,4,8,
7999,7032,771416,17,17,3,9,
8000,3339,771416,3,4,4,8,
8001,8714,771416,15,15,3,7,
8002,12460,771416,13,13,3,7,
8003,3240,771416,3,4,4,8,
8004,13029,771416,27,27,3,9,
8005,15453,771416,25,25,3,8,
8006,17078,771416,27,27,3,8,
8007,16087,771416,3,4,4,8,
8008,13069,771416,3,4,4,8,
8009,1511,771416,3,4,4,9,
8010,1324,771416,3,4,4,9,
8011,3277,771416,3,4,4,8,
8012,15254,771416,31,31,3,8,
8013,13429,771416,23,23,3,8,
8014,3949,771416,3,4,4,8,
8015,11219,771416,27,27,3,9,
8016,5716,771416,13,13,3,8,
8017,10558,771416,3,4,4,8,
8018,11426,771416,27,27,3,9,
8019,1439,771416,3,4,4,8,
8020,7471,771416,19,19,3,9,
8021,8118,771416,3,4,4,8,
8022,5328,771416,17,17,3,7,
8023,7810,771416,3,4,4,8,
8024,6209,771416,3,4,4,9,
8025,1495,771416,3,4,4,9,
8026,2418,771416,3,4,4,8,
8027,8276,771416,13,13,3,9,
8028,10000,771416,3,4,4,8,
8029,15357,771416,27,27,3,8,
8030,3347,771416,3,4,4,7,
8031,16249,771416,27,27,3,8,
8032,13661,771416,17,17,3,9,
8033,2487,771416,3,4,4,7,
8034,14739,771416,25,25,3,8,
8035,2370,771416,3,4,4,9,
8036,1411,771416,3,4,4,8,
8037,17181,771416,25,25,3,8,
8038,2030,771416,3,4,4,8,
8039,10685,771416,19,19,3,9,
8040,12276,771416,23,23,3,8,
8041,3144,771416,3,4,4,8,
8042,11801,771416,3,4,4,8,
8043,2008,771416,3,4,4,9,
8044,1323,771416,3,4,4,8,
8045,1411,771416,3,4,4,8,
8046,13096,771416,23,23,3,8,
8047,14050,771416,3,4,4,8,
8048,3236,771416,3,4,4,8,
8049,3228,771416,3,4,4,8,
8050,10395,771416,19,19,3,9,
8051,2599,771416,3,4,4,8,
8052,12631,771416,25,25,3,9,
8053,2368,771416,3,4,4,8,
8054,1201,771416,3,4,4,8,
8055,7418,771416,17,17,3,8,
8056,6012,771416,17,17,3,9,
8057,1908,771416,3,4,4,8,
8058,5903,771416,3,4,4,7,
8059,9298,771416,21,21,3,8,
8060,6164,771416,3,4,4,8,
8061,9882,771416,3,4,4,9,
8062,2728,771416,3,4,4,8,
8063,14472,771416,27,27,3,9,
8064,7022,771416,15,15,3,7,
8065,13797,771416,29,29,3,7,
8066,1983,771416,3,4,4,7,
8067,12657,771416,3,4,4,8,
8068,16053,771416,33,33,3,8,
8069,5963,771416,17,17,3,8,
8070,11786,771416,3,4,4,8,
8071,5814,771416,3,4,4,9,
8072,3611,771416,3,4,4,8,
8073,2839,771416,3,4,4,9,
8074,10310,771416,3,4,4,8,
8075,1429,771416,3,4,4,8,
8076,8002,771416,15,15,3,9,
8077,12185,771416,23,23,3,9,
8078,8341,771416,3,4,4,8,
8079,18554,771416,27,27,3,8,
8080,1292,771416,3,4,4,8,
8081,1968,771416,3,4,4,8,
8082,21290,771416,21,21,3,9,
8083,11369,771416,13,13,3,8,
8084,15513,771416,21,21,3,8,
8085,11076,771416,3,4,4,8,
8086,8722,771416,3,4,4,9,
8087,13051,771416,21,21,3,8,
8088,8661,771416,3,4,4,8,
8089,15075,771416,21,21,3,9,
8090,22677,771416,25,25,3,9,
8091,1469,771416,3,4,4,8,
8092,7097,771416,15,15,3,8,
8093,1877,771416,3,4,4,9,
8094,7003,771416,3,4,4,8,
8095,1647,771416,3,4,4,8,
8096,10261,771416,19,19,3,9,
8097,18736,771416,29,29,3,9,
8098,18611,771416,3,4,4,8,
8099,13874,771416,29,29,3,8,
8100,5867,771416,3,4,4,9,
8101,12376,771416,3,4,4,9,
8102,7206,771416,13,13,3,9,
8103,6796,771416,15,15,3,8,
8104,22674,771416,29,29,3,9,
8105,11953,771416,19,19,3,9,
8106,7827,771416,15,15,3,9,
8107,1343,771416,3,4,4,8,
8108,10747,771416,23,23,3,9,
8109,18062,771416,27,27,3,8,
8110,3721,771416,3,4,4,8,
8111,11540,771416,21,21,3,8,
8112,10976,771416,3,4,4,9,
8113,2275,771416,3,4,4,8,
8114,16241,771416,29,29,3,8,
8115,7640,771416,17,17,3,9,
8116,24414,771416,33,33,3,9,
8117,9206,771416,19,19,3,8,
8118,11420,771416,21,21,3,8,
8119,9350,771416,3,4,4,9,
8120,8667,771416,19,19,3,8,
8121,6827,771416,17,17,3,9,
8122,7225,771416,3,4,4,8,
8123,1004,771416,3,4,4,8,
8124,1975,771416,3,4,4,9,
8125,2593,771416,3,4,4,8,
8126,10009,771416,13,13,3,8,
8127,12352,771416,19,19,3,7,
8128,7023,771416,19,19,3,9,
8129,10897,771416,19,19,3,8,
8130,24276,771416,25,25,3,8,
8131,16471,771416,25,25,3,9,
8132,5626,771416,3,4,4,8,
8133,8531,771416,13,13,3,8,
8134,9292,771416,3,4,4,8,
8135,2280,771416,3,4,4,8,
8136,3462,771416,3,4,4,8,
8137,17473,771416,25,25,3,8,
8138,2256,771416,3,4,4,8,
8139,10458,771416,13,13,3,8,
8140,13035,771416,29,29,3,7,
8141,11981,771416,25,25,3,7,
8142,14296,771416,23,23,3,8,
8143,1593,771416,3,4,4,8,
8144,10326,771416,23,23,3,8,
8145,2273,771416,3,4,4,9,
8146,2264,771416,3,4,4,9,
8147,14891,771416,23,23,3,9,
8148,14677,771416,3,4,4,8,
8149,13583,771416,31,31,3,9,
8150,17155,771416,31,31,3,8,
8151,11718,771416,23,23,3,8,
8152,3758,771416,3,4,4,9,
8153,9589,771416,15,15,3,8,
8154,13105,771416,31,31,3,9,
8155,13427,771416,3,4,4,8,
8156,11142,771416,15,15,3,8,
8157,16209,771416,31,31,3,9,
8158,8910,771416,21,21,3,8,
8159,9350,771416,23,23,3,7,
8160,8839,771416,3,4,4,8,
8161,8242,771416,3,4,4,9,
8162,4003,771416,3,4,4,8,
8163,2783,771416,3,4,4,8,
8164,6406,771416,3,4,4,8,
8165,1720,771416,3,4,4,9,
8166,6910,771416,13,13,3,8,
8167,2932,771416,3,4,4,8,
8168,39510,771416,31,31,3,9,
8169,43446,771416,33,33,3,7,
8170,42782,771416,29,29,3,7,
8171,9515,771416,17,17,3,8,
8172,3217,771416,3,4,4,8,
8173,8369,771416,13,13,3,7,
8174,44681,771416,27,27,3,9,
8175,6213,771416,13,13,3,9,
8176,6616,771416,3,4,4,8,
8177,7390,771416,3,4,4,9,
8178,7367,771416,17,17,3,9,
8179,42103,771416,33,33,3,7,
8180,34313,771416,29,29,3,8,
8181,31400,771416,21,21,3,8,
8182,40544,771416,31,31,3,9,
8183,30339,771416,21,21,3,9,
8184,31305,771416,3,4,4,8,
8185,4961,771416,3,4,4,9,
8186,17767,771416,31,31,3,8,
8187,11482,771416,27,27,3,8,
8188,13005,771416,23,23,3,8,
8189,8284,771416,15,15,3,8,
8190,2478,771416,3,4,4,8,
8191,12070,771416,3,4,4,8,
8192,10564,771416,19,19,3,8,
8193,15012,771416,27,27,3,9,
8194,10259,771416,3,4,4,9,
8195,8197,771416,17,17,3,8,
8196,15076,771416,27,27,3,7,
8197,8676,771416,3,4,4,9,
8198,6679,771416,3,4,4,8,
8199,1621,771416,3,4,4,8,
8200,11372,771416,29,29,3,8,
8201,8714,771416,19,19,3,9,
8202,8025,771416,25,25,3,8,
8203,8583,771416,3,4,4,8,
8204,19710,771416,25,25,3,8,
8205,5088,771416,13,13,3,9,
8206,18999,771416,3,4,4,8,
8207,4898,771416,3,4,4,8,
8208,6045,771416,3,4,4,9,
8209,1804,771416,3,4,4,8,
8210,2176,771416,3,4,4,8,
8211,2085,771416,3,4,4,7,
8212,16634,771416,27,27,3,8,
8213,2672,771416,3,4,4,8,
8214,16718,771416,27,27,3,8,
8215,13073,771416,21,21,3,8,
8216,2785,771416,3,4,4,8,
8217,6217,771416,13,13,3,8,
8218,15933,771416,25,25,3,9,
8219,15486,771416,21,21,3,8,
8220,16344,771416,33,33,3,8,
8221,15208,771416,31,31,3,8,
8222,10445,771416,3,4,4,9,
8223,11529,771416,29,29,3,8,
8224,12412,771416,3,4,4,7,
8225,10579,771416,21,21,3,9,
8226,8814,771416,3,4,4,9,
8227,820,771416,3,4,4,9,
8228,1396,771416,3,4,4,8,
8229,14529,771416,31,31,3,9,
8230,7156,771416,13,13,3,7,
8231,14432,771416,3,4,4,8,
8232,7886,771416,3,4,4,7,
8233,1222,771416,3,4,4,8,
8234,1909,771416,3,4,4,9,
8235,14641,771416,31,31,3,9,
8236,10432,771416,21,21,3,9,
8237,1860,771416,3,4,4,8,
8238,2028,771416,3,4,4,8,
8239,16016,771416,25,25,3,8,
8240,2944,771416,3,4,4,8,
8241,17476,771416,29,29,3,9,
8242,8005,771416,19,19,3,8,
8243,17419,771416,29,29,3,8,
8244,12726,771416,23,23,3,9,
8245,11610,771416,3,4,4,9,
8246,1722,771416,3,4,4,9,
8247,3951,771416,3,4,4,9,
8248,2410,771416,3,4,4,8,
8249,2967,771416,3,4,4,9,
8250,9606,771416,3,4,4,9,
8251,5885,771416,13,13,3,8,
8252,20227,771416,29,29,3,8,
8253,9510,771416,19,19,3,8,
8254,19822,771416,3,4,4,9,
8255,9651,771416,29,29,3,8,
8256,10331,771416,3,4,4,8,
8257,3860,771416,3,4,4,9,
8258,5700,771416,3,4,4,8,
8259,13048,771416,19,19,3,9,
8260,1787,771416,3,4,4,8,
8261,14714,771416,25,25,3,9,
8262,1862,771416,3,4,4,9,
8263,1803,771416,3,4,4,8,
8264,21436,771416,31,31,3,9,
8265,3114,771416,3,4,4,8,
8266,18049,771416,29,29,3,8,
8267,16953,771416,23,23,3,9,
8268,1901,771416,3,4,4,9,
8269,15014,771416,33,33,3,8,
8270,1137,771416,3,4,4,9,
8271,834,771416,3,4,4,8,
8272,15939,771416,25,25,3,7,
8273,28159,771416,27,27,3,8,
8274,10971,771416,23,23,3,8,
8275,1088,771416,3,4,4,8,
8276,10810,771416,25,25,3,8,
8277,20572,771416,17,17,3,9,
8278,9293,771416,3,4,4,9,
8279,2286,771416,3,4,4,8,
8280,15324,771416,33,33,3,8,
8281,3336,771416,3,4,4,9,
8282,2303,771416,3,4,4,8,
8283,14166,771416,3,4,4,8,
8284,11955,771416,17,17,3,8,
8285,8999,771416,17,17,3,9,
8286,16327,771416,33,33,3,8,
8287,12111,771416,3,4,4,7,
8288,7238,771416,13,13,3,8,
8289,14161,771416,33,33,3,9,
8290,1404,771416,3,4,4,8,
8291,9354,771416,3,4,4,8,
8292,1946,771416,3,4,4,8,
8293,1659,771416,3,4,4,8,
8294,2072,771416,3,4,4,7,
8295,7673,771416,17,17,3,9,
8296,2153,771416,3,4,4,8,
8297,10106,771416,17,17,3,9,
8298,15091,771416,31,31,3,7,
8299,14338,771416,17,17,3,8,
8300,3078,771416,3,4,4,8,
8301,7863,771416,13,13,3,9,
8302,19641,771416,13,13,3,8,
8303,1623,771416,3,4,4,8,
8304,2322,771416,3,4,4,9,
8305,14032,771416,31,31,3,9,
8306,15131,771416,3,4,4,8,
8307,2014,771416,3,4,4,9,
8308,2741,771416,3,4,4,8,
8309,8619,771416,3,4,4,9,
8310,1538,771416,3,4,4,8,
8311,2201,771416,3,4,4,8,
8312,2488,771416,3,4,4,8,
8313,2155,771416,3,4,4,8,
8314,10390,771416,21,21,3,8,
8315,14666,771416,27,27,3,8,
8316,8166,771416,19,19,3,9,
8317,14645,771416,3,4,4,9,
8318,1239,771416,3,4,4,8,
8319,7542,771416,3,4,4,9,
8320,7910,771416,13,13,3,9,
8321,17651,771416,33,33,3,9,
8322,2734,771416,3,4,4,9,
8323,14969,771416,21,21,3,8,
8324,15246,771416,25,25,3,8,
8325,15914,771416,3,4,4,8,
8326,9132,771416,15,15,3,8,
8327,18119,771416,31,31,3,8,
8328,12525,771416,21,21,3,8,
8329,5602,771416,13,13,3,9,
8330,1251,771416,3,4,4,9,
8331,1871,771416,3,4,4,9,
8332,17565,771416,31,31,3,9,
8333,17120,771416,3,4,4,9,
8334,12261,771416,19,19,3,9,
8335,8288,771416,17,17,3,9,
8336,8921,771416,3,4,4,9,
8337,15607,771416,33,33,3,8,
8338,12576,771416,25,25,3,8,
8339,8332,771416,15,15,3,8,
8340,10899,771416,27,27,3,8,
8341,9138,771416,3,4,4,7,
8342,6328,771416,3,4,4,8,
8343,6916,771416,13,13,3,8,
8344,30494,771416,31,32,3,8,
8345,3186,771416,3,4,4,8,
8346,1898,771416,3,4,4,9,
8347,1848,771416,3,4,4,8,
8348,9952,771416,17,17,3,8,
8349,4688,771416,3,4,4,9,
8350,1851,771416,3,4,4,8,
8351,14115,771416,25,25,3,8,
8352,21110,771416,25,25,3,8,
8353,11108,771416,23,23,3,8,
8354,25579,771416,21,21,3,7,
8355,29616,771416,31,31,3,8,
8356,10509,771416,3,4,4,9,
8357,2637,771416,3,4,4,9,
8358,11757,771416,17,17,3,9,
8359,8441,771416,21,21,3,8,
8360,13585,771416,21,21,3,9,
8361,703,771416,3,4,4,8,
8362,13163,771416,19,19,3,7,
8363,6226,771416,15,15,3,8,
8364,20558,771416,15,15,3,8,
8365,1932,771416,3,4,4,9,
8366,2003,771416,3,4,4,9,
8367,15351,771416,19,19,3,8,
8368,27978,771416,15,15,3,9,
8369,7740,771416,3,4,4,9,
8370,2032,771416,3,4,4,8,
8371,614,771416,3,4,4,7,
8372,7098,771416,19,19,3,6,
8373,7574,771416,3,4,4,7,
8374,3894,771416,3,4,4,7,
8375,8897,771416,3,4,4,7,
8376,2609,771416,3,4,4,8,
8377,2512,771416,3,4,4,7,
8378,1696,771416,3,4,4,6,
8379,23882,771416,29,29,3,7,
8380,11069,771416,15,15,3,8,
8381,41303,771416,31,31,3,8,
8382,2892,771416,3,4,4,7,
8383,13895,771416,3,4,4,8,
8384,40895,771416,3,4,4,8,
8385,2567,771416,3,4,4,7,
8386,16933,771416,23,23,3,7,
8387,16343,771416,19,19,3,8,
8388,23386,771416,25,25,3,7,
8389,18388,771416,29,29,3,8,
8390,17816,771416,21,21,3,8,
8391,6455,771416,15,15,3,8,
8392,10619,771416,13,13,3,9,
8393,2126,771416,3,4,4,7,
8394,5776,771416,13,13,3,8,
8395,5400,771416,3,4,4,8,
8396,7480,771416,13,13,3,8,
8397,539,771416,3,4,4,8,
8398,23969,771416,27,27,3,8,
8399,25569,771416,3,4,4,9,
8400,25390,771416,21,21,3,8,
8401,591,771416,3,4,4,8,
8402,25988,771416,29,29,3,8,
8403,1608,771416,3,4,4,8,
8404,1492,771416,3,4,4,7,
8405,3061,771416,3,4,4,8,
8406,2911,771416,3,4,4,8,
8407,19790,771416,31,31,3,8,
8408,32199,771416,27,27,3,9,
8409,12883,771416,19,19,3,8,
8410,30652,771416,3,4,4,9,
8411,4473,771416,13,13,3,8,
8412,12156,771416,25,25,3,8,
8413,8426,771416,3,4,4,8,
8414,5350,771416,3,4,4,8,
8415,22611,771416,21,21,3,8,
8416,19684,771416,19,19,3,8,
8417,24554,771416,21,21,3,8,
8418,18134,771416,17,17,3,9,
8419,26116,771416,25,25,3,7,
8420,23778,771416,3,4,4,8,
8421,21667,771416,17,17,3,9,
8422,22039,771416,3,4,4,9,
8423,1986,771416,3,4,4,9,
8424,26716,771416,25,25,3,8,
8425,15674,771416,21,21,3,8,
8426,12320,771416,3,4,4,9,
8427,1198,771416,3,4,4,8,
8428,2911,771416,3,4,4,9,
8429,18070,771416,21,21,3,8,
8430,15086,771416,19,19,3,8,
8431,2580,771416,3,4,4,8,
8432,2423,771416,3,4,4,8,
8433,1535,771416,3,4,4,7,
8434,2082,771416,3,4,4,8,
8435,4829,771416,3,4,4,8,
8436,22453,771416,25,25,3,8,
8437,15890,771416,19,19,3,8,
8438,12040,771416,21,21,3,8,
8439,32424,771416,23,23,3,8,
8440,37146,771416,27,27,3,8,
8441,15967,771416,25,25,3,8,
8442,31382,771417,3,4,4,9,
8443,11764,771417,19,19,3,8,
8444,14209,771417,3,4,4,8,
8445,25881,771417,23,23,3,9,
8446,26024,771417,3,4,4,8,
8447,5127,771417,3,4,4,8,
8448,28333,771417,33,33,3,9,
8449,20890,771417,31,31,3,9,
8450,25139,771417,21,21,3,8,
8451,16446,771417,21,21,3,8,
8452,23991,771417,3,4,4,9,
8453,1796,771417,3,4,4,9,
8454,1713,771417,3,4,4,8,
8455,1658,771417,3,4,4,8,
8456,11085,771417,3,4,4,8,
8457,1755,771417,3,4,4,8,
8458,2243,771417,3,4,4,8,
8459,11777,771417,21,21,3,8,
8460,12778,771417,3,4,4,8,
8461,7893,771417,13,13,3,9,
8462,11218,771417,23,23,3,8,
8463,10067,771417,19,19,3,8,
8464,8920,771417,3,4,4,9,
8465,11568,771417,25,25,3,8,
8466,4741,771417,3,4,4,8,
8467,10873,771417,3,4,4,8,
8468,15929,771417,27,27,3,9,
8469,13243,771417,25,25,3,8,
8470,2191,771417,3,4,4,8,
8471,5860,771417,3,4,4,8,
8472,10027,771417,15,15,3,8,
8473,2160,771417,3,4,4,8,
8474,19991,771417,27,27,3,8,
8475,12075,771417,3,4,4,8,
8476,2187,771417,3,4,4,9,
8477,2152,771417,3,4,4,8,
8478,11049,771417,19,19,3,8,
8479,13939,771417,29,29,3,8,
8480,13220,771417,15,15,3,8,
8481,1923,771417,3,4,4,9,
8482,1498,771417,3,4,4,9,
8483,1623,771417,3,4,4,9,
8484,4148,771417,3,4,4,9,
8485,3865,771417,3,4,4,8,
8486,17758,771417,27,27,3,8,
8487,3611,771417,3,4,4,9,
8488,2541,771417,3,4,4,8,
8489,13005,771417,23,23,3,9,
8490,7389,771417,15,15,3,8,
8491,12738,771417,3,4,4,9,
8492,1874,771417,3,4,4,8,
8493,5036,771417,3,4,4,7,
8494,2234,771417,3,4,4,9,
8495,2439,771417,3,4,4,8,
8496,2580,771417,3,4,4,9,
8497,2531,771417,3,4,4,8,
8498,2598,771417,3,4,4,7,
8499,19091,771417,31,31,3,7,
8500,938,771417,3,4,4,7,
8501,2063,771417,3,4,4,7,
8502,743,771417,3,4,4,7,
8503,7353,771417,3,4,4,8,
8504,1666,771417,3,4,4,9,
8505,1501,771417,3,4,4,7,
8506,16040,771417,25,25,3,7,
8507,12544,771417,17,17,3,8,
8508,12006,771417,33,33,3,9,
8509,16761,771417,3,4,4,8,
8510,12786,771417,3,4,4,9,
8511,1556,771417,3,4,4,9,
8512,1832,771417,3,4,4,9,
8513,2657,771417,3,4,4,8,
8514,1555,771417,3,4,4,9,
8515,2349,771417,3,4,4,8,
8516,22345,771417,29,29,3,9,
8517,19185,771417,29,29,3,8,
8518,6828,771417,15,15,3,8,
8519,6758,771417,3,4,4,8,
8520,10579,771417,23,23,3,8,
8521,16164,771417,29,29,3,9,
8522,16577,771417,3,4,4,8,
8523,1329,771417,3,4,4,8,
8524,2494,771417,3,4,4,7,
8525,1636,771417,3,4,4,8,
8526,8259,771417,3,4,4,8,
8527,11849,771417,19,19,3,8,
8528,6409,771417,13,13,3,7,
8529,11657,771417,3,4,4,8,
8530,6536,771417,3,4,4,9,
8531,12610,771417,31,31,3,7,
8532,11457,771417,27,27,3,8,
8533,13631,771417,3,4,4,8,
8534,12223,771417,3,4,4,8,
8535,13138,771417,27,27,3,9,
8536,12762,771417,3,4,4,9,
8537,1417,771417,3,4,4,8,
8538,1439,771417,3,4,4,8,
8539,1466,771417,3,4,4,8,
8540,1728,771417,3,4,4,8,
8541,1537,771417,3,4,4,8,
8542,11544,771417,31,31,3,8,
8543,1387,771417,3,4,4,9,
8544,18881,771417,17,17,3,7,
8545,4561,771417,13,13,3,9,
8546,5765,771417,3,4,4,8,
8547,12097,771417,15,15,3,7,
8548,6002,771417,3,4,4,8,
8549,2194,771417,3,4,4,8,
8550,22677,771417,13,13,3,8,
8551,27863,771417,31,31,3,8,
8552,8440,771417,23,23,3,8,
8553,3216,771417,3,4,4,7,
8554,9927,771417,3,4,4,8,
8555,4018,771417,3,4,4,9,
8556,9302,771417,3,4,4,7,
8557,24812,771417,31,31,3,7,
8558,2214,771417,3,4,4,9,
8559,1037,771417,3,4,4,8,
8560,640,771417,3,4,4,7,
8561,2212,771417,3,4,4,7,
8562,4224,771417,3,4,4,8,
8563,22177,771417,33,33,3,8,
8564,12921,771417,3,4,4,9,
8565,5120,771417,3,4,4,8,
8566,19082,771417,29,29,3,8,
8567,1433,771417,3,4,4,9,
8568,4234,771417,3,4,4,8,
8569,14366,771417,19,19,3,9,
8570,14598,771417,3,4,4,8,
8571,1591,771417,3,4,4,9,
8572,7782,771417,13,13,3,9,
8573,9506,771417,15,15,3,9,
8574,7542,771417,13,13,3,7,
8575,9052,771417,3,4,4,7,
8576,22037,771417,31,31,3,8,
8577,3919,771417,3,4,4,8,
8578,1534,771417,3,4,4,8,
8579,21106,771417,3,4,4,7,
8580,1551,771417,3,4,4,6,
8581,2853,771417,3,4,4,7,
8582,3029,771417,3,4,4,7,
8583,20469,771417,23,23,3,9,
8584,2398,771417,3,4,4,7,
8585,21445,771417,27,27,3,6,
8586,2271,771417,3,4,4,7,
8587,19312,771417,3,4,4,8,
8588,2743,771417,3,4,4,8,
8589,21837,771417,31,31,3,8,
8590,3233,771417,3,4,4,9,
8591,14752,771417,29,29,3,8,
8592,3417,771417,3,4,4,8,
8593,22655,771417,29,29,3,9,
8594,1449,771417,3,4,4,8,
8595,6209,771417,13,13,3,9,
8596,5316,771417,3,4,4,8,
8597,11060,771417,17,17,3,8,
8598,13077,771417,3,4,4,8,
8599,4175,771417,3,4,4,8,
8600,4015,771417,3,4,4,8,
8601,4184,771417,3,4,4,8,
8602,1970,771417,3,4,4,7,
8603,19664,771417,25,25,3,8,
8604,1895,771417,3,4,4,7,
8605,14386,771417,23,23,3,8,
8606,19196,771417,3,4,4,7,
8607,14532,771417,3,4,4,8,
8608,1772,771417,3,4,4,8,
8609,21206,771417,31,31,3,8,
8610,8820,771417,17,17,3,8,
8611,31554,771417,29,29,3,8,
8612,18496,771417,19,19,3,9,
8613,25468,771417,21,21,3,8,
8614,19280,771417,25,25,3,9,
8615,16492,771417,23,23,3,8,
8616,856,771417,3,4,4,9,
8617,23685,771417,27,27,3,9,
8618,12352,771417,19,19,3,8,
8619,1150,771417,3,4,4,8,
8620,26037,771417,31,31,3,9,
8621,6854,771417,13,13,3,9,
8622,3005,771417,3,4,4,8,
8623,8222,771417,3,4,4,9,
8624,26366,771417,27,27,3,8,
8625,27207,771417,3,4,4,8,
8626,20603,771417,3,4,4,8,
8627,18225,771417,29,29,3,8,
8628,10915,771417,13,13,3,9,
8629,2603,771417,3,4,4,9,
8630,3173,771417,3,4,4,8,
8631,948,771417,3,4,4,8,
8632,14554,771417,23,23,3,8,
8633,6910,771417,13,13,3,8,
8634,6737,771417,3,4,4,9,
8635,1339,771417,3,4,4,9,
8636,11346,771417,17,18,3,9,
8637,10751,771417,3,4,4,8,
8638,13136,771417,31,31,3,8,
8639,13201,771417,3,4,4,9,
8640,3919,771417,3,4,4,8,
8641,2623,771417,3,4,4,8,
8642,1209,771417,3,4,4,7,
8643,2368,771417,3,4,4,7,
8644,17123,771417,21,21,3,7,
8645,3638,771417,3,4,4,8,
8646,25540,771417,17,17,3,8,
8647,1114,771417,3,4,4,7,
8648,24162,771417,31,31,3,7,
8649,14078,771417,27,27,3,8,
8650,2412,771417,3,4,4,8,
8651,3064,771417,3,4,4,8,
8652,15426,771417,23,23,3,8,
8653,23608,771417,3,4,4,8,
8654,10866,771417,19,19,3,7,
8655,3206,771417,3,4,4,9,
8656,12136,771417,3,4,4,8,
8657,18854,771417,27,27,3,8,
8658,10897,771417,19,19,3,8,
8659,3342,771417,3,4,4,8,
8660,16310,771417,21,21,3,8,
8661,10119,771417,3,4,4,8,
8662,2334,771417,3,4,4,8,
8663,15779,771417,15,15,3,9,
8664,1927,771417,3,4,4,8,
8665,23081,771417,27,27,3,7,
8666,17221,771417,19,19,3,8,
8667,17133,771417,3,4,4,8,
8668,17947,771417,25,25,3,7,
8669,1599,771417,3,4,4,8,
8670,27033,771417,33,33,3,9,
8671,1450,771417,3,4,4,8,
8672,17813,771417,3,4,4,9,
8673,1098,771417,3,4,4,8,
8674,1768,771417,3,4,4,9,
8675,11750,771417,17,17,3,8,
8676,8439,771417,13,13,3,8,
8677,5044,771417,13,13,3,9,
8678,5524,771417,3,4,4,8,
8679,11434,771417,23,24,3,8,
8680,1000,771417,3,4,4,7,
8681,1238,771417,3,4,4,8,
8682,19168,771417,23,23,3,7,
8683,21135,771417,33,33,3,8,
8684,518,771417,3,4,4,8,
8685,21513,771417,29,29,3,8,
8686,14062,771417,13,13,3,8,
8687,17178,771417,3,4,4,7,
8688,12125,771417,13,13,3,8,
8689,10659,771417,3,4,4,9,
8690,13856,771417,23,23,3,9,
8691,11349,771417,3,4,4,9,
8692,1906,771417,3,4,4,8,
8693,2080,771417,3,4,4,8,
8694,5361,771417,3,4,4,8,
8695,14041,771417,19,19,3,9,
8696,7095,771417,3,4,4,8,
8697,14028,771417,3,4,4,9,
8698,18145,771417,23,23,3,8,
8699,23051,771417,33,33,3,8,
8700,15131,771417,29,29,3,9,
8701,18578,771417,3,4,4,8,
8702,1610,771417,3,4,4,8,
8703,1215,771417,3,4,4,8,
8704,12608,771417,21,21,3,8,
8705,2105,771417,3,4,4,8,
8706,13220,771417,3,4,4,8,
8707,1243,771417,3,4,4,9,
8708,11889,771417,21,21,3,8,
8709,11374,771417,3,4,4,7,
8710,2538,771417,3,4,4,8,
8711,556,771417,3,4,4,8,
8712,785,771417,3,4,4,8,
8713,14782,771417,27,27,3,8,
8714,15360,771417,3,4,4,9,
8715,8475,771417,3,4,4,9,
8716,2288,771417,3,4,4,8,
8717,2558,771417,3,4,4,7,
8718,19598,771417,23,23,3,7,
8719,3651,771417,3,4,4,7,
8720,20248,771417,31,31,3,8,
8721,4626,771417,3,4,4,7,
8722,770,771417,3,4,4,8,
8723,22792,771417,31,31,3,8,
8724,22042,771417,3,4,4,8,
8725,2837,771417,3,4,4,8,
8726,2356,771417,3,4,4,8,
8727,26894,771417,33,33,3,8,
8728,2090,771417,3,4,4,9,
8729,25809,771417,3,4,4,8,
8730,14217,771417,19,19,3,9,
8731,20348,771417,31,31,3,9,
8732,1854,771417,3,4,4,9,
8733,1216,771417,3,4,4,8,
8734,1846,771417,3,4,4,8,
8735,22900,771417,29,29,3,8,
8736,20910,771417,31,31,3,9,
8737,2918,771417,3,4,4,9,
8738,3165,771417,3,4,4,9,
8739,28530,771417,31,31,3,8,
8740,1077,771417,3,4,4,8,
8741,14810,771417,27,27,3,8,
8742,14704,771417,3,4,4,8,
8743,6584,771417,13,13,3,9,
8744,6623,771417,3,4,4,8,
8745,18382,771417,27,27,3,8,
8746,1067,771417,3,4,4,7,
8747,9544,771417,17,17,3,8,
8748,2014,771417,3,4,4,8,
8749,9894,771417,3,4,4,8,
8750,2104,771417,3,4,4,8,
8751,23645,771417,25,25,3,9,
8752,8871,771417,17,17,3,8,
8753,23721,771417,3,4,4,8,
8754,5736,771417,13,13,3,8,
8755,12116,771417,21,21,3,8,
8756,11148,771417,29,29,3,9,
8757,13747,771417,25,25,3,8,
8758,3310,771417,3,4,4,9,
8759,14824,771417,3,4,4,8,
8760,1668,771417,3,4,4,9,
8761,1785,771417,3,4,4,8,
8762,18047,771417,29,29,3,8,
8763,19092,771417,33,33,3,8,
8764,8345,771417,21,21,3,9,
8765,18323,771417,3,4,4,8,
8766,14751,771417,29,29,3,8,
8767,10902,771417,13,13,3,9,
8768,2531,771417,3,4,4,8,
8769,8662,771417,3,4,4,9,
8770,12699,771417,19,19,3,8,
8771,15094,771417,29,29,3,8,
8772,15584,771417,3,4,4,8,
8773,12055,771417,3,4,4,9,
8774,8150,771417,19,19,3,9,
8775,7888,771417,17,17,3,8,
8776,8973,771417,17,17,3,7,
8777,18382,771417,29,29,3,9,
8778,7622,771417,23,23,3,7,
8779,8979,771417,3,4,4,8,
8780,5938,771417,3,4,4,8,
8781,2368,771417,3,4,4,7,
8782,3459,771417,3,4,4,8,
8783,13246,771417,17,17,3,7,
8784,16096,771417,23,23,3,7,
8785,11244,771417,25,25,3,8,
8786,13238,771417,27,27,3,8,
8787,9099,771417,15,15,3,8,
8788,16612,771417,3,4,4,8,
8789,12363,771417,21,21,3,7,
8790,10385,771417,3,4,4,7,
8791,10209,771417,3,4,4,8,
8792,13149,771417,33,33,3,8,
8793,15632,771417,33,33,3,9,
8794,10859,771417,21,21,3,8,
8795,10616,771417,21,21,3,7,
8796,14290,771417,3,4,4,8,
8797,10479,771417,3,4,4,7,
8798,1589,771417,3,4,4,8,
8799,11052,771417,17,17,3,9,
8800,10853,771417,3,4,4,8,
8801,2817,771417,3,4,4,9,
8802,21923,771417,33,33,3,8,
8803,21209,771417,3,4,4,8,
8804,1075,771417,3,4,4,7,
8805,9995,771417,17,17,3,8,
8806,18185,771417,33,33,3,8,
8807,8154,771417,15,15,3,8,
8808,6662,771417,13,13,3,9,
8809,1883,771417,3,4,4,9,
8810,12689,771417,31,31,3,8,
8811,10440,771417,23,23,3,8,
8812,13521,771417,3,4,4,8,
8813,11147,771417,3,4,4,9,
8814,1901,771417,3,4,4,8,
8815,8166,771417,17,17,3,8,
8816,10090,771417,3,4,4,7,
8817,8168,771417,3,4,4,7,
8818,1875,771417,3,4,4,8,
8819,8649,771417,15,15,3,7,
8820,17541,771417,25,25,3,8,
8821,1911,771417,3,4,4,7,
8822,8973,771417,3,4,4,7,
8823,2574,771417,3,4,4,7,
8824,7729,771417,15,15,3,8,
8825,928,771417,3,4,4,6,
8826,2865,771417,3,4,4,8,
8827,1685,771417,3,4,4,8,
8828,2037,771417,3,4,4,7,
8829,21309,771417,31,31,3,8,
8830,11538,771417,21,21,3,8,
8831,2658,771417,3,4,4,9,
8832,17640,771417,27,27,3,9,
8833,11864,771417,23,23,3,8,
8834,9596,771417,13,13,3,8,
8835,28611,771417,29,29,3,8,
8836,10195,771417,15,15,3,8,
8837,8795,771417,3,4,4,8,
8838,13075,771417,23,23,3,8,
8839,11245,771417,3,4,4,8,
8840,7315,771417,3,4,4,8,
8841,12411,771417,23,23,3,9,
8842,18551,771417,29,29,3,8,
8843,12143,771417,3,4,4,8,
8844,4565,771417,3,4,4,8,
8845,2316,771417,3,4,4,8,
8846,13942,771417,27,27,3,8,
8847,3452,771417,3,4,4,8,
8848,15240,771417,23,23,3,8,
8849,17013,771417,27,27,3,7,
8850,2721,771417,3,4,4,9,
8851,14981,771417,3,4,4,6,
8852,13192,771417,25,25,3,8,
8853,4568,771417,13,13,3,8,
8854,7635,771417,15,15,3,8,
8855,7598,771417,3,4,4,8,
8856,9421,771417,3,4,4,6,
8857,1932,771417,3,4,4,8,
8858,4662,771417,3,4,4,8,
8859,2454,771417,3,4,4,7,
8860,13533,771417,21,21,3,8,
8861,4492,771417,3,4,4,6,
8862,19783,771417,25,25,3,8,
8863,1256,771417,3,4,4,7,
8864,1175,771417,3,4,4,7,
8865,22896,771417,33,33,3,6,
8866,10244,771417,21,21,3,6,
8867,1135,771417,3,4,4,6,
8868,1595,771417,3,4,4,6,
8869,15549,771417,15,15,3,7,
8870,2212,771417,3,4,4,8,
8871,17575,771417,21,21,3,8,
8872,17143,771417,23,23,3,8,
8873,9948,771417,13,13,3,8,
8874,11210,771417,17,17,3,9,
8875,29049,771417,25,25,3,9,
8876,8245,771417,3,4,4,8,
8877,6204,771417,3,4,4,9,
8878,7287,771417,3,4,4,9,
8879,19945,771417,3,4,4,8,
8880,8885,771417,15,15,3,8,
8881,29806,771417,31,31,3,8,
8882,8679,771417,3,4,4,8,
8883,19186,771417,29,29,3,9,
8884,14879,771417,27,27,3,8,
8885,9356,771417,15,15,3,9,
8886,9958,771417,3,4,4,9,
8887,18560,771417,29,29,3,9,
8888,922,771417,3,4,4,8,
8889,16716,771417,25,25,3,8,
8890,16626,771417,3,4,4,8,
8891,9707,771417,23,23,3,9,
8892,10224,771417,3,4,4,9,
8893,12504,771417,21,21,3,9,
8894,22870,771417,31,31,3,8,
8895,12372,771417,3,4,4,8,
8896,24738,771417,25,25,3,9,
8897,2313,771417,3,4,4,9,
8898,13810,771417,19,19,3,9,
8899,1580,771417,3,4,4,9,
8900,1333,771417,3,4,4,8,
8901,2072,771417,3,4,4,8,
8902,23405,771417,31,31,3,8,
8903,14714,771417,21,21,3,8,
8904,26911,771417,3,4,4,9,
8905,1478,771417,3,4,4,8,
8906,14054,771417,3,4,4,8,
8907,17453,771417,3,4,4,8,
8908,1189,771417,3,4,4,9,
8909,5395,771417,13,13,3,9,
8910,21192,771417,27,27,3,9,
8911,4921,771417,15,15,3,8,
8912,2990,771417,3,4,4,8,
8913,17785,771417,21,21,3,8,
8914,18114,771417,3,4,4,8,
8915,23745,771417,29,29,3,8,
8916,825,771417,3,4,4,8,
8917,13131,771417,17,17,3,8,
8918,15216,771417,23,23,3,8,
8919,18848,771417,29,29,3,9,
8920,18862,771417,3,4,4,8,
8921,5445,771417,3,4,4,9,
8922,19284,771417,29,29,3,8,
8923,2229,771417,3,4,4,8,
8924,13172,771417,19,19,3,8,
8925,10768,771417,17,17,3,8,
8926,13156,771417,3,4,4,9,
8927,11364,771417,15,15,3,8,
8928,14123,771417,25,25,3,8,
8929,4697,771417,15,15,3,9,
8930,1773,771417,3,4,4,8,
8931,13783,771417,29,29,3,8,
8932,7083,771417,3,4,4,8,
8933,1544,771417,3,4,4,8,
8934,13548,771417,25,25,3,9,
8935,35531,771417,29,29,3,8,
8936,13799,771417,3,4,4,9,
8937,1525,771417,3,4,4,8,
8938,14565,771417,29,29,3,8,
8939,1896,771417,3,4,4,9,
8940,8330,771417,21,21,3,8,
8941,2245,771417,3,4,4,9,
8942,8867,771417,3,4,4,8,
8943,2395,771417,3,4,4,9,
8944,11898,771417,3,4,4,8,
8945,13496,771417,21,21,3,9,
8946,13700,771417,3,4,4,9,
8947,24300,771417,3,4,4,8,
8948,3372,771417,3,4,4,9,
8949,1422,771417,3,4,4,9,
8950,3021,771417,3,4,4,8,
8951,1964,771417,3,4,4,9,
8952,3335,771417,3,4,4,8,
8953,11428,771417,13,13,3,9,
8954,13657,771417,19,19,3,8,
8955,16738,771417,23,23,3,9,
8956,13765,771417,29,29,3,9,
8957,15698,771417,3,4,4,8,
8958,18743,771417,33,33,3,9,
8959,1952,771417,3,4,4,9,
8960,6072,771417,13,13,3,8,
8961,5857,771417,3,4,4,9,
8962,14817,771417,33,33,3,8,
8963,1736,771417,3,4,4,9,
8964,12505,771417,25,25,3,9,
8965,11710,771417,3,4,4,8,
8966,7387,771417,15,15,3,8,
8967,7034,771417,3,4,4,8,
8968,10291,771417,17,17,3,9,
8969,10959,771417,3,4,4,8,
8970,9440,771417,27,27,3,9,
8971,10028,771417,3,4,4,9,
8972,13576,771417,27,27,3,8,
8973,31214,771417,31,31,3,8,
8974,13193,771417,3,4,4,9,
8975,20286,771417,33,33,3,8,
8976,35248,771417,27,27,3,8,
8977,19588,771417,31,31,3,8,
8978,3052,771417,3,4,4,8,
8979,2892,771417,3,4,4,8,
8980,2396,771417,3,4,4,8,
8981,27502,771417,33,33,3,7,
8982,19031,771417,33,33,3,9,
8983,19894,771417,25,25,3,8,
8984,22431,771417,27,27,3,9,
8985,16200,771417,33,33,3,9,
8986,10424,771417,17,17,3,8,
8987,17549,771417,25,25,3,8,
8988,20235,771417,25,25,3,8,
8989,5724,771417,3,4,4,9,
8990,5596,771417,3,4,4,9,
8991,1953,771417,3,4,4,8,
8992,6632,771417,3,4,4,8,
8993,1641,771417,3,4,4,8,
8994,14029,771417,13,13,3,7,
8995,21979,771417,25,25,3,8,
8996,2200,771417,3,4,4,9,
8997,15985,771417,19,19,3,9,
8998,1321,771417,3,4,4,8,
8999,471,771417,3,4,4,8,
9000,20914,771417,33,33,3,8,
9001,14992,771417,25,25,3,8,
9002,7363,771417,15,15,3,8,
9003,7859,771417,3,4,4,8,
9004,6205,771417,15,15,3,8,
9005,12896,771417,25,25,3,9,
9006,1358,771417,3,4,4,8,
9007,1259,771417,3,4,4,7,
9008,1626,771417,3,4,4,7,
9009,17522,771417,33,33,3,8,
9010,15461,771417,27,27,3,8,
9011,10369,771417,13,13,3,8,
9012,10409,771417,3,4,4,8,
9013,15159,771417,3,4,4,9,
9014,5361,771417,3,4,4,9,
9015,8529,771417,17,17,3,9,
9016,22703,771417,25,25,3,8,
9017,21985,771417,33,33,3,8,
9018,15776,771417,25,25,3,9,
9019,1266,771417,3,4,4,8,
9020,24877,771417,31,31,3,9,
9021,16813,771417,29,29,3,9,
9022,8932,771417,15,15,3,9,
9023,17599,771417,29,29,3,8,
9024,2333,771417,3,4,4,8,
9025,2098,771417,3,4,4,9,
9026,8671,771417,3,4,4,8,
9027,12170,771417,19,19,3,9,
9028,26204,771417,31,31,3,9,
9029,7374,771417,3,4,4,8,
9030,9194,771417,15,15,3,9,
9031,9297,771417,3,4,4,8,
9032,8544,771417,17,17,3,8,
9033,9839,771417,3,4,4,8,
9034,16201,771417,31,31,3,8,
9035,1010,771417,3,4,4,8,
9036,18145,771417,27,27,3,8,
9037,5879,771417,3,4,4,9,
9038,18362,771417,3,4,4,9,
9039,10909,771417,15,15,3,9,
9040,3070,771417,3,4,4,8,
9041,14511,771417,25,25,3,8,
9042,9572,771417,13,13,3,8,
9043,2298,771417,3,4,4,9,
9044,7430,771417,17,17,3,8,
9045,14875,771417,17,17,3,8,
9046,13693,771417,21,21,3,9,
9047,1385,771417,3,4,4,8,
9048,11458,771417,23,23,3,8,
9049,13317,771417,23,24,3,8,
9050,8996,771417,3,4,4,8,
9051,13864,771417,23,23,3,8,
9052,8467,771417,3,4,4,8,
9053,1813,771417,3,4,4,9,
9054,8210,771417,17,17,3,8,
9055,9272,771417,3,4,4,8,
9056,9163,771417,3,4,4,9,
9057,3191,771417,3,4,4,8,
9058,40109,771417,29,29,3,8,
9059,41659,771417,25,25,3,7,
9060,27850,771417,13,13,3,9,
9061,33478,771417,23,23,3,8,
9062,40745,771417,3,4,4,6,
9063,38155,771417,29,29,3,8,
9064,37332,771417,27,27,3,7,
9065,32608,771417,21,21,3,9,
9066,37124,771417,3,4,4,6,
9067,32900,771417,25,25,3,8,
9068,5286,771417,3,4,4,7,
9069,5758,771417,3,4,4,6,
9070,3354,771417,3,4,4,9,
9071,2844,771417,3,4,4,6,
9072,3449,771417,3,4,4,6,
9073,9180,771417,15,15,3,7,
9074,2527,771417,3,4,4,7,
9075,7178,771417,15,15,3,6,
9076,7057,771417,13,13,3,5,
9077,12978,771417,33,33,3,7,
9078,8287,771417,17,17,3,6,
9079,8413,771417,3,4,4,6,
9080,7974,771417,3,4,4,8,
9081,13293,771417,3,4,4,8,
9082,11107,771417,15,15,3,9,
9083,4154,771417,13,13,3,9,
9084,15862,771417,33,33,3,7,
9085,3192,771417,3,4,4,8,
9086,11785,771417,23,23,3,8,
9087,2168,771417,3,4,4,9,
9088,31165,771417,21,21,3,8,
9089,8596,771417,17,17,3,8,
9090,6960,771417,13,13,3,9,
9091,11925,771417,23,23,3,8,
9092,7873,771417,3,4,4,9,
9093,11587,771417,3,4,4,8,
9094,8235,771417,15,15,3,9,
9095,9130,771417,3,4,4,8,
9096,20431,771417,31,31,3,9,
9097,11188,771417,21,21,3,9,
9098,14090,771417,19,19,3,8,
9099,21577,771417,3,4,4,8,
9100,2625,771417,3,4,4,8,
9101,26029,771417,25,25,3,7,
9102,23635,771417,31,31,3,8,
9103,13952,771417,21,21,3,8,
9104,24325,771417,3,4,4,8,
9105,13939,771417,3,4,4,9,
9106,4600,771417,3,4,4,9,
9107,1721,771417,3,4,4,9,
9108,23159,771417,15,15,3,8,
9109,29374,771417,17,17,3,8,
9110,26512,771417,27,27,3,9,
9111,7068,771417,15,15,3,8,
9112,14086,771417,15,15,3,8,
9113,1303,771417,3,4,4,8,
9114,2051,771417,3,4,4,9,
9115,1765,771417,3,4,4,8,
9116,19986,771417,17,17,3,8,
9117,21558,771417,3,4,4,7,
9118,8696,771417,3,4,4,9,
9119,8049,771417,13,13,3,7,
9120,8573,771417,3,4,4,8,
9121,26454,771417,33,33,3,9,
9122,1461,771417,3,4,4,8,
9123,36757,771417,31,32,3,8,
9124,10141,771417,17,17,3,7,
9125,26854,771417,27,27,3,8,
9126,27165,771417,3,4,4,8,
9127,7632,771417,3,4,4,7,
9128,12696,771417,3,4,4,9,
9129,2655,771417,3,4,4,7,
9130,25142,771417,15,15,3,8,
9131,20315,771417,19,19,3,7,
9132,12408,771417,19,19,3,8,
9133,21220,771417,25,25,3,8,
9134,15777,771417,17,17,3,8,
9135,13078,771417,21,21,3,8,
9136,32017,771417,25,25,3,9,
9137,13082,771417,19,19,3,9,
9138,1968,771417,3,4,4,7,
9139,14134,771417,23,23,3,8,
9140,3086,771417,3,4,4,8,
9141,4030,771417,3,4,4,8,
9142,13567,771417,3,4,4,7,
9143,14863,771417,25,25,3,8,
9144,14998,771417,31,31,3,8,
9145,11417,771417,31,31,3,8,
9146,3109,771417,3,4,4,8,
9147,22481,771417,33,33,3,9,
9148,22966,771417,3,4,4,9,
9149,12199,771417,25,25,3,9,
9150,6551,771417,13,13,3,8,
9151,1776,771417,3,4,4,7,
9152,5549,771417,3,4,4,8,
9153,3747,771417,3,4,4,8,
9154,7329,771417,15,15,3,9,
9155,6181,771417,3,4,4,8,
9156,6844,771417,3,4,4,9,
9157,1581,771417,3,4,4,8,
9158,12309,771417,19,19,3,8,
9159,758,771417,3,4,4,8,
9160,1170,771417,3,4,4,8,
9161,14866,771417,25,25,3,7,
9162,2497,771417,3,4,4,8,
9163,3152,771417,3,4,4,8,
9164,14012,771417,25,25,3,8,
9165,1997,771417,3,4,4,8,
9166,2167,771417,3,4,4,8,
9167,13515,771417,3,4,4,8,
9168,10714,771417,23,23,3,8,
9169,17848,771417,31,31,3,8,
9170,11537,771417,3,4,4,8,
9171,18616,771417,3,4,4,9,
9172,2379,771417,3,4,4,9,
9173,2265,771417,3,4,4,8,
9174,3222,771417,3,4,4,9,
9175,2314,771417,3,4,4,8,
9176,6596,771417,17,17,3,9,
9177,7604,771417,17,17,3,8,
9178,7557,771417,3,4,4,9,
9179,1923,771417,3,4,4,8,
9180,3351,771417,3,4,4,8,
9181,11436,771417,27,27,3,8,
9182,12421,771417,3,4,4,8,
9183,4791,771417,13,13,3,8,
9184,5581,771417,3,4,4,8,
9185,2130,771417,3,4,4,9,
9186,3169,771417,3,4,4,8,
9187,14837,771417,25,25,3,7,
9188,14233,771417,29,29,3,9,
9189,14596,771417,3,4,4,8,
9190,19669,771417,29,29,3,9,
9191,14536,771417,3,4,4,7,
9192,1785,771417,3,4,4,8,
9193,11760,771417,25,25,3,8,
9194,2204,771417,3,4,4,9,
9195,2572,771417,3,4,4,9,
9196,8414,771417,15,15,3,7,
9197,1749,771417,3,4,4,9,
9198,8511,771417,3,4,4,9,
9199,9868,771417,25,25,3,9,
9200,9770,771417,3,4,4,9,
9201,16714,771417,33,33,3,7,
9202,6753,771417,3,4,4,8,
9203,18844,771417,31,31,3,8,
9204,13918,771417,27,27,3,8,
9205,11207,771417,23,23,3,9,
9206,14339,771417,3,4,4,8,
9207,18169,771417,3,4,4,8,
9208,11199,771417,21,21,3,9,
9209,10811,771417,3,4,4,9,
9210,1814,771417,3,4,4,9,
9211,6632,771417,13,13,3,9,
9212,11899,771417,29,29,3,8,
9213,4963,771417,3,4,4,8,
9214,8213,771417,3,4,4,8,
9215,2561,771417,3,4,4,8,
9216,14499,771417,31,31,3,9,
9217,15421,771417,3,4,4,8,
9218,3425,771417,3,4,4,9,
9219,10717,771417,15,15,3,8,
9220,3602,771417,3,4,4,8,
9221,15292,771417,27,27,3,8,
9222,7726,771417,13,13,3,9,
9223,7178,771417,15,15,3,7,
9224,7584,771417,3,4,4,8,
9225,2680,771417,3,4,4,9,
9226,7403,771417,3,4,4,9,
9227,18137,771417,33,33,3,9,
9228,17867,771417,3,4,4,9,
9229,1835,771417,3,4,4,7,
9230,2678,771417,3,4,4,8,
9231,9886,771417,19,19,3,9,
9232,9546,771417,17,17,3,8,
9233,19914,771417,23,23,3,8,
9234,9749,771417,3,4,4,8,
9235,2251,771417,3,4,4,9,
9236,21390,771417,3,4,4,7,
9237,15428,771417,29,29,3,9,
9238,16232,771417,29,29,3,7,
9239,5426,771417,3,4,4,9,
9240,1772,771417,3,4,4,8,
9241,38291,771417,33,33,3,7,
9242,12589,771417,23,23,3,6,
9243,8061,771417,15,15,3,8,
9244,8448,771417,3,4,4,8,
9245,8736,771417,19,19,3,8,
9246,10339,771417,3,4,4,6,
9247,3799,771417,3,4,4,7,
9248,3360,771417,3,4,4,7,
9249,26328,771417,27,27,3,7,
9250,24816,771417,17,17,3,6,
9251,23288,771417,3,4,4,7,
9252,13843,771417,13,13,3,6,
9253,24261,771417,3,4,4,5,
9254,25309,771417,3,4,4,6,
9255,42484,771417,27,27,3,7,
9256,14314,771417,19,19,3,8,
9257,42333,771417,33,33,3,8,
9258,29924,771417,3,4,4,9,
9259,12777,771417,3,4,4,9,
9260,44730,771417,31,31,3,7,
9261,9128,771417,19,19,3,7,
9262,28492,771417,25,25,3,7,
9263,3126,771417,3,4,4,8,
9264,19800,771417,17,17,3,8,
9265,5240,771417,3,4,4,9,
9266,17780,771417,21,21,3,8,
9267,22616,771417,21,21,3,9,
9268,21871,771417,19,19,3,8,
9269,11589,771417,19,19,3,8,
9270,3576,771417,3,4,4,8,
9271,1477,771417,3,4,4,9,
9272,14985,771417,15,15,3,9,
9273,15153,771417,17,17,3,8,
9274,1030,771417,3,4,4,7,
9275,16874,771417,23,23,3,7,
9276,1240,771417,3,4,4,8,
9277,21324,771417,27,27,3,8,
9278,8565,771417,17,17,3,9,
9279,20931,771417,3,4,4,9,
9280,17799,771417,21,21,3,8,
9281,3056,771417,3,4,4,8,
9282,18707,771417,3,4,4,8,
9283,17324,771418,21,21,3,8,
9284,19580,771418,3,4,4,8,
9285,2381,771418,3,4,4,9,
9286,15461,771418,25,25,3,8,
9287,17602,771418,27,27,3,8,
9288,3994,771418,3,4,4,9,
9289,12595,771418,25,25,3,9,
9290,12335,771418,3,4,4,7,
9291,2214,771418,3,4,4,8,
9292,2397,771418,3,4,4,8,
9293,2173,771418,3,4,4,6,
9294,1751,771418,3,4,4,7,
9295,2767,771418,3,4,4,8,
9296,26130,771418,19,19,3,7,
9297,23260,771418,21,21,3,8,
9298,17549,771418,19,19,3,7,
9299,55320,771418,31,31,3,8,
9300,44356,771418,21,21,3,8,
9301,16386,771418,3,4,4,8,
9302,20601,771418,3,4,4,8,
9303,787,771418,3,4,4,7,
9304,2186,771418,3,4,4,8,
9305,9801,771418,13,13,3,8,
9306,1775,771418,3,4,4,8,
9307,992,771418,3,4,4,8,
9308,1349,771418,3,4,4,8,
9309,1535,771418,3,4,4,8,
9310,1920,771418,3,4,4,9,
9311,18860,771418,27,27,3,7,
9312,17305,771418,25,25,3,8,
9313,26555,771418,21,21,3,8,
9314,1546,771418,3,4,4,9,
9315,28703,771418,25,25,3,8,
9316,27801,771418,3,4,4,8,
9317,2422,771418,3,4,4,8,
9318,3206,771418,3,4,4,8,
9319,21745,771418,21,21,3,8,
9320,3262,771418,3,4,4,8,
9321,3307,771418,3,4,4,9,
9322,651,771418,3,4,4,7,
9323,955,771418,3,4,4,7,
9324,16272,771418,17,17,3,7,
9325,4925,771418,3,4,4,8,
9326,22342,771418,17,17,3,9,
9327,18947,771418,19,19,3,8,
9328,18843,771418,33,33,3,8,
9329,17501,771418,27,27,3,8,
9330,18121,771418,3,4,4,9,
9331,1443,771418,3,4,4,8,
9332,7548,771418,3,4,4,8,
9333,1795,771418,3,4,4,9,
9334,15200,771418,33,33,3,9,
9335,6904,771418,3,4,4,8,
9336,15140,771418,3,4,4,8,
9337,9360,771418,13,13,3,8,
9338,16808,771418,19,19,3,8,
9339,6596,771418,13,13,3,9,
9340,13285,771418,21,21,3,9,
9341,12909,771418,3,4,4,8,
9342,10304,771418,15,15,3,9,
9343,15674,771418,23,23,3,9,
9344,10956,771418,15,16,3,9,
9345,2016,771418,3,4,4,8,
9346,2630,771418,3,4,4,9,
9347,1652,771418,3,4,4,8,
9348,23630,771418,31,31,3,8,
9349,2238,771418,3,4,4,9,
9350,24428,771418,31,31,3,8,
9351,12652,771418,21,21,3,8,
9352,12838,771418,3,4,4,8,
9353,11401,771418,21,21,3,9,
9354,1271,771418,3,4,4,8,
9355,16914,771418,19,19,3,8,
9356,11162,771418,3,4,4,8,
9357,17306,771418,3,4,4,8,
9358,5295,771418,3,4,4,9,
9359,2134,771418,3,4,4,9,
9360,1933,771418,3,4,4,8,
9361,26517,771418,29,30,3,8,
9362,3262,771418,3,4,4,8,
9363,3278,771418,3,4,4,8,
9364,15309,771418,19,19,3,8,
9365,13879,771418,13,13,3,8,
9366,1602,771418,3,4,4,8,
9367,6061,771418,17,17,3,8,
9368,2116,771418,3,4,4,9,
9369,9764,771418,13,13,3,9,
9370,17265,771418,23,23,3,8,
9371,18380,771418,31,31,3,8,
9372,3091,771418,3,4,4,9,
9373,12484,771418,19,19,3,8,
9374,5856,771418,3,4,4,8,
9375,1889,771418,3,4,4,9,
9376,1982,771418,3,4,4,9,
9377,6812,771418,13,13,3,9,
9378,6939,771418,3,4,4,8,
9379,14250,771418,13,13,3,8,
9380,1609,771418,3,4,4,9,
9381,20885,771418,31,31,3,8,
9382,15167,771418,25,25,3,9,
9383,16147,771418,3,4,4,9,
9384,587,771418,3,4,4,8,
9385,1523,771418,3,4,4,8,
9386,5610,771418,3,4,4,9,
9387,20289,771418,31,31,3,9,
9388,20293,771418,3,4,4,8,
9389,13682,771418,21,21,3,7,
9390,11708,771418,19,19,3,8,
9391,1713,771418,3,4,4,9,
9392,9637,771418,27,27,3,8,
9393,19998,771418,25,25,3,9,
9394,14698,771418,25,25,3,8,
9395,2393,771418,3,4,4,9,
9396,2454,771418,3,4,4,9,
9397,3291,771418,3,4,4,8,
9398,2756,771418,3,4,4,7,
9399,15157,771418,25,25,3,7,
9400,1483,771418,3,4,4,7,
9401,20112,771418,33,33,3,8,
9402,11842,771418,19,19,3,8,
9403,19548,771418,3,4,4,8,
9404,12791,771418,23,23,3,8,
9405,10687,771418,27,27,3,8,
9406,1969,771418,3,4,4,9,
9407,7596,771418,17,17,3,8,
9408,6352,771418,3,4,4,8,
9409,8151,771418,3,4,4,8,
9410,4260,771418,3,4,4,8,
9411,12414,771418,27,27,3,8,
9412,9749,771418,13,13,3,8,
9413,13405,771418,3,4,4,8,
9414,12187,771418,19,19,3,8,
9415,18325,771418,27,27,3,8,
9416,1023,771418,3,4,4,8,
9417,1652,771418,3,4,4,8,
9418,12104,771418,3,4,4,9,
9419,1306,771418,3,4,4,8,
9420,18115,771418,29,29,3,9,
9421,18984,771418,31,31,3,8,
9422,2219,771418,3,4,4,8,
9423,2542,771418,3,4,4,9,
9424,22073,771418,31,31,3,8,
9425,26060,771418,31,31,3,9,
9426,12495,771418,19,19,3,9,
9427,2623,771418,3,4,4,8,
9428,3251,771418,3,4,4,9,
9429,11330,771418,23,23,3,8,
9430,2560,771418,3,4,4,8,
9431,11153,771418,3,4,4,9,
9432,6754,771418,15,15,3,8,
9433,7524,771418,3,4,4,8,
9434,16734,771418,3,4,4,9,
9435,9803,771418,17,17,3,8,
9436,23577,771418,31,31,3,8,
9437,22360,771418,13,13,3,9,
9438,25848,771418,23,23,3,8,
9439,9500,771418,13,13,3,8,
9440,1551,771418,3,4,4,9,
9441,2142,771418,3,4,4,9,
9442,22176,771418,23,23,3,9,
9443,18778,771418,15,15,3,8,
9444,12900,771418,15,15,3,9,
9445,13558,771418,15,15,3,8,
9446,10950,771418,19,19,3,8,
9447,1792,771418,3,4,4,9,
9448,15016,771418,23,23,3,9,
9449,16004,771418,3,4,4,9,
9450,2822,771418,3,4,4,9,
9451,18158,771418,27,27,3,7,
9452,18094,771418,29,29,3,7,
9453,20003,771418,3,4,4,8,
9454,4965,771418,3,4,4,8,
9455,15394,771418,21,21,3,8,
9456,18566,771418,3,4,4,9,
9457,14975,771418,3,4,4,7,
9458,2990,771418,3,4,4,9,
9459,4024,771418,3,4,4,8,
9460,15981,771418,27,27,3,7,
9461,17431,771418,3,4,4,7,
9462,12618,771418,21,21,3,8,
9463,4550,771418,13,13,3,9,
9464,8044,771418,3,4,4,8,
9465,21895,771418,31,31,3,8,
9466,37311,771418,29,29,3,5,
9467,2238,771418,3,4,4,8,
9468,20899,771418,3,4,4,8,
9469,19051,771418,17,17,3,8,
9470,10530,771418,13,13,3,7,
9471,12789,771418,21,21,3,8,
9472,567,771418,3,4,4,6,
9473,19359,771418,19,19,3,7,
9474,1100,771418,3,4,4,7,
9475,20921,771418,25,25,3,7,
9476,1522,771418,3,4,4,8,
9477,17806,771418,31,31,3,8,
9478,16809,771418,3,4,4,7,
9479,13106,771418,13,13,3,8,
9480,19619,771418,33,33,3,5,
9481,16426,771418,31,31,3,4,
9482,16987,771418,3,4,4,4,
9483,15832,771418,3,4,4,4,
9484,18684,771418,19,19,3,4,
9485,18965,771418,17,17,3,4,
9486,21774,771418,23,23,3,5,
9487,34032,771418,31,31,3,6,
9488,35428,771418,31,31,3,6,
9489,29461,771418,25,25,3,6,
9490,35293,771418,33,33,3,7,
9491,27952,771418,25,25,3,8,
9492,29840,771418,31,31,3,8,
9493,31178,771418,23,23,3,8,
9494,11533,771418,13,13,3,8,
9495,17932,771418,3,4,4,8,
9496,26456,771418,19,19,3,9,
9497,18217,771418,29,29,3,8,
9498,17497,771418,3,4,4,9,
9499,13120,771418,23,23,3,9,
9500,9488,771418,21,21,3,9,
9501,21177,771418,19,19,3,8,
9502,20046,771418,19,19,3,9,
9503,13958,771418,19,19,3,8,
9504,19811,771418,3,4,4,9,
9505,7503,771418,19,19,3,8,
9506,21702,771418,33,33,3,9,
9507,15873,771418,25,25,3,9,
9508,19312,771418,27,27,3,7,
9509,16168,771418,25,25,3,9,
9510,19062,771418,3,4,4,8,
9511,9280,771418,13,13,3,8,
9512,6476,771418,3,4,4,9,
9513,16371,771418,31,31,3,8,
9514,30981,771418,27,27,3,8,
9515,6763,771418,15,15,3,8,
9516,6906,771418,3,4,4,7,
9517,19216,771418,33,33,3,9,
9518,2077,771418,3,4,4,8,
9519,1810,771418,3,4,4,8,
9520,16255,771418,27,27,3,8,
9521,2775,771418,3,4,4,8,
9522,17949,771418,33,33,3,8,
9523,17066,771418,23,23,3,8,
9524,15538,771418,29,29,3,8,
9525,2033,771418,3,4,4,8,
9526,16528,771418,3,4,4,8,
9527,19316,771418,33,33,3,9,
9528,12794,771418,21,21,3,8,
9529,15971,771418,3,4,4,9,
9530,6080,771418,3,4,4,9,
9531,14452,771418,33,33,3,9,
9532,13890,771418,3,4,4,7,
9533,6766,771418,3,4,4,8,
9534,6452,771418,17,17,3,8,
9535,9070,771418,15,15,3,8,
9536,6700,771418,3,4,4,8,
9537,9244,771418,3,4,4,9,
9538,3468,771418,3,4,4,8,
9539,2324,771418,3,4,4,9,
9540,2363,771418,3,4,4,8,
9541,6093,771418,15,15,3,8,
9542,21032,771418,25,25,3,9,
9543,1569,771418,3,4,4,8,
9544,5887,771418,3,4,4,8,
9545,15726,771418,29,29,3,8,
9546,14387,771418,33,33,3,8,
9547,16255,771418,3,4,4,8,
9548,2439,771418,3,4,4,9,
9549,10927,771418,23,23,3,8,
9550,17364,771418,27,27,3,8,
9551,10357,771418,3,4,4,7,
9552,14771,771418,29,29,3,8,
9553,12072,771418,19,19,3,8,
9554,14947,771418,3,4,4,9,
9555,6673,771418,15,15,3,8,
9556,6885,771418,3,4,4,8,
9557,2434,771418,3,4,4,8,
9558,10384,771418,25,25,3,9,
9559,11180,771418,13,13,3,8,
9560,10218,771418,23,23,3,9,
9561,11784,771418,15,15,3,9,
9562,15113,771418,15,15,3,8,
9563,2558,771418,3,4,4,9,
9564,19965,771418,27,27,3,8,
9565,7704,771418,3,4,4,8,
9566,18230,771418,33,33,3,9,
9567,13933,771418,29,29,3,8,
9568,18976,771418,3,4,4,8,
9569,14303,771418,29,29,3,8,
9570,3545,771418,3,4,4,8,
9571,12136,771418,25,25,3,7,
9572,13680,771418,3,4,4,8,
9573,9967,771418,19,19,3,8,
9574,10059,771418,3,4,4,8,
9575,6363,771418,3,4,4,7,
9576,9408,771418,21,21,3,9,
9577,9780,771418,3,4,4,9,
9578,6841,771418,21,21,3,7,
9579,17126,771418,29,29,3,7,
9580,2065,771418,3,4,4,8,
9581,1860,771418,3,4,4,7,
9582,7742,771418,19,19,3,7,
9583,16393,771418,3,4,4,8,
9584,3283,771418,3,4,4,8,
9585,1010,771418,3,4,4,9,
9586,6466,771418,15,15,3,8,
9587,13408,771418,17,17,3,9,
9588,14787,771418,29,29,3,9,
9589,13807,771418,21,21,3,8,
9590,11122,771418,17,17,3,8,
9591,12089,771418,23,23,3,8,
9592,10776,771418,3,4,4,8,
9593,3385,771418,13,13,3,9,
9594,10424,771418,3,4,4,8,
9595,6735,771418,3,4,4,8,
9596,7013,771418,19,19,3,8,
9597,7652,771418,3,4,4,8,
9598,7590,771418,17,17,3,8,
9599,8231,771418,3,4,4,7,
9600,11014,771418,13,13,3,8,
9601,2070,771418,3,4,4,8,
9602,15508,771418,21,21,3,9,
9603,20370,771418,31,31,3,7,
9604,16643,771418,3,4,4,8,
9605,32361,771418,31,31,3,8,
9606,20912,771418,3,4,4,9,
9607,1335,771418,3,4,4,7,
9608,20347,771418,25,25,3,8,
9609,22606,771418,31,31,3,8,
9610,24188,771418,3,4,4,8,
9611,27278,771418,25,25,3,9,
9612,17715,771418,19,19,3,9,
9613,2420,771418,3,4,4,9,
9614,1918,771418,3,4,4,8,
9615,773,771418,3,4,4,7,
9616,21465,771418,23,23,3,8,
9617,38994,771418,23,23,3,8,
9618,10652,771418,17,17,3,8,
9619,13475,771418,3,4,4,9,
9620,11958,771418,3,4,4,9,
9621,13531,771418,23,23,3,8,
9622,21749,771418,31,31,3,9,
9623,12889,771418,13,13,3,8,
9624,12901,771418,17,17,3,8,
9625,28448,771418,21,21,3,9,
9626,14377,771418,19,19,3,9,
9627,10185,771418,3,4,4,8,
9628,35837,771418,23,23,3,9,
9629,16821,771418,21,21,3,8,
9630,21456,771418,3,4,4,9,
9631,19381,771418,23,23,3,9,
9632,3750,771418,3,4,4,9,
9633,2879,771418,3,4,4,8,
9634,26761,771418,3,4,4,9,
9635,1671,771418,3,4,4,9,
9636,29445,771418,23,23,3,8,
9637,2173,771418,3,4,4,9,
9638,16301,771418,19,19,3,9,
9639,21426,771418,27,27,3,8,
9640,716,771418,3,4,4,8,
9641,22667,771418,29,29,3,7,
9642,34307,771418,33,33,3,8,
9643,2907,771418,3,4,4,8,
9644,2891,771418,3,4,4,9,
9645,15317,771418,17,17,3,8,
9646,1293,771418,3,4,4,8,
9647,28500,771418,33,33,3,7,
9648,25193,771418,29,29,3,8,
9649,6683,771418,3,4,4,9,
9650,18539,771418,17,17,3,7,
9651,18865,771418,3,4,4,7,
9652,1540,771418,3,4,4,9,
9653,1739,771418,3,4,4,9,
9654,16968,771418,29,29,3,9,
9655,2096,771418,3,4,4,8,
9656,17845,771418,3,4,4,8,
9657,8435,771418,17,17,3,9,
9658,9236,771418,3,4,4,8,
9659,19310,771418,31,31,3,9,
9660,1692,771418,3,4,4,8,
9661,1449,771418,3,4,4,7,
9662,3118,771418,3,4,4,8,
9663,13851,771418,17,17,3,8,
9664,3084,771418,3,4,4,8,
9665,11572,771418,19,19,3,8,
9666,13371,771418,3,4,4,7,
9667,12146,771418,29,29,3,8,
9668,18123,771418,29,29,3,9,
9669,28295,771418,21,21,3,8,
9670,13364,771418,31,31,3,8,
9671,10503,771418,3,4,4,7,
9672,10286,771418,15,15,3,7,
9673,13620,771418,17,17,3,9,
9674,10401,771418,3,4,4,8,
9675,14591,771418,17,17,3,7,
9676,12627,771418,21,21,3,7,
9677,13630,771418,19,19,3,8,
9678,14897,771418,3,4,4,7,
9679,15946,771418,3,4,4,9,
9680,19223,771418,25,25,3,9,
9681,21195,771418,27,27,3,9,
9682,1400,771418,3,4,4,8,
9683,20962,771418,27,27,3,9,
9684,11918,771418,21,21,3,8,
9685,1971,771418,3,4,4,9,
9686,17538,771418,29,29,3,8,
9687,3275,771418,3,4,4,9,
9688,18251,771418,3,4,4,8,
9689,11945,771418,23,23,3,8,
9690,3184,771418,3,4,4,9,
9691,12040,771418,3,4,4,9,
9692,8055,771418,15,15,3,8,
9693,12460,771418,23,23,3,9,
9694,5247,771418,3,4,4,8,
9695,8348,771418,3,4,4,9,
9696,8398,771418,15,15,3,8,
9697,6337,771418,3,4,4,9,
9698,17110,771418,31,31,3,8,
9699,7605,771418,17,17,3,8,
9700,16779,771418,3,4,4,9,
9701,14094,771418,27,27,3,8,
9702,20558,771418,19,19,3,8,
9703,3088,771418,3,4,4,8,
9704,10071,771418,23,23,3,9,
9705,9965,771418,3,4,4,9,
9706,1138,771418,3,4,4,9,
9707,1287,771418,3,4,4,8,
9708,13777,771418,29,29,3,9,
9709,1491,771418,3,4,4,8,
9710,5036,771418,13,13,3,8,
9711,978,771418,3,4,4,9,
9712,12399,771418,31,31,3,9,
9713,13091,771418,3,4,4,8,
9714,8360,771418,3,4,4,8,
9715,978,771418,3,4,4,8,
9716,15597,771418,31,31,3,7,
9717,5377,771418,15,15,3,8,
9718,8896,771418,3,4,4,8,
9719,1971,771418,3,4,4,9,
9720,10354,771418,29,29,3,9,
9721,10787,771418,3,4,4,9,
9722,1450,771418,3,4,4,8,
9723,5815,771418,13,13,3,8,
9724,2709,771418,3,4,4,8,
9725,1980,771418,3,4,4,9,
9726,6964,771418,13,13,3,8,
9727,2828,771418,3,4,4,8,
9728,6690,771418,15,15,3,8,
9729,6247,771418,3,4,4,8,
9730,12119,771418,31,31,3,8,
9731,6169,771418,3,4,4,8,
9732,25945,771418,33,33,3,9,
9733,15700,771418,27,27,3,8,
9734,10571,771418,21,21,3,9,
9735,10591,771418,3,4,4,8,
9736,1495,771418,3,4,4,8,
9737,7496,771418,17,17,3,8,
9738,5524,771418,15,15,3,8,
9739,13006,771418,3,4,4,8,
9740,8141,771418,3,4,4,9,
9741,8026,771418,19,19,3,9,
9742,16147,771418,3,4,4,8,
9743,4147,771418,3,4,4,9,
9744,8992,771418,17,17,3,8,
9745,10381,771418,19,19,3,9,
9746,4444,771418,13,13,3,8,
9747,2064,771418,3,4,4,9,
9748,10849,771418,17,17,3,9,
9749,1729,771418,3,4,4,9,
9750,1716,771418,3,4,4,8,
9751,3142,771418,3,4,4,8,
9752,2165,771418,3,4,4,8,
9753,15706,771418,31,31,3,8,
9754,3017,771418,3,4,4,8,
9755,13358,771418,31,31,3,9,
9756,13434,771418,3,4,4,8,
9757,9625,771418,21,21,3,9,
9758,13861,771418,3,4,4,8,
9759,9598,771418,3,4,4,9,
9760,17533,771418,31,31,3,9,
9761,17058,771418,29,29,3,8,
9762,1079,771418,3,4,4,9,
9763,17029,771418,23,23,3,9,
9764,10308,771418,21,21,3,9,
9765,1943,771418,3,4,4,8,
9766,10383,771418,13,13,3,9,
9767,14387,771418,23,23,3,8,
9768,10727,771418,3,4,4,9,
9769,16999,771418,25,25,3,8,
9770,2228,771418,3,4,4,9,
9771,1539,771418,3,4,4,9,
9772,9481,771418,13,13,3,9,
9773,9789,771418,3,4,4,8,
9774,18646,771418,21,21,3,8,
9775,21241,771418,31,31,3,9,
9776,2445,771418,3,4,4,8,
9777,38928,771418,21,21,3,8,
9778,13603,771418,13,13,3,8,
9779,12077,771418,15,15,3,9,
9780,17319,771418,25,25,3,8,
9781,2084,771418,3,4,4,9,
9782,16468,771418,27,27,3,8,
9783,10660,771418,15,15,3,8,
9784,15579,771418,25,25,3,9,
9785,21293,771418,23,23,3,9,
9786,702,771418,3,4,4,7,
9787,6236,771418,3,4,4,7,
9788,25419,771418,33,33,3,8,
9789,12087,771418,13,13,3,8,
9790,6810,771418,3,4,4,9,
9791,15208,771418,19,19,3,8,
9792,19648,771418,29,29,3,9,
9793,23899,771418,27,27,3,8,
9794,20122,771418,3,4,4,9,
9795,9191,771418,13,13,3,9,
9796,9320,771418,3,4,4,9,
9797,9626,771418,13,13,3,9,
9798,17334,771418,25,25,3,9,
9799,1230,771418,3,4,4,9,
9800,11235,771418,21,21,3,9,
9801,5650,771418,13,13,3,9,
9802,9881,771418,17,17,3,9,
9803,12603,771418,21,21,3,9,
9804,8363,771418,3,4,4,8,
9805,12959,771418,21,21,3,9,
9806,2069,771418,3,4,4,9,
9807,12999,771418,31,31,3,8,
9808,14719,771418,27,27,3,8,
9809,29384,771418,27,27,3,8,
9810,9320,771418,3,4,4,9,
9811,2836,771418,3,4,4,9,
9812,9856,771418,21,21,3,9,
9813,18387,771418,29,29,3,8,
9814,9200,771418,3,4,4,8,
9815,19779,771418,31,31,3,9,
9816,18546,771418,27,27,3,9,
9817,1626,771418,3,4,4,8,
9818,15411,771418,31,31,3,8,
9819,16027,771418,3,4,4,8,
9820,18542,771418,23,23,3,9,
9821,6710,771418,19,19,3,8,
9822,14133,771418,15,15,3,8,
9823,14273,771418,33,33,3,8,
9824,15007,771418,33,33,3,8,
9825,13100,771418,25,25,3,8,
9826,10929,771418,3,4,4,9,
9827,1649,771418,3,4,4,8,
9828,4938,771418,3,4,4,9,
9829,21588,771418,21,21,3,9,
9830,26919,771418,31,31,3,8,
9831,1796,771418,3,4,4,8,
9832,16515,771418,3,4,4,8,
9833,25028,771418,31,31,3,9,
9834,2257,771418,3,4,4,8,
9835,20031,771418,21,21,3,9,
9836,3139,771418,3,4,4,9,
9837,18055,771418,21,21,3,8,
9838,17155,771418,3,4,4,8,
9839,25952,771418,33,33,3,8,
9840,9079,771418,3,4,4,8,
9841,20056,771418,25,25,3,9,
9842,21747,771418,17,17,3,8,
9843,16736,771418,21,21,3,8,
9844,17633,771418,21,21,3,9,
9845,11513,771418,27,27,3,8,
9846,11446,771418,25,25,3,8,
9847,10531,771418,3,4,4,9,
9848,9746,771418,3,4,4,8,
9849,13181,771418,3,4,4,8,
9850,8871,771418,17,17,3,8,
9851,13255,771418,13,13,3,8,
9852,49845,771418,27,27,3,8,
9853,12000,771418,15,15,3,8,
9854,50053,771418,27,27,3,7,
9855,47866,771418,21,21,3,9,
9856,1920,771418,3,4,4,8,
9857,4087,771418,3,4,4,8,
9858,3498,771418,3,4,4,8,
9859,53711,771418,31,31,3,7,
9860,3184,771418,3,4,4,9,
9861,17547,771418,3,4,4,8,
9862,2295,771418,3,4,4,8,
9863,52791,771418,3,4,4,8,
9864,2292,771418,3,4,4,9,
9865,43389,771418,23,23,3,9,
9866,52091,771418,23,23,3,8,
9867,41914,771418,19,19,3,8,
9868,46145,771418,17,17,3,8,
9869,20945,771418,3,4,4,9,
9870,9626,771418,19,19,3,7,
9871,8095,771418,17,17,3,7,
9872,14256,771418,3,4,4,9,
9873,1801,771418,3,4,4,8,
9874,3289,771418,3,4,4,9,
9875,17773,771418,27,27,3,9,
9876,16524,771418,27,27,3,7,
9877,18522,771418,21,21,3,7,
9878,9509,771418,13,13,3,8,
9879,2000,771418,3,4,4,9,
9880,18473,771418,3,4,4,8,
9881,24559,771418,29,29,3,8,
9882,24642,771418,25,25,3,9,
9883,19845,771418,33,33,3,9,
9884,15410,771418,25,25,3,9,
9885,10065,771418,13,13,3,9,
9886,19820,771418,25,25,3,9,
9887,2002,771418,3,4,4,8,
9888,27327,771418,29,29,3,9,
9889,4805,771418,3,4,4,9,
9890,26313,771418,3,4,4,8,
9891,1836,771418,3,4,4,8,
9892,2860,771418,3,4,4,8,
9893,15768,771418,15,15,3,8,
9894,19064,771418,33,33,3,9,
9895,12061,771418,19,19,3,8,
9896,9695,771418,15,15,3,8,
9897,13994,771418,27,27,3,9,
9898,8005,771418,3,4,4,9,
9899,3952,771418,3,4,4,9,
9900,12405,771418,23,23,3,8,
9901,19420,771418,33,33,3,8,
9902,10562,771418,17,17,3,8,
9903,11193,771418,3,4,4,8,
9904,7212,771418,13,13,3,9,
9905,6224,771418,3,4,4,8,
9906,12054,771418,27,27,3,9,
9907,10310,771418,3,4,4,9,
9908,23723,771418,29,29,3,6,
9909,8791,771418,3,4,4,8,
9910,2112,771418,3,4,4,7,
9911,24004,771418,3,4,4,8,
9912,3102,771418,3,4,4,8,
9913,12957,771418,23,23,3,9,
9914,18587,771418,25,25,3,7,
9915,13209,771418,3,4,4,9,
9916,18041,771418,3,4,4,7,
9917,2143,771418,3,4,4,8,
9918,13008,771418,19,19,3,9,
9919,10737,771418,19,19,3,8,
9920,17044,771418,21,21,3,8,
9921,10088,771418,3,4,4,8,
9922,3102,771418,3,4,4,9,
9923,2395,771418,3,4,4,9,
9924,9126,771418,17,17,3,8,
9925,1487,771418,3,4,4,7,
9926,9135,771418,3,4,4,8,
9927,19073,771418,33,33,3,8,
9928,15167,771418,29,29,3,7,
9929,1492,771418,3,4,4,7,
9930,17627,771418,3,4,4,7,
9931,2731,771418,3,4,4,8,
9932,18006,771418,21,21,3,8,
9933,13994,771418,25,25,3,8,
9934,18338,771418,3,4,4,9,
9935,13540,771418,3,4,4,7,
9936,10336,771418,17,17,3,7,
9937,19488,771418,31,31,3,8,
9938,20633,771418,3,4,4,9,
9939,3678,771418,3,4,4,8,
9940,16738,771418,31,31,3,8,
9941,30422,771418,33,33,3,8,
9942,9669,771418,13,13,3,8,
9943,2580,771418,3,4,4,7,
9944,3941,771418,3,4,4,8,
9945,9237,771418,15,15,3,8,
9946,3299,771418,3,4,4,8,
9947,2552,771418,3,4,4,8,
9948,3028,771418,3,4,4,8,
9949,11446,771418,17,17,3,8,
9950,2742,771418,3,4,4,7,
9951,10908,771418,3,4,4,8,
9952,15674,771418,31,31,3,8,
9953,12478,771418,25,25,3,9,
9954,11182,771418,3,4,4,8,
9955,13499,771418,33,33,3,7,
9956,14586,771418,3,4,4,8,
9957,8060,771418,17,17,3,9,
9958,21239,771418,21,21,3,9,
9959,1520,771418,3,4,4,8,
9960,9089,771418,23,23,3,9,
9961,5633,771418,3,4,4,8,
9962,10383,771418,3,4,4,8,
9963,1869,771418,3,4,4,9,
9964,1855,771418,3,4,4,8,
9965,1294,771418,3,4,4,8,
9966,8317,771418,19,19,3,8,
9967,14710,771418,27,27,3,8,
9968,12151,771418,33,33,3,8,
9969,15259,771418,3,4,4,9,
9970,22085,771418,29,29,3,7,
9971,7672,771418,3,4,4,9,
9972,6963,771418,13,13,3,9,
9973,6391,771418,13,13,3,8,
9974,5827,771418,3,4,4,8,
9975,6603,771418,13,13,3,8,
9976,5934,771418,3,4,4,8,
9977,6214,771418,13,13,3,9,
9978,6188,771418,3,4,4,8,
9979,8328,771418,23,23,3,8,
9980,12321,771418,3,4,4,9,
9981,8308,771418,3,4,4,9,
9982,2154,771418,3,4,4,8,
9983,1693,771418,3,4,4,8,
9984,10686,771418,27,27,3,8,
9985,6196,771418,17,17,3,8,
9986,11619,771418,3,4,4,7,
9987,6291,771418,3,4,4,8,
9988,14459,771418,31,31,3,8,
9989,14833,771418,3,4,4,7,
9990,1960,771418,3,4,4,8,
9991,5803,771418,13,13,3,9,
9992,1342,771418,3,4,4,8,
9993,8854,771418,21,21,3,8,
9994,2367,771418,3,4,4,8,
9995,14026,771418,29,29,3,9,
9996,14407,771418,23,23,3,9,
9997,1522,771418,3,4,4,8,
9998,1740,771418,3,4,4,8,
9999,2920,771418,3,4,4,8,
10000,3087,771418,3,4,4,8,
10001,4285,771418,3,4,4,6,
10002,3616,771418,3,4,4,7,
10003,1899,771418,3,4,4,8,
10004,3730,771418,3,4,4,8,
10005,1313,771418,3,4,4,7,
10006,1609,771418,3,4,4,8,
10007,20196,771418,29,29,3,8,
10008,17237,771418,25,25,3,7,
10009,9697,771418,17,17,3,8,
10010,2017,771418,3,4,4,7,
10011,20434,771418,3,4,4,8,
10012,17507,771418,19,19,3,8,
10013,9301,771418,3,4,4,9,
10014,14625,771418,25,25,3,9,
10015,12394,771418,25,25,3,9,
10016,2075,771418,3,4,4,9,
10017,1633,771418,3,4,4,9,
10018,930,771418,3,4,4,9,
10019,1228,771418,3,4,4,8,
10020,1568,771418,3,4,4,9,
10021,1163,771418,3,4,4,8,
10022,2287,771418,3,4,4,8,
10023,1576,771418,3,4,4,9,
10024,11250,771418,21,21,3,8,
10025,1648,771418,3,4,4,9,
10026,1525,771418,3,4,4,8,
10027,11353,771418,21,21,3,9,
10028,1172,771418,3,4,4,8,
10029,7899,771418,17,17,3,8,
10030,10895,771418,31,31,3,8,
10031,6460,771418,15,15,3,8,
10032,6666,771418,3,4,4,8,
10033,13250,771418,25,25,3,8,
10034,12910,771418,3,4,4,9,
10035,9925,771418,15,15,3,9,
10036,9494,771418,3,4,4,8,
10037,4766,771418,13,13,3,8,
10038,10398,771418,17,17,3,8,
10039,4581,771418,3,4,4,8,
10040,4813,771418,3,4,4,9,
10041,12592,771418,21,21,3,9,
10042,11938,771418,19,19,3,8,
10043,1858,771418,3,4,4,8,
10044,9797,771418,13,13,3,9,
10045,7464,771418,13,13,3,9,
10046,2523,771418,3,4,4,9,
10047,21143,771418,29,29,3,8,
10048,2462,771418,3,4,4,7,
10049,7986,771418,13,13,3,8,
10050,1804,771418,3,4,4,9,
10051,6653,771418,3,4,4,8,
10052,5024,771418,3,4,4,7,
10053,7034,771418,13,13,3,7,
10054,7513,771418,15,15,3,8,
10055,8114,771418,13,13,3,8,
10056,2406,771418,3,4,4,8,
10057,5166,771418,15,15,3,7,
10058,5877,771418,3,4,4,8,
10059,2629,771418,3,4,4,8,
10060,1174,771418,3,4,4,8,
10061,1461,771418,3,4,4,7,
10062,2022,771418,3,4,4,8,
10063,2365,771418,3,4,4,8,
10064,16346,771418,31,31,3,9,
10065,2642,771418,3,4,4,8,
10066,19941,771418,31,31,3,8,
10067,2834,771418,3,4,4,9,
10068,3303,771418,3,4,4,9,
10069,1987,771418,3,4,4,8,
10070,12222,771418,19,19,3,9,
10071,3160,771418,3,4,4,8,
10072,2270,771418,3,4,4,8,
10073,10412,771418,19,19,3,9,
10074,16420,771418,27,27,3,8,
10075,19799,771418,23,23,3,9,
10076,2968,771418,3,4,4,9,
10077,11261,771419,13,13,3,9,
10078,1867,771419,3,4,4,9,
10079,10406,771419,15,15,3,9,
10080,10734,771419,3,4,4,9,
10081,16187,771419,33,33,3,9,
10082,8061,771419,15,15,3,8,
10083,14735,771419,27,27,3,8,
10084,6266,771419,3,4,4,8,
10085,7859,771419,3,4,4,9,
10086,7730,771419,17,17,3,9,
10087,7951,771419,3,4,4,9,
10088,2702,771419,3,4,4,8,
10089,10670,771419,29,29,3,9,
10090,4352,771419,3,4,4,8,
10091,17782,771419,33,33,3,7,
10092,17572,771419,3,4,4,8,
10093,8110,771419,15,15,3,8,
10094,10886,771419,15,15,3,9,
10095,1940,771419,3,4,4,8,
10096,8484,771419,19,19,3,9,
10097,2014,771419,3,4,4,9,
10098,11323,771419,23,23,3,7,
10099,1820,771419,3,4,4,9,
10100,2469,771419,3,4,4,8,
10101,6716,771419,15,15,3,8,
10102,2266,771419,3,4,4,9,
10103,6084,771419,3,4,4,9,
10104,6892,771419,15,15,3,8,
10105,4658,771419,3,4,4,8,
10106,6257,771419,3,4,4,7,
10107,4924,771419,3,4,4,7,
10108,10867,771419,33,33,3,8,
10109,1401,771419,3,4,4,8,
10110,11939,771419,3,4,4,9,
10111,2159,771419,3,4,4,7,
10112,2107,771419,3,4,4,7,
10113,1842,771419,3,4,4,7,
10114,11107,771419,27,27,3,8,
10115,19326,771419,19,19,3,7,
10116,12633,771419,19,19,3,8,
10117,12661,771419,15,15,3,8,
10118,15241,771419,23,23,3,8,
10119,8137,771419,15,15,3,8,
10120,20211,771419,33,33,3,8,
10121,18497,771419,3,4,4,9,
10122,18625,771419,21,21,3,9,
10123,13767,771419,23,23,3,7,
10124,10953,771419,21,21,3,9,
10125,6911,771419,13,13,3,9,
10126,10050,771419,3,4,4,8,
10127,15976,771419,25,25,3,9,
10128,16980,771419,33,33,3,9,
10129,17591,771419,27,27,3,8,
10130,2139,771419,3,4,4,8,
10131,2182,771419,3,4,4,8,
10132,14708,771419,23,23,3,9,
10133,2350,771419,3,4,4,8,
10134,9778,771419,19,19,3,9,
10135,14491,771419,27,27,3,7,
10136,1857,771419,3,4,4,8,
10137,4383,771419,3,4,4,9,
10138,11183,771419,19,19,3,8,
10139,10972,771419,3,4,4,8,
10140,16329,771419,25,25,3,9,
10141,7839,771419,17,17,3,8,
10142,8277,771419,3,4,4,8,
10143,6712,771419,15,15,3,9,
10144,3840,771419,3,4,4,9,
10145,3535,771419,3,4,4,7,
10146,1838,771419,3,4,4,7,
10147,15686,771419,23,23,3,8,
10148,16846,771419,25,25,3,8,
10149,2472,771419,3,4,4,8,
10150,17748,771419,33,33,3,7,
10151,2103,771419,3,4,4,8,
10152,15653,771419,27,27,3,8,
10153,2578,771419,3,4,4,9,
10154,11102,771419,19,19,3,8,
10155,23597,771419,19,19,3,8,
10156,1988,771419,3,4,4,8,
10157,16432,771419,33,33,3,8,
10158,1869,771419,3,4,4,9,
10159,12210,771419,23,23,3,8,
10160,11288,771419,3,4,4,8,
10161,12710,771419,3,4,4,8,
10162,9295,771419,19,19,3,9,
10163,3660,771419,3,4,4,9,
10164,17277,771419,27,27,3,8,
10165,21163,771419,27,27,3,7,
10166,21882,771419,33,33,3,8,
10167,19525,771419,27,27,3,8,
10168,13596,771419,25,25,3,9,
10169,13952,771419,3,4,4,8,
10170,22622,771419,33,33,3,8,
10171,3791,771419,3,4,4,9,
10172,1156,771419,3,4,4,9,
10173,1266,771419,3,4,4,9,
10174,18266,771419,23,23,3,8,
10175,9589,771419,19,19,3,8,
10176,13969,771419,17,17,3,8,
10177,2268,771419,3,4,4,9,
10178,2115,771419,3,4,4,9,
10179,17262,771419,25,25,3,9,
10180,2278,771419,3,4,4,8,
10181,9646,771419,19,19,3,8,
10182,2553,771419,3,4,4,9,
10183,1665,771419,3,4,4,8,
10184,11804,771419,15,15,3,8,
10185,3043,771419,3,4,4,8,
10186,2178,771419,3,4,4,9,
10187,15627,771419,29,29,3,9,
10188,2254,771419,3,4,4,8,
10189,12188,771419,21,21,3,8,
10190,23843,771419,27,27,3,8,
10191,2448,771419,3,4,4,9,
10192,8201,771419,3,4,4,8,
10193,2317,771419,3,4,4,8,
10194,3631,771419,3,4,4,8,
10195,1836,771419,3,4,4,9,
10196,2668,771419,3,4,4,8,
10197,1768,771419,3,4,4,9,
10198,2846,771419,3,4,4,8,
10199,10254,771419,23,23,3,9,
10200,24486,771419,27,27,3,8,
10201,12945,771419,25,25,3,8,
10202,2159,771419,3,4,4,8,
10203,8553,771419,15,15,3,9,
10204,10168,771419,19,19,3,9,
10205,4296,771419,3,4,4,8,
10206,24668,771419,29,29,3,8,
10207,17114,771419,29,29,3,8,
10208,20611,771419,27,27,3,9,
10209,13886,771419,27,27,3,9,
10210,12008,771419,27,27,3,9,
10211,13722,771419,13,13,3,8,
10212,17028,771419,3,4,4,8,
10213,13653,771419,27,27,3,9,
10214,11966,771419,27,27,3,9,
10215,3547,771419,3,4,4,8,
10216,8374,771419,3,4,4,8,
10217,16237,771419,25,25,3,7,
10218,10890,771419,29,29,3,8,
10219,10124,771419,23,23,3,9,
10220,10396,771419,3,4,4,9,
10221,8584,771419,3,4,4,9,
10222,11766,771419,3,4,4,9,
10223,2776,771419,3,4,4,8,
10224,2145,771419,3,4,4,8,
10225,7622,771419,17,17,3,7,
10226,2008,771419,3,4,4,8,
10227,4924,771419,13,13,3,7,
10228,18732,771419,31,31,3,6,
10229,19223,771419,3,4,4,6,
10230,2216,771419,3,4,4,8,
10231,1078,771419,3,4,4,8,
10232,2340,771419,3,4,4,7,
10233,19712,771419,31,31,3,8,
10234,12698,771419,27,27,3,7,
10235,1784,771419,3,4,4,6,
10236,1449,771419,3,4,4,6,
10237,3115,771419,3,4,4,8,
10238,10638,771419,17,17,3,8,
10239,17508,771419,19,19,3,9,
10240,9693,771419,13,13,3,7,
10241,2347,771419,3,4,4,8,
10242,9790,771419,3,4,4,7,
10243,2632,771419,3,4,4,9,
10244,16520,771419,21,21,3,9,
10245,17761,771419,33,33,3,8,
10246,5917,771419,13,13,3,6,
10247,2018,771419,3,4,4,6,
10248,1427,771419,3,4,4,7,
10249,12115,771419,21,21,3,7,
10250,14443,771419,27,27,3,8,
10251,8551,771419,13,13,3,9,
10252,13934,771419,3,4,4,8,
10253,24060,771419,33,33,3,9,
10254,7549,771419,17,17,3,8,
10255,5658,771419,3,4,4,9,
10256,7258,771419,3,4,4,9,
10257,7143,771419,17,17,3,8,
10258,8977,771419,19,19,3,9,
10259,14957,771419,13,13,3,9,
10260,1596,771419,3,4,4,8,
10261,6046,771419,13,13,3,8,
10262,14389,771419,3,4,4,9,
10263,1395,771419,3,4,4,8,
10264,15015,771419,33,33,3,8,
10265,7972,771419,21,21,3,8,
10266,4434,771419,3,4,4,8,
10267,15288,771419,3,4,4,8,
10268,7622,771419,3,4,4,8,
10269,10448,771419,21,22,3,8,
10270,1744,771419,3,4,4,9,
10271,1930,771419,3,4,4,9,
10272,2228,771419,3,4,4,9,
10273,15272,771419,29,29,3,9,
10274,2122,771419,3,4,4,8,
10275,30501,771419,15,15,3,8,
10276,6282,771419,17,17,3,7,
10277,4407,771419,3,4,4,7,
10278,5916,771419,3,4,4,8,
10279,1482,771419,3,4,4,8,
10280,7574,771419,15,15,3,8,
10281,818,771419,3,4,4,6,
10282,1722,771419,3,4,4,7,
10283,5892,771419,3,4,4,8,
10284,18302,771419,31,31,3,7,
10285,32846,771419,33,33,3,8,
10286,18318,771419,25,25,3,7,
10287,745,771419,3,4,4,8,
10288,2417,771419,3,4,4,8,
10289,13829,771419,15,15,3,9,
10290,6501,771419,13,13,3,9,
10291,23180,771419,31,31,3,8,
10292,11417,771419,17,17,3,8,
10293,21748,771419,27,27,3,8,
10294,14580,771419,29,29,3,8,
10295,16703,771419,3,4,4,8,
10296,10099,771419,21,21,3,8,
10297,14641,771419,3,4,4,8,
10298,5990,771419,3,4,4,7,
10299,17238,771419,24,25,3,8,
10300,5723,771419,3,4,4,8,
10301,16865,771419,3,4,4,9,
10302,11675,771419,21,21,3,8,
10303,1402,771419,3,4,4,8,
10304,2506,771419,3,4,4,8,
10305,11485,771419,21,21,3,8,
10306,13679,771419,19,19,3,8,
10307,14958,771419,27,27,3,8,
10308,16506,771419,33,33,3,9,
10309,22085,771419,17,17,3,9,
10310,2769,771419,3,4,4,9,
10311,2282,771419,3,4,4,9,
10312,13287,771419,23,23,3,8,
10313,9221,771419,19,19,3,9,
10314,7298,771419,15,15,3,8,
10315,2003,771419,3,4,4,9,
10316,7430,771419,3,4,4,9,
10317,15308,771419,29,29,3,9,
10318,16162,771419,3,4,4,8,
10319,11537,771419,25,25,3,9,
10320,13893,771419,27,27,3,8,
10321,6595,771419,15,15,3,8,
10322,16486,771419,27,27,3,8,
10323,1924,771419,3,4,4,9,
10324,18394,771419,33,33,3,9,
10325,12288,771419,21,21,3,8,
10326,12588,771419,23,23,3,9,
10327,2283,771419,3,4,4,8,
10328,14743,771419,33,33,3,8,
10329,1577,771419,3,4,4,8,
10330,2055,771419,3,4,4,9,
10331,15822,771419,27,27,3,8,
10332,6891,771419,13,13,3,9,
10333,6910,771419,3,4,4,8,
10334,15590,771419,3,4,4,8,
10335,11369,771419,3,4,4,9,
10336,6050,771419,3,4,4,9,
10337,7108,771419,19,19,3,9,
10338,6760,771419,3,4,4,8,
10339,12408,771419,27,27,3,9,
10340,14895,771419,31,31,3,8,
10341,10982,771419,17,17,3,9,
10342,8955,771419,15,15,3,8,
10343,11442,771419,19,19,3,9,
10344,13105,771419,33,33,3,8,
10345,8855,771419,15,15,3,8,
10346,13665,771419,3,4,4,9,
10347,8694,771419,15,15,3,8,
10348,8840,771419,3,4,4,8,
10349,4360,771419,3,4,4,8,
10350,11630,771419,19,19,3,8,
10351,14605,771419,33,33,3,9,
10352,2110,771419,3,4,4,8,
10353,18422,771419,29,29,3,7,
10354,8177,771419,15,15,3,8,
10355,2944,771419,3,4,4,7,
10356,15699,771419,17,17,3,8,
10357,17419,771419,3,4,4,8,
10358,2409,771419,3,4,4,8,
10359,14984,771419,33,33,3,9,
10360,1937,771419,3,4,4,8,
10361,9271,771419,13,13,3,8,
10362,8204,771419,19,19,3,9,
10363,7818,771419,3,4,4,9,
10364,5737,771419,13,13,3,7,
10365,10108,771419,17,17,3,8,
10366,7699,771419,3,4,4,9,
10367,14560,771419,33,33,3,7,
10368,13619,771419,31,31,3,8,
10369,3852,771419,3,4,4,8,
10370,14658,771419,3,4,4,9,
10371,12204,771419,23,23,3,8,
10372,12043,771419,3,4,4,7,
10373,10126,771419,19,19,3,8,
10374,5826,771419,15,15,3,8,
10375,9217,771419,21,21,3,8,
10376,14557,771419,29,29,3,9,
10377,8906,771419,3,4,4,8,
10378,12126,771419,29,29,3,8,
10379,9366,771419,17,18,3,7,
10380,13053,771419,31,31,3,8,
10381,1767,771419,3,4,4,8,
10382,6109,771419,3,4,4,8,
10383,13151,771419,3,4,4,8,
10384,8872,771419,3,4,4,9,
10385,8716,771419,3,4,4,8,
10386,1358,771419,3,4,4,9,
10387,12089,771419,31,31,3,9,
10388,16348,771419,15,15,3,8,
10389,1702,771419,3,4,4,9,
10390,1439,771419,3,4,4,8,
10391,11321,771419,27,27,3,8,
10392,11460,771419,3,4,4,7,
10393,1648,771419,3,4,4,8,
10394,2068,771419,3,4,4,8,
10395,1801,771419,3,4,4,7,
10396,1928,771419,3,4,4,7,
10397,2525,771419,3,4,4,8,
10398,6727,771419,15,15,3,9,
10399,2218,771419,3,4,4,8,
10400,6038,771419,3,4,4,8,
10401,1173,771419,3,4,4,8,
10402,1377,771419,3,4,4,8,
10403,5937,771419,17,17,3,7,
10404,6383,771419,3,4,4,7,
10405,1589,771419,3,4,4,9,
10406,23240,771419,33,33,3,9,
10407,5049,771419,13,13,3,9,
10408,5623,771419,3,4,4,9,
10409,2370,771419,3,4,4,8,
10410,1556,771419,3,4,4,7,
10411,13888,771419,17,17,3,8,
10412,9733,771419,21,21,3,7,
10413,25736,771419,33,33,3,8,
10414,19374,771419,3,4,4,9,
10415,2461,771419,3,4,4,8,
10416,8225,771419,15,15,3,8,
10417,11815,771419,17,17,3,8,
10418,7187,771419,13,13,3,9,
10419,15847,771419,15,15,3,8,
10420,11217,771419,29,29,3,8,
10421,9226,771419,17,17,3,7,
10422,4729,771419,3,4,4,8,
10423,9198,771419,19,19,3,8,
10424,2900,771419,3,4,4,8,
10425,11881,771419,27,27,3,8,
10426,19745,771419,21,21,3,8,
10427,17411,771419,29,29,3,9,
10428,7401,771419,13,13,3,9,
10429,2029,771419,3,4,4,8,
10430,14879,771419,3,4,4,8,
10431,16197,771419,29,29,3,8,
10432,9903,771419,19,19,3,8,
10433,1813,771419,3,4,4,9,
10434,1440,771419,3,4,4,9,
10435,17933,771419,27,27,3,9,
10436,12481,771419,27,27,3,8,
10437,10716,771419,3,4,4,8,
10438,7185,771419,19,19,3,7,
10439,4701,771419,15,15,3,9,
10440,2488,771419,3,4,4,9,
10441,1962,771419,3,4,4,8,
10442,15753,771419,17,17,3,8,
10443,11091,771419,13,14,3,8,
10444,13108,771419,23,23,3,8,
10445,18400,771419,29,29,3,9,
10446,9085,771419,21,21,3,8,
10447,2903,771419,3,4,4,9,
10448,14640,771419,31,31,3,8,
10449,5895,771419,3,4,4,8,
10450,11811,771419,19,19,3,9,
10451,18299,771419,15,15,3,9,
10452,2079,771419,3,4,4,9,
10453,8007,771419,15,15,3,8,
10454,8303,771419,3,4,4,8,
10455,1493,771419,3,4,4,9,
10456,1920,771419,3,4,4,9,
10457,12771,771419,15,15,3,9,
10458,8444,771419,13,13,3,8,
10459,6842,771419,13,13,3,9,
10460,8958,771419,3,4,4,9,
10461,8608,771419,21,21,3,8,
10462,4363,771419,3,4,4,8,
10463,12874,771419,23,23,3,8,
10464,9346,771419,17,17,3,8,
10465,12151,771419,25,25,3,8,
10466,14922,771419,31,31,3,9,
10467,28071,771419,29,29,3,8,
10468,4171,771419,3,4,4,9,
10469,1080,771419,3,4,4,8,
10470,1487,771419,3,4,4,8,
10471,5007,771419,3,4,4,8,
10472,12682,771419,23,23,3,8,
10473,1814,771419,3,4,4,8,
10474,12186,771419,3,4,4,8,
10475,2306,771419,3,4,4,8,
10476,3022,771419,3,4,4,8,
10477,16660,771419,31,31,3,9,
10478,10731,771419,25,25,3,8,
10479,16655,771419,33,33,3,8,
10480,3595,771419,3,4,4,9,
10481,3701,771419,3,4,4,8,
10482,16352,771419,3,4,4,8,
10483,2035,771419,3,4,4,8,
10484,2130,771419,3,4,4,8,
10485,14615,771419,3,4,4,8,
10486,1792,771419,3,4,4,7,
10487,12974,771419,29,29,3,6,
10488,11546,771419,29,29,3,7,
10489,13444,771419,25,25,3,8,
10490,14040,771419,3,4,4,9,
10491,5155,771419,3,4,4,9,
10492,2114,771419,3,4,4,9,
10493,2132,771419,3,4,4,8,
10494,1508,771419,3,4,4,9,
10495,2441,771419,3,4,4,8,
10496,2167,771419,3,4,4,8,
10497,2023,771419,3,4,4,7,
10498,1343,771419,3,4,4,7,
10499,14230,771419,17,17,3,8,
10500,3016,771419,3,4,4,8,
10501,10103,771419,17,17,3,8,
10502,11923,771419,25,25,3,9,
10503,10666,771419,19,19,3,7,
10504,10019,771419,3,4,4,8,
10505,19074,771419,33,33,3,8,
10506,17848,771419,27,27,3,9,
10507,2566,771419,3,4,4,9,
10508,13811,771419,27,27,3,8,
10509,11087,771419,23,23,3,9,
10510,10047,771419,3,4,4,9,
10511,17701,771419,33,33,3,8,
10512,17728,771419,3,4,4,8,
10513,2631,771419,3,4,4,8,
10514,12170,771419,29,29,3,8,
10515,1999,771419,3,4,4,8,
10516,1682,771419,3,4,4,8,
10517,6456,771419,15,15,3,8,
10518,10933,771419,25,25,3,8,
10519,8219,771419,19,19,3,8,
10520,11441,771419,3,4,4,8,
10521,4164,771419,3,4,4,9,
10522,6104,771419,3,4,4,9,
10523,7092,771419,17,17,3,9,
10524,7203,771419,3,4,4,8,
10525,8504,771419,23,23,3,9,
10526,4915,771419,13,13,3,8,
10527,6185,771419,3,4,4,8,
10528,5326,771419,3,4,4,9,
10529,2106,771419,3,4,4,8,
10530,10270,771419,25,25,3,8,
10531,10577,771419,23,23,3,8,
10532,10199,771419,29,29,3,9,
10533,17366,771419,19,19,3,8,
10534,10466,771419,3,4,4,8,
10535,10548,771419,3,4,4,8,
10536,2030,771419,3,4,4,8,
10537,3990,771419,15,15,3,8,
10538,1423,771419,3,4,4,8,
10539,3760,771419,3,4,4,9,
10540,1608,771419,3,4,4,9,
10541,8303,771419,21,21,3,9,
10542,7947,771419,3,4,4,8,
10543,8104,771419,19,19,3,8,
10544,8299,771419,3,4,4,9,
10545,17359,771419,31,31,3,8,
10546,1813,771419,3,4,4,8,
10547,9543,771419,15,15,3,9,
10548,12430,771419,29,29,3,8,
10549,9008,771419,3,4,4,9,
10550,9065,771419,17,17,3,9,
10551,12873,771419,25,25,3,8,
10552,5832,771419,15,15,3,8,
10553,10295,771419,21,21,3,8,
10554,10620,771419,3,4,4,8,
10555,9695,771419,3,4,4,9,
10556,1491,771419,3,4,4,8,
10557,7149,771419,3,4,4,8,
10558,1272,771419,3,4,4,9,
10559,3034,771419,3,4,4,8,
10560,1680,771419,3,4,4,9,
10561,2080,771419,3,4,4,8,
10562,19677,771419,33,33,3,8,
10563,10664,771419,21,21,3,8,
10564,10848,771419,3,4,4,8,
10565,11360,771419,25,25,3,8,
10566,2265,771419,3,4,4,7,
10567,18023,771419,27,27,3,8,
10568,6153,771419,15,15,3,8,
10569,1359,771419,3,4,4,8,
10570,6349,771419,3,4,4,8,
10571,7099,771419,19,19,3,8,
10572,1232,771419,3,4,4,9,
10573,15295,771419,29,29,3,8,
10574,28454,771419,25,25,3,8,
10575,2058,771419,3,4,4,8,
10576,9297,771419,23,23,3,8,
10577,13097,771419,29,29,3,9,
10578,15673,771419,17,17,3,8,
10579,12802,771419,3,4,4,8,
10580,6496,771419,13,13,3,9,
10581,7369,771419,3,4,4,8,
10582,10429,771419,23,23,3,8,
10583,6454,771419,15,15,3,8,
10584,10390,771419,3,4,4,7,
10585,18330,771419,29,29,3,7,
10586,14929,771419,23,23,3,8,
10587,12221,771419,19,19,3,9,
10588,1528,771419,3,4,4,8,
10589,2812,771419,3,4,4,9,
10590,13911,771419,3,4,4,8,
10591,2379,771419,3,4,4,9,
10592,9535,771419,21,21,3,8,
10593,1528,771419,3,4,4,9,
10594,6596,771419,17,17,3,8,
10595,7591,771419,15,15,3,8,
10596,7238,771419,3,4,4,8,
10597,5853,771419,3,4,4,9,
10598,11246,771419,25,25,3,8,
10599,15251,771419,31,31,3,8,
10600,1592,771419,3,4,4,8,
10601,15498,771419,3,4,4,9,
10602,8456,771419,15,15,3,7,
10603,1438,771419,3,4,4,8,
10604,9189,771419,3,4,4,9,
10605,6977,771419,15,15,3,8,
10606,2076,771419,3,4,4,8,
10607,2684,771419,3,4,4,8,
10608,9782,771419,21,21,3,9,
10609,8017,771419,13,13,3,8,
10610,20664,771419,25,25,3,9,
10611,9958,771419,15,15,3,9,
10612,13609,771419,25,25,3,8,
10613,17285,771419,29,29,3,8,
10614,14543,771419,23,23,3,9,
10615,16963,771419,31,31,3,8,
10616,15928,771419,27,27,3,9,
10617,16401,771419,3,4,4,8,
10618,2620,771419,3,4,4,9,
10619,11252,771419,23,23,3,8,
10620,10947,771419,3,4,4,8,
10621,8308,771419,17,17,3,9,
10622,10229,771419,17,18,3,9,
10623,6833,771419,15,15,3,9,
10624,26403,771419,33,33,3,8,
10625,16754,771419,27,27,3,8,
10626,5681,771419,3,4,4,8,
10627,20424,771419,29,29,3,8,
10628,16551,771419,23,23,3,8,
10629,5454,771419,17,17,3,8,
10630,8747,771419,19,19,3,8,
10631,8159,771419,3,4,4,9,
10632,14218,771419,27,27,3,8,
10633,20020,771419,27,27,3,8,
10634,1114,771419,3,4,4,8,
10635,2469,771419,3,4,4,9,
10636,2059,771419,3,4,4,8,
10637,1373,771419,3,4,4,8,
10638,2063,771419,3,4,4,8,
10639,2175,771419,3,4,4,8,
10640,1868,771419,3,4,4,8,
10641,2052,771419,3,4,4,8,
10642,1563,771419,3,4,4,8,
10643,1222,771419,3,4,4,7,
10644,2958,771419,3,4,4,7,
10645,2054,771419,3,4,4,9,
10646,6708,771419,13,13,3,8,
10647,12684,771419,13,13,3,8,
10648,1654,771419,3,4,4,9,
10649,10474,771419,19,19,3,8,
10650,1369,771419,3,4,4,8,
10651,5615,771419,3,4,4,9,
10652,2523,771419,3,4,4,9,
10653,7679,771419,17,17,3,8,
10654,29712,771419,19,19,3,9,
10655,4977,771419,3,4,4,8,
10656,38512,771419,33,33,3,8,
10657,34532,771419,31,31,3,8,
10658,34656,771419,33,33,3,8,
10659,1276,771419,3,4,4,8,
10660,30466,771419,19,19,3,7,
10661,34415,771419,3,4,4,8,
10662,33230,771419,3,4,4,7,
10663,31038,771419,27,27,3,7,
10664,26066,771419,19,19,3,8,
10665,30468,771419,3,4,4,9,
10666,15148,771419,23,23,3,8,
10667,20343,771419,33,33,3,7,
10668,10170,771419,21,21,3,8,
10669,14644,771419,27,27,3,7,
10670,13330,771419,19,19,3,8,
10671,2583,771419,3,4,4,9,
10672,10663,771419,27,27,3,8,
10673,1930,771419,3,4,4,8,
10674,17811,771419,3,4,4,8,
10675,12449,771419,3,4,4,8,
10676,22945,771419,27,27,3,9,
10677,19816,771419,27,27,3,9,
10678,6648,771419,3,4,4,8,
10679,1256,771419,3,4,4,8,
10680,11093,771419,17,17,3,8,
10681,1924,771419,3,4,4,8,
10682,9857,771419,19,19,3,8,
10683,2160,771419,3,4,4,8,
10684,24762,771419,33,33,3,9,
10685,20989,771419,25,25,3,8,
10686,2002,771419,3,4,4,9,
10687,1206,771419,3,4,4,8,
10688,1459,771419,3,4,4,8,
10689,679,771419,3,4,4,8,
10690,2164,771419,3,4,4,8,
10691,13037,771419,19,19,3,8,
10692,2518,771419,3,4,4,9,
10693,24174,771419,33,33,3,9,
10694,2173,771419,3,4,4,8,
10695,2704,771419,3,4,4,8,
10696,2785,771419,3,4,4,8,
10697,10639,771419,17,17,3,8,
10698,11583,771419,3,4,4,8,
10699,2135,771419,3,4,4,8,
10700,1976,771419,3,4,4,8,
10701,25245,771419,27,27,3,7,
10702,1476,771419,3,4,4,8,
10703,25872,771419,3,4,4,8,
10704,19574,771419,31,31,3,8,
10705,22293,771419,33,33,3,8,
10706,12990,771419,3,4,4,8,
10707,1704,771419,3,4,4,8,
10708,942,771419,3,4,4,8,
10709,2408,771419,3,4,4,7,
10710,1457,771419,3,4,4,8,
10711,1954,771419,3,4,4,8,
10712,1122,771419,3,4,4,8,
10713,9839,771419,21,21,3,8,
10714,10595,771419,3,4,4,8,
10715,1966,771419,3,4,4,9,
10716,18227,771419,23,23,3,9,
10717,14241,771419,27,27,3,8,
10718,15250,771419,25,25,3,8,
10719,16301,771419,3,4,4,9,
10720,4694,771419,3,4,4,9,
10721,15683,771419,19,19,3,8,
10722,17041,771419,3,4,4,8,
10723,2459,771419,3,4,4,8,
10724,16125,771419,13,13,3,9,
10725,2591,771419,3,4,4,8,
10726,43269,771419,31,31,3,9,
10727,4315,771419,3,4,4,9,
10728,13906,771419,15,15,3,8,
10729,2040,771419,3,4,4,8,
10730,131811,771419,23,23,3,9,
10731,15604,771419,21,21,3,8,
10732,12097,771419,15,15,3,8,
10733,2062,771419,3,4,4,9,
10734,10313,771419,13,13,3,8,
10735,132503,771419,31,31,3,9,
10736,2925,771419,3,4,4,9,
10737,46800,771419,3,4,4,8,
10738,122829,771419,27,27,3,8,
10739,79971,771419,15,15,3,9,
10740,122736,771419,27,27,3,9,
10741,4930,771419,3,4,4,8,
10742,123364,771419,3,4,4,9,
10743,122017,771419,31,31,3,9,
10744,104824,771419,3,4,4,9,
10745,81766,771419,29,29,3,8,
10746,48735,771419,17,17,3,9,
10747,8035,771419,13,13,3,8,
10748,17678,771419,29,29,3,7,
10749,1393,771419,3,4,4,8,
10750,2819,771419,3,4,4,9,
10751,15524,771419,27,27,3,8,
10752,15899,771419,31,31,3,8,
10753,15868,771419,3,4,4,8,
10754,3963,771419,3,4,4,8,
10755,12309,771419,21,21,3,9,
10756,11857,771419,3,4,4,7,
10757,2143,771419,3,4,4,8,
10758,15295,771419,25,25,3,8,
10759,2114,771419,3,4,4,9,
10760,14283,771419,27,27,3,8,
10761,9322,771419,19,19,3,9,
10762,9086,771419,3,4,4,8,
10763,9847,771419,15,15,3,7,
10764,3275,771419,3,4,4,7,
10765,2401,771419,3,4,4,8,
10766,11156,771419,15,15,3,9,
10767,1489,771419,3,4,4,7,
10768,11880,771419,23,23,3,8,
10769,17243,771419,27,27,3,7,
10770,11862,771419,23,23,3,6,
10771,11547,771419,3,4,4,7,
10772,13370,771419,3,4,4,8,
10773,15139,771419,33,33,3,9,
10774,747,771419,3,4,4,8,
10775,16408,771419,27,27,3,9,
10776,12030,771419,25,25,3,8,
10777,2777,771419,3,4,4,9,
10778,2359,771419,3,4,4,8,
10779,2465,771419,3,4,4,9,
10780,15124,771419,25,25,3,8,
10781,12521,771419,31,31,3,7,
10782,15464,771419,3,4,4,7,
10783,16940,771419,27,27,3,8,
10784,12763,771419,3,4,4,9,
10785,4599,771419,17,17,3,9,
10786,6527,771419,13,13,3,8,
10787,18848,771419,23,23,3,8,
10788,6943,771419,3,4,4,9,
10789,26401,771419,33,33,3,7,
10790,17669,771419,3,4,4,8,
10791,10451,771419,17,17,3,9,
10792,10430,771419,3,4,4,8,
10793,2505,771419,3,4,4,8,
10794,36334,771419,33,33,3,8,
10795,19281,771419,27,27,3,7,
10796,40638,771419,3,4,4,8,
10797,13890,771419,27,27,3,8,
10798,16062,771419,3,4,4,9,
10799,1025,771419,3,4,4,8,
10800,1887,771419,3,4,4,6,
10801,1266,771419,3,4,4,6,
10802,27947,771419,27,27,3,7,
10803,3446,771419,3,4,4,7,
10804,29415,771419,25,25,3,8,
10805,3347,771419,3,4,4,8,
10806,35828,771419,25,25,3,6,
10807,42190,771419,31,31,3,5,
10808,18948,771419,13,13,3,8,
10809,38317,771419,33,33,3,7,
10810,20391,771419,15,15,3,8,
10811,49003,771419,3,4,4,5,
10812,20843,771419,17,17,3,5,
10813,26374,771419,31,31,3,5,
10814,19277,771419,17,17,3,7,
10815,25760,771419,25,25,3,5,
10816,27998,771419,31,32,3,1,
10817,33834,771419,27,27,3,4,
10818,3244,771419,3,4,4,3,
10819,1721,771419,3,4,4,3,
10820,12511,771419,3,4,4,6,
10821,896,771419,3,4,4,3,
10822,1389,771419,3,4,4,6,
10823,1583,771419,3,4,4,5,
10824,1360,771419,3,4,4,6,
10825,2517,771419,3,4,4,6,
10826,1750,771419,3,4,4,6,
10827,7131,771419,13,13,3,7,
10828,22240,771419,29,29,3,8,
10829,9473,771419,15,15,3,8,
10830,10782,771419,21,21,3,7,
10831,6955,771419,3,4,4,7,
10832,1813,771419,3,4,4,8,
10833,21275,771419,3,4,4,8,
10834,2915,771419,3,4,4,9,
10835,2335,771419,3,4,4,9,
10836,2074,771419,3,4,4,9,
10837,2765,771419,3,4,4,8,
10838,2467,771419,3,4,4,8,
10839,22827,771419,23,23,3,8,
10840,23425,771419,19,19,3,8,
10841,21699,771419,27,27,3,8,
10842,19074,771419,27,27,3,7,
10843,12330,771419,19,19,3,7,
10844,7634,771419,13,13,3,8,
10845,18888,771419,27,27,3,8,
10846,11483,771419,3,4,4,8,
10847,16990,771419,19,19,3,8,
10848,2431,771419,3,4,4,8,
10849,2802,771419,3,4,4,8,
10850,18203,771419,27,27,3,8,
10851,1575,771419,3,4,4,8,
10852,17590,771419,3,4,4,7,
10853,1880,771419,3,4,4,8,
10854,2648,771419,3,4,4,9,
10855,1097,771419,3,4,4,7,
10856,12429,771419,23,23,3,8,
10857,810,771419,3,4,4,7,
10858,11122,771419,23,23,3,8,
10859,1461,771419,3,4,4,7,
10860,12149,771419,3,4,4,8,
10861,10773,771419,3,4,4,8,
10862,2794,771419,3,4,4,9,
10863,3180,771419,3,4,4,8,
10864,1934,771419,3,4,4,8,
10865,13454,771419,21,21,3,8,
10866,18918,771419,29,29,3,8,
10867,1890,771419,3,4,4,9,
10868,2391,771419,3,4,4,9,
10869,12364,771419,23,23,3,8,
10870,12796,771419,3,4,4,9,
10871,7320,771420,15,15,3,8,
10872,16222,771420,23,23,3,9,
10873,7544,771420,3,4,4,8,
10874,12409,771420,21,21,3,9,
10875,14585,771420,3,4,4,7,
10876,14349,771420,15,15,3,8,
10877,17729,771420,25,25,3,8,
10878,2447,771420,3,4,4,8,
10879,9895,771420,17,17,3,8,
10880,19266,771420,27,27,3,9,
10881,10931,771420,25,25,3,8,
10882,9241,771420,3,4,4,9,
10883,13363,771420,3,4,4,8,
10884,15239,771420,19,19,3,8,
10885,13235,771420,23,23,3,8,
10886,12575,771420,3,4,4,8,
10887,15590,771420,3,4,4,8,
10888,1956,771420,3,4,4,9,
10889,7650,771420,15,15,3,9,
10890,13260,771420,15,15,3,8,
10891,21268,771420,31,31,3,9,
10892,6653,771420,13,13,3,8,
10893,6218,771420,3,4,4,8,
10894,8752,771420,3,4,4,9,
10895,10549,771420,15,15,3,8,
10896,2137,771420,3,4,4,9,
10897,2408,771420,3,4,4,9,
10898,20859,771420,25,25,3,8,
10899,1585,771420,3,4,4,7,
10900,1460,771420,3,4,4,7,
10901,8493,771420,13,13,3,7,
10902,16532,771420,31,31,3,8,
10903,17584,771420,3,4,4,8,
10904,10731,771420,17,17,3,8,
10905,18480,771420,25,25,3,9,
10906,11789,771420,21,21,3,9,
10907,11624,771420,3,4,4,9,
10908,19575,771420,29,29,3,9,
10909,12092,771420,21,21,3,9,
10910,17381,771420,3,4,4,9,
10911,8931,771420,3,4,4,8,
10912,19311,771420,29,29,3,9,
10913,12960,771420,17,17,3,8,
10914,1609,771420,3,4,4,9,
10915,2293,771420,3,4,4,8,
10916,13018,771420,23,23,3,9,
10917,2482,771420,3,4,4,8,
10918,2943,771420,3,4,4,8,
10919,1724,771420,3,4,4,8,
10920,3619,771420,3,4,4,8,
10921,17249,771420,23,23,3,8,
10922,2943,771420,3,4,4,8,
10923,12328,771420,15,15,3,8,
10924,11356,771420,15,15,3,8,
10925,11092,771420,3,4,4,8,
10926,13666,771420,23,23,3,9,
10927,2313,771420,3,4,4,9,
10928,1897,771420,3,4,4,9,
10929,2603,771420,3,4,4,8,
10930,6320,771420,15,15,3,9,
10931,6203,771420,13,13,3,8,
10932,8605,771420,3,4,4,8,
10933,5879,771420,3,4,4,9,
10934,2677,771420,3,4,4,8,
10935,5696,771420,3,4,4,8,
10936,22316,771420,31,32,3,9,
10937,18608,771420,21,21,3,8,
10938,7659,771420,13,13,3,8,
10939,2265,771420,3,4,4,8,
10940,18407,771420,3,4,4,8,
10941,2558,771420,3,4,4,8,
10942,3768,771420,3,4,4,9,
10943,2376,771420,3,4,4,8,
10944,19617,771420,29,29,3,9,
10945,19396,771420,25,25,3,8,
10946,3266,771420,3,4,4,8,
10947,20884,771420,29,29,3,8,
10948,3483,771420,3,4,4,9,
10949,12838,771420,25,25,3,8,
10950,2264,771420,3,4,4,8,
10951,14389,771420,3,4,4,8,
10952,1786,771420,3,4,4,9,
10953,1182,771420,3,4,4,9,
10954,11311,771420,23,23,3,8,
10955,12045,771420,3,4,4,9,
10956,1327,771420,3,4,4,8,
10957,5283,771420,3,4,4,8,
10958,1509,771420,3,4,4,8,
10959,12576,771420,27,27,3,8,
10960,14485,771420,23,23,3,8,
10961,16639,771420,13,13,3,9,
10962,5074,771420,3,4,4,8,
10963,14787,771420,3,4,4,8,
10964,15714,771420,33,33,3,8,
10965,2907,771420,3,4,4,8,
10966,17212,771420,29,29,3,8,
10967,25832,771420,31,31,3,8,
10968,1635,771420,3,4,4,8,
10969,34304,771420,17,17,3,9,
10970,11535,771420,25,25,3,8,
10971,21824,771420,25,25,3,9,
10972,21342,771420,33,33,3,9,
10973,2350,771420,3,4,4,8,
10974,25598,771420,33,33,3,8,
10975,17373,771420,3,4,4,8,
10976,10473,771420,17,17,3,8,
10977,3320,771420,3,4,4,9,
10978,11879,771420,3,4,4,9,
10979,1358,771420,3,4,4,8,
10980,21753,771420,31,31,3,8,
10981,6980,771420,15,15,3,8,
10982,12357,771420,13,13,3,8,
10983,11226,771420,17,17,3,9,
10984,29089,771420,27,27,3,8,
10985,15935,771420,3,4,4,8,
10986,4975,771420,13,13,3,9,
10987,8880,771420,21,21,3,8,
10988,26805,771420,23,23,3,8,
10989,4973,771420,3,4,4,8,
10990,21684,771420,33,33,3,7,
10991,13321,771420,19,19,3,8,
10992,1290,771420,3,4,4,8,
10993,13105,771420,3,4,4,8,
10994,2217,771420,3,4,4,8,
10995,18234,771420,21,21,3,8,
10996,22091,771420,29,29,3,8,
10997,2919,771420,3,4,4,8,
10998,10288,771420,17,17,3,8,
10999,11795,771420,15,15,3,9,
11000,11737,771420,21,21,3,9,
11001,634,771420,3,4,4,8,
11002,8750,771420,13,13,3,8,
11003,10515,771420,3,4,4,9,
11004,17459,771420,23,23,3,9,
11005,2979,771420,3,4,4,7,
11006,16672,771420,31,31,3,9,
11007,18955,771420,19,19,3,9,
11008,687,771420,3,4,4,7,
11009,1360,771420,3,4,4,8,
11010,25005,771420,23,23,3,8,
11011,9888,771420,15,15,3,8,
11012,1647,771420,3,4,4,8,
11013,13156,771420,19,19,3,8,
11014,9691,771420,3,4,4,8,
11015,7775,771420,15,15,3,8,
11016,2355,771420,3,4,4,9,
11017,2239,771420,3,4,4,9,
11018,15305,771420,27,27,3,8,
11019,15318,771420,3,4,4,9,
11020,3654,771420,3,4,4,8,
11021,7724,771420,13,13,3,9,
11022,13426,771420,29,29,3,8,
11023,14931,771420,3,4,4,9,
11024,15744,771420,33,33,3,8,
11025,37376,771420,31,31,3,8,
11026,5644,771420,3,4,4,8,
11027,9071,771420,3,4,4,9,
11028,15284,771420,27,27,3,9,
11029,14614,771420,3,4,4,8,
11030,1528,771420,3,4,4,9,
11031,1322,771420,3,4,4,9,
11032,6840,771420,13,13,3,9,
11033,6996,771420,3,4,4,8,
11034,15940,771420,19,19,3,9,
11035,2033,771420,3,4,4,9,
11036,15532,771420,21,21,3,9,
11037,1855,771420,3,4,4,9,
11038,16521,771420,29,29,3,9,
11039,23777,771420,3,4,4,8,
11040,15437,771420,21,21,3,8,
11041,15538,771420,29,29,3,8,
11042,17502,771420,3,4,4,8,
11043,14140,771420,17,17,3,8,
11044,15343,771420,3,4,4,9,
11045,19134,771420,27,27,3,8,
11046,20226,771420,3,4,4,8,
11047,14841,771420,23,23,3,8,
11048,20773,771420,27,27,3,9,
11049,11692,771420,17,17,3,9,
11050,11773,771420,3,4,4,8,
11051,36604,771420,31,31,3,9,
11052,30748,771420,25,25,3,8,
11053,1761,771420,3,4,4,9,
11054,2585,771420,3,4,4,9,
11055,2395,771420,3,4,4,9,
11056,20489,771420,25,25,3,9,
11057,25696,771420,27,27,3,8,
11058,37529,771420,27,27,3,7,
11059,2125,771420,3,4,4,7,
11060,7182,771420,3,4,4,8,
11061,13561,771420,19,19,3,8,
11062,3659,771420,3,4,4,8,
11063,6240,771420,3,4,4,9,
11064,3090,771420,3,4,4,8,
11065,3870,771420,3,4,4,8,
11066,23885,771420,19,19,3,8,
11067,1574,771420,3,4,4,8,
11068,24225,771420,3,4,4,8,
11069,2570,771420,3,4,4,9,
11070,36821,771420,29,29,3,6,
11071,23080,771420,23,23,3,7,
11072,32593,771420,31,31,3,7,
11073,16113,771420,15,15,3,9,
11074,28053,771420,29,29,3,7,
11075,10239,771420,3,4,4,8,
11076,23155,771420,25,25,3,6,
11077,18430,771420,17,17,3,6,
11078,6050,771420,3,4,4,7,
11079,12145,771420,15,15,3,6,
11080,11208,771420,3,4,4,5,
11081,2890,771420,3,4,4,3,
11082,15631,771420,3,4,4,3,
11083,2292,771420,3,4,4,5,
11084,51186,771420,31,31,3,6,
11085,11256,771420,3,4,4,3,
11086,15713,771420,21,21,3,2,
11087,15544,771420,13,13,3,4,
11088,3036,771420,3,4,4,4,
11089,2678,771420,3,4,4,4,
11090,8713,771420,13,13,3,5,
11091,5397,771420,15,15,3,6,
11092,23810,771420,25,25,3,6,
11093,10344,771420,3,4,4,6,
11094,2929,771420,3,4,4,7,
11095,27007,771420,33,33,3,7,
11096,33051,771420,33,33,3,7,
11097,18316,771420,3,4,4,8,
11098,43796,771420,25,25,3,7,
11099,27703,771420,33,33,3,8,
11100,2332,771420,3,4,4,8,
11101,22259,771420,21,21,3,8,
11102,21623,771420,3,4,4,8,
11103,3619,771420,3,4,4,7,
11104,12930,771420,13,13,3,8,
11105,20551,771420,31,31,3,8,
11106,12386,771420,3,4,4,8,
11107,15825,771420,3,4,4,8,
11108,16607,771420,23,23,3,8,
11109,7359,771420,13,13,3,8,
11110,15503,771420,3,4,4,8,
11111,12014,771420,17,17,3,9,
11112,17430,771420,23,23,3,8,
11113,12343,771420,23,23,3,8,
11114,12319,771420,3,4,4,8,
11115,15352,771420,27,27,3,9,
11116,2357,771420,3,4,4,8,
11117,14983,771420,15,15,3,8,
11118,15062,771420,17,17,3,8,
11119,22712,771420,19,19,3,8,
11120,2544,771420,3,4,4,9,
11121,9936,771420,17,17,3,8,
11122,28188,771420,33,33,3,7,
11123,13645,771420,3,4,4,8,
11124,1827,771420,3,4,4,9,
11125,17632,771420,27,27,3,9,
11126,15594,771420,33,33,3,9,
11127,14452,771420,15,15,3,8,
11128,2086,771420,3,4,4,9,
11129,1037,771420,3,4,4,8,
11130,1931,771420,3,4,4,8,
11131,3589,771420,3,4,4,8,
11132,10456,771420,3,4,4,9,
11133,17873,771420,25,25,3,9,
11134,2875,771420,3,4,4,9,
11135,8635,771420,21,21,3,8,
11136,1994,771420,3,4,4,9,
11137,6888,771420,13,13,3,8,
11138,8421,771420,3,4,4,9,
11139,8825,771420,13,13,3,8,
11140,5503,771420,13,13,3,8,
11141,15053,771420,25,25,3,8,
11142,1906,771420,3,4,4,8,
11143,8156,771420,3,4,4,8,
11144,1180,771420,3,4,4,7,
11145,27597,771420,29,29,3,8,
11146,16265,771420,25,25,3,8,
11147,4084,771420,3,4,4,8,
11148,27146,771420,3,4,4,9,
11149,7354,771420,13,13,3,8,
11150,15319,771420,27,27,3,8,
11151,19744,771420,31,31,3,9,
11152,12608,771420,19,19,3,9,
11153,1993,771420,3,4,4,9,
11154,2075,771420,3,4,4,9,
11155,1841,771420,3,4,4,8,
11156,1011,771420,3,4,4,8,
11157,9241,771420,3,4,4,8,
11158,6935,771420,3,4,4,8,
11159,15046,771420,25,25,3,8,
11160,14410,771420,19,19,3,9,
11161,2118,771420,3,4,4,8,
11162,28625,771420,31,31,3,8,
11163,12305,771420,19,19,3,8,
11164,16181,771420,19,19,3,8,
11165,25207,771420,31,31,3,8,
11166,16125,771420,3,4,4,9,
11167,20408,771420,23,23,3,8,
11168,9367,771420,17,17,3,7,
11169,9134,771420,19,19,3,8,
11170,1291,771420,3,4,4,9,
11171,18694,771420,21,21,3,8,
11172,14509,771420,25,25,3,9,
11173,14490,771420,3,4,4,9,
11174,15990,771420,25,25,3,8,
11175,13497,771420,17,17,3,8,
11176,16027,771420,27,27,3,8,
11177,15908,771420,3,4,4,8,
11178,11350,771420,21,21,3,7,
11179,5905,771420,15,15,3,8,
11180,8350,771420,17,17,3,7,
11181,8838,771420,3,4,4,8,
11182,11777,771420,27,27,3,8,
11183,10326,771420,3,4,4,9,
11184,3882,771420,3,4,4,8,
11185,9268,771420,3,4,4,8,
11186,2038,771420,3,4,4,8,
11187,2118,771420,3,4,4,8,
11188,14369,771420,29,29,3,7,
11189,12723,771420,21,21,3,8,
11190,1809,771420,3,4,4,8,
11191,15055,771420,3,4,4,8,
11192,2719,771420,3,4,4,7,
11193,12047,771420,3,4,4,8,
11194,2634,771420,3,4,4,7,
11195,2879,771420,3,4,4,8,
11196,14814,771420,29,29,3,9,
11197,1516,771420,3,4,4,7,
11198,24886,771420,17,17,3,8,
11199,9378,771420,19,19,3,7,
11200,6626,771420,19,19,3,9,
11201,6290,771420,3,4,4,8,
11202,9174,771420,3,4,4,8,
11203,1864,771420,3,4,4,8,
11204,2393,771420,3,4,4,8,
11205,1894,771420,3,4,4,6,
11206,3274,771420,3,4,4,7,
11207,11048,771420,19,19,3,8,
11208,14929,771420,27,27,3,8,
11209,2446,771420,3,4,4,8,
11210,2631,771420,3,4,4,8,
11211,10453,771420,3,4,4,8,
11212,15927,771420,3,4,4,8,
11213,12219,771420,23,23,3,9,
11214,12935,771420,3,4,4,8,
11215,1038,771420,3,4,4,9,
11216,1827,771420,3,4,4,8,
11217,12231,771420,27,27,3,8,
11218,2773,771420,3,4,4,9,
11219,1418,771420,3,4,4,9,
11220,14911,771420,25,25,3,9,
11221,15399,771420,3,4,4,9,
11222,10015,771420,21,21,3,9,
11223,32118,771420,17,17,3,8,
11224,16219,771420,21,21,3,8,
11225,16929,771420,31,31,3,8,
11226,9542,771420,23,23,3,9,
11227,15330,771420,15,15,3,7,
11228,15135,771420,3,4,4,8,
11229,10046,771420,21,21,3,9,
11230,25150,771420,3,4,4,9,
11231,17253,771420,33,33,3,9,
11232,13379,771420,19,19,3,9,
11233,4154,771420,3,4,4,9,
11234,1472,771420,3,4,4,9,
11235,9637,771420,17,17,3,9,
11236,20279,771420,31,31,3,7,
11237,19372,771420,19,19,3,8,
11238,10790,771420,23,23,3,8,
11239,23533,771420,21,21,3,8,
11240,15369,771420,15,15,3,9,
11241,18592,771420,15,15,3,9,
11242,12482,771420,3,4,4,7,
11243,17673,771420,3,4,4,9,
11244,5020,771420,13,13,3,7,
11245,2093,771420,3,4,4,8,
11246,3124,771420,3,4,4,8,
11247,1655,771420,3,4,4,7,
11248,1690,771420,3,4,4,7,
11249,3032,771420,3,4,4,8,
11250,12295,771420,17,17,3,7,
11251,13847,771420,29,29,3,8,
11252,3304,771420,3,4,4,9,
11253,12706,771420,3,4,4,7,
11254,11921,771420,19,19,3,8,
11255,20638,771420,33,33,3,9,
11256,12827,771420,3,4,4,9,
11257,7864,771420,13,13,3,9,
11258,10237,771420,3,4,4,8,
11259,1252,771420,3,4,4,9,
11260,1698,771420,3,4,4,9,
11261,13006,771420,29,29,3,9,
11262,13760,771420,3,4,4,8,
11263,11350,771420,3,4,4,7,
11264,7883,771420,15,15,3,9,
11265,3364,771420,3,4,4,8,
11266,16151,771420,29,29,3,8,
11267,7208,771420,3,4,4,8,
11268,25654,771420,21,21,3,8,
11269,6847,771420,15,15,3,9,
11270,5811,771420,3,4,4,9,
11271,9621,771420,21,21,3,8,
11272,2695,771420,3,4,4,8,
11273,9549,771420,3,4,4,9,
11274,16416,771420,33,33,3,8,
11275,2036,771420,3,4,4,8,
11276,2072,771420,3,4,4,8,
11277,18239,771420,3,4,4,8,
11278,12930,771420,25,25,3,9,
11279,11581,771420,23,23,3,9,
11280,12920,771420,3,4,4,8,
11281,6269,771420,13,13,3,9,
11282,12105,771420,3,4,4,8,
11283,1966,771420,3,4,4,9,
11284,2329,771420,3,4,4,9,
11285,5074,771420,3,4,4,9,
11286,1803,771420,3,4,4,9,
11287,9041,771420,19,19,3,8,
11288,10014,771420,3,4,4,8,
11289,2684,771420,3,4,4,8,
11290,2542,771420,3,4,4,9,
11291,13668,771420,29,29,3,9,
11292,2324,771420,3,4,4,7,
11293,15025,771420,31,31,3,8,
11294,13176,771420,3,4,4,9,
11295,2777,771420,3,4,4,8,
11296,2726,771420,3,4,4,7,
11297,13218,771420,3,4,4,8,
11298,1412,771420,3,4,4,7,
11299,1765,771420,3,4,4,7,
11300,1266,771420,3,4,4,6,
11301,18791,771420,27,27,3,8,
11302,12024,771420,21,21,3,7,
11303,18004,771420,33,33,3,7,
11304,23169,771420,29,29,3,7,
11305,20128,771420,25,25,3,8,
11306,25929,771420,13,13,3,9,
11307,1804,771420,3,4,4,8,
11308,7010,771420,13,13,3,8,
11309,19491,771420,29,29,3,8,
11310,2455,771420,3,4,4,8,
11311,21093,771420,33,33,3,8,
11312,10045,771420,3,4,4,8,
11313,22135,771420,33,33,3,9,
11314,13937,771420,3,4,4,9,
11315,5170,771420,15,15,3,8,
11316,14610,771420,23,23,3,8,
11317,2203,771420,3,4,4,9,
11318,21222,771420,23,23,3,9,
11319,13100,771420,25,25,3,8,
11320,21761,771420,31,31,3,8,
11321,23234,771420,3,4,4,9,
11322,6190,771420,3,4,4,7,
11323,2588,771420,3,4,4,8,
11324,3144,771420,3,4,4,9,
11325,5018,771420,3,4,4,8,
11326,2158,771420,3,4,4,8,
11327,11412,771420,17,17,3,8,
11328,18060,771420,23,23,3,8,
11329,21274,771420,33,33,3,8,
11330,7478,771420,13,13,3,8,
11331,17379,771420,31,31,3,8,
11332,9336,771420,3,4,4,8,
11333,20287,771420,3,4,4,9,
11334,1980,771420,3,4,4,9,
11335,8736,771420,17,17,3,8,
11336,16698,771420,33,33,3,9,
11337,17386,771420,3,4,4,8,
11338,6103,771420,17,17,3,8,
11339,7601,771420,3,4,4,8,
11340,6027,771420,3,4,4,9,
11341,12351,771420,21,21,3,8,
11342,14799,771420,17,17,3,8,
11343,34136,771420,29,30,3,8,
11344,22751,771420,33,33,3,8,
11345,13961,771420,21,21,3,8,
11346,22017,771420,29,29,3,8,
11347,13519,771420,19,19,3,9,
11348,15283,771420,23,23,3,9,
11349,2836,771420,3,4,4,8,
11350,15852,771420,23,23,3,9,
11351,23883,771420,3,4,4,8,
11352,12083,771420,13,13,3,9,
11353,7535,771420,17,17,3,8,
11354,30513,771420,27,27,3,8,
11355,19144,771420,21,22,3,9,
11356,22969,771420,27,27,3,9,
11357,11646,771420,19,19,3,8,
11358,1210,771420,3,4,4,8,
11359,13892,771420,19,19,3,9,
11360,2826,771420,3,4,4,8,
11361,16503,771420,21,21,3,9,
11362,2110,771420,3,4,4,9,
11363,1824,771420,3,4,4,9,
11364,1770,771420,3,4,4,8,
11365,16189,771420,23,23,3,8,
11366,14683,771420,29,29,3,8,
11367,18232,771420,33,33,3,8,
11368,17003,771420,33,33,3,9,
11369,20192,771420,3,4,4,9,
11370,16843,771420,25,25,3,8,
11371,4465,771420,3,4,4,9,
11372,10617,771420,21,21,3,8,
11373,11430,771420,3,4,4,8,
11374,10632,771420,3,4,4,9,
11375,7134,771420,3,4,4,7,
11376,1668,771420,3,4,4,9,
11377,1053,771420,3,4,4,8,
11378,8874,771420,15,15,3,8,
11379,9979,771420,3,4,4,8,
11380,20013,771420,25,25,3,8,
11381,25123,771420,25,25,3,7,
11382,9646,771420,15,15,3,7,
11383,2764,771420,3,4,4,8,
11384,9900,771420,13,13,3,8,
11385,25002,771420,33,33,3,8,
11386,3631,771420,3,4,4,9,
11387,22410,771420,31,31,3,8,
11388,8986,771420,13,13,3,9,
11389,2543,771420,3,4,4,9,
11390,2263,771420,3,4,4,8,
11391,7011,771420,3,4,4,9,
11392,1863,771420,3,4,4,8,
11393,23920,771420,33,33,3,8,
11394,17328,771420,21,21,3,8,
11395,16601,771420,3,4,4,8,
11396,23137,771420,33,33,3,9,
11397,1534,771420,3,4,4,9,
11398,1819,771420,3,4,4,9,
11399,1766,771420,3,4,4,8,
11400,1685,771420,3,4,4,8,
11401,11236,771420,15,15,3,9,
11402,11347,771420,3,4,4,8,
11403,34781,771420,27,27,3,9,
11404,45347,771420,31,31,3,7,
11405,41488,771420,13,13,3,8,
11406,38606,771420,27,27,3,7,
11407,35794,771420,15,15,3,8,
11408,40148,771420,27,27,3,8,
11409,2114,771420,3,4,4,9,
11410,39307,771420,31,31,3,9,
11411,40216,771420,3,4,4,8,
11412,38141,771420,29,29,3,8,
11413,30416,771420,3,4,4,8,
11414,2118,771420,3,4,4,6,
11415,2373,771420,3,4,4,8,
11416,2948,771420,3,4,4,8,
11417,12076,771420,19,19,3,8,
11418,2754,771420,3,4,4,8,
11419,19232,771420,33,33,3,8,
11420,14959,771420,21,21,3,8,
11421,12004,771420,15,15,3,8,
11422,18414,771420,31,31,3,8,
11423,2471,771420,3,4,4,8,
11424,10175,771420,3,4,4,8,
11425,30662,771420,31,31,3,7,
11426,14580,771420,3,4,4,8,
11427,7433,771420,13,13,3,8,
11428,13978,771420,27,27,3,8,
11429,2524,771420,3,4,4,8,
11430,9265,771420,3,4,4,8,
11431,8344,771420,13,14,3,8,
11432,2195,771420,3,4,4,8,
11433,2845,771420,3,4,4,8,
11434,4253,771420,3,4,4,7,
11435,3492,771420,3,4,4,8,
11436,13249,771420,27,27,3,7,
11437,3659,771420,3,4,4,8,
11438,14040,771420,21,21,3,8,
11439,16632,771420,3,4,4,6,
11440,13232,771420,3,4,4,7,
11441,10738,771420,15,15,3,8,
11442,14548,771420,3,4,4,9,
11443,10386,771420,17,17,3,8,
11444,14024,771420,19,19,3,9,
11445,5427,771420,13,13,3,9,
11446,5058,771420,3,4,4,7,
11447,5745,771420,3,4,4,8,
11448,15906,771420,31,31,3,9,
11449,4957,771420,13,13,3,8,
11450,2021,771420,3,4,4,6,
11451,14679,771420,3,4,4,7,
11452,3718,771420,3,4,4,7,
11453,4311,771420,3,4,4,8,
11454,3137,771420,3,4,4,8,
11455,2821,771420,3,4,4,7,
11456,18091,771420,21,21,3,8,
11457,9402,771420,15,15,3,9,
11458,10459,771420,13,13,3,8,
11459,13732,771420,23,23,3,8,
11460,18479,771420,31,31,3,7,
11461,17426,771420,3,4,4,8,
11462,15041,771420,25,25,3,8,
11463,10239,771420,3,4,4,8,
11464,11487,771420,3,4,4,8,
11465,1645,771420,3,4,4,9,
11466,3210,771420,3,4,4,8,
11467,11958,771420,17,17,3,9,
11468,11394,771420,3,4,4,8,
11469,14261,771420,23,23,3,9,
11470,3064,771420,3,4,4,8,
11471,13896,771420,3,4,4,9,
11472,8517,771420,17,17,3,8,
11473,2684,771420,3,4,4,9,
11474,12185,771420,21,21,3,8,
11475,10403,771420,21,21,3,8,
11476,1473,771420,3,4,4,9,
11477,10713,771420,3,4,4,8,
11478,1401,771420,3,4,4,9,
11479,14446,771420,25,25,3,8,
11480,26806,771420,19,19,3,9,
11481,10041,771420,25,25,3,8,
11482,11020,771420,3,4,4,9,
11483,5251,771420,3,4,4,9,
11484,5760,771420,13,13,3,9,
11485,4144,771420,3,4,4,9,
11486,16953,771420,29,29,3,8,
11487,20947,771420,33,33,3,8,
11488,11969,771420,19,19,3,8,
11489,17015,771420,3,4,4,9,
11490,1960,771420,3,4,4,8,
11491,19312,771420,31,31,3,8,
11492,19595,771420,31,31,3,9,
11493,19117,771420,33,33,3,8,
11494,18108,771420,3,4,4,8,
11495,27637,771420,25,25,3,9,
11496,16058,771420,23,23,3,8,
11497,2086,771420,3,4,4,8,
11498,2299,771420,3,4,4,8,
11499,15636,771420,3,4,4,8,
11500,1787,771420,3,4,4,9,
11501,7796,771420,15,15,3,8,
11502,24878,771420,29,29,3,8,
11503,8946,771420,3,4,4,9,
11504,2480,771420,3,4,4,9,
11505,8714,771420,15,15,3,8,
11506,3071,771420,3,4,4,9,
11507,19610,771420,27,27,3,8,
11508,2021,771420,3,4,4,9,
11509,13584,771420,27,27,3,9,
11510,13826,771420,3,4,4,8,
11511,21709,771420,33,33,3,8,
11512,17574,771420,3,4,4,9,
11513,20639,771420,3,4,4,9,
11514,10954,771420,19,19,3,9,
11515,2017,771420,3,4,4,9,
11516,1463,771420,3,4,4,9,
11517,13234,771420,23,23,3,9,
11518,4703,771420,15,15,3,8,
11519,2183,771420,3,4,4,7,
11520,18165,771420,27,27,3,8,
11521,2381,771420,3,4,4,8,
11522,7610,771420,15,15,3,7,
11523,8085,771420,3,4,4,8,
11524,12692,771420,17,17,3,8,
11525,12745,771420,21,21,3,8,
11526,1745,771420,3,4,4,9,
11527,11583,771420,27,27,3,9,
11528,12870,771420,3,4,4,9,
11529,33860,771420,33,33,3,9,
11530,11387,771420,21,21,3,9,
11531,11488,771420,3,4,4,8,
11532,1911,771420,3,4,4,9,
11533,1647,771420,3,4,4,9,
11534,1780,771420,3,4,4,9,
11535,12263,771420,15,15,3,9,
11536,12640,771420,3,4,4,9,
11537,1725,771420,3,4,4,8,
11538,2995,771420,3,4,4,8,
11539,17940,771420,13,13,3,9,
11540,13658,771420,23,23,3,8,
11541,14469,771420,25,25,3,8,
11542,17040,771420,3,4,4,7,
11543,23690,771420,33,33,3,8,
11544,1758,771420,3,4,4,9,
11545,1891,771420,3,4,4,9,
11546,1345,771420,3,4,4,9,
11547,2192,771420,3,4,4,9,
11548,10827,771420,19,19,3,8,
11549,15905,771420,25,25,3,8,
11550,16166,771420,31,31,3,8,
11551,16782,771420,3,4,4,8,
11552,9125,771420,3,4,4,8,
11553,10687,771420,23,23,3,8,
11554,2518,771420,3,4,4,8,
11555,7888,771420,3,4,4,8,
11556,14629,771420,15,15,3,9,
11557,23988,771420,31,31,3,9,
11558,1986,771420,3,4,4,7,
11559,3802,771420,3,4,4,8,
11560,18592,771420,29,29,3,8,
11561,3695,771420,3,4,4,8,
11562,2284,771420,3,4,4,9,
11563,18861,771420,17,17,3,6,
11564,13245,771420,21,21,3,8,
11565,8096,771420,19,19,3,8,
11566,14933,771420,19,19,3,9,
11567,16654,771420,17,17,3,8,
11568,18119,771420,3,4,4,7,
11569,16720,771420,29,29,3,8,
11570,4982,771420,13,13,3,8,
11571,9864,771420,3,4,4,8,
11572,8477,771420,13,13,3,8,
11573,21024,771420,21,21,3,8,
11574,4096,771420,3,4,4,8,
11575,6068,771420,3,4,4,8,
11576,21041,771420,31,31,3,8,
11577,1797,771420,3,4,4,6,
11578,11513,771420,17,17,3,8,
11579,2681,771420,3,4,4,8,
11580,1740,771420,3,4,4,6,
11581,12144,771420,21,21,3,7,
11582,12206,771420,23,23,3,7,
11583,11432,771420,17,17,3,8,
11584,8518,771420,17,17,3,7,
11585,11761,771420,3,4,4,8,
11586,12231,771420,23,23,3,7,
11587,8518,771420,3,4,4,9,
11588,4716,771420,3,4,4,7,
11589,1883,771420,3,4,4,7,
11590,14684,771420,13,13,3,7,
11591,14347,771420,31,31,3,7,
11592,22971,771420,33,33,3,8,
11593,18040,771420,27,27,3,8,
11594,12565,771420,23,23,3,9,
11595,21677,771420,3,4,4,8,
11596,13055,771420,21,21,3,8,
11597,12955,771420,3,4,4,8,
11598,15541,771420,3,4,4,9,
11599,10516,771420,17,17,3,9,
11600,19515,771420,29,29,3,8,
11601,19874,771420,3,4,4,8,
11602,12891,771420,27,27,3,9,
11603,15073,771420,25,25,3,8,
11604,11981,771420,3,4,4,9,
11605,7255,771420,13,13,3,9,
11606,1373,771420,3,4,4,8,
11607,1275,771420,3,4,4,8,
11608,14381,771420,25,25,3,9,
11609,13901,771420,3,4,4,8,
11610,11991,771420,27,27,3,9,
11611,17937,771420,33,33,3,9,
11612,18712,771420,21,21,3,8,
11613,1613,771420,3,4,4,9,
11614,2756,771420,3,4,4,9,
11615,9165,771420,15,15,3,8,
11616,14023,771420,3,4,4,9,
11617,9505,771420,3,4,4,8,
11618,16112,771420,25,25,3,8,
11619,1890,771420,3,4,4,8,
11620,25796,771420,29,29,3,9,
11621,7741,771420,3,4,4,7,
11622,2488,771420,3,4,4,9,
11623,20844,771420,33,33,3,9,
11624,20014,771420,3,4,4,8,
11625,18742,771420,23,23,3,8,
11626,16362,771420,25,25,3,8,
11627,18560,771420,25,25,3,7,
11628,16703,771420,3,4,4,8,
11629,2494,771420,3,4,4,9,
11630,1399,771420,3,4,4,9,
11631,2016,771420,3,4,4,9,
11632,2009,771420,3,4,4,9,
11633,19830,771420,19,19,3,8,
11634,14736,771420,21,21,3,8,
11635,12179,771420,23,23,3,8,
11636,13825,771420,25,25,3,8,
11637,26340,771420,21,21,3,8,
11638,3234,771420,3,4,4,8,
11639,1437,771420,3,4,4,9,
11640,5492,771420,3,4,4,8,
11641,6282,771420,13,13,3,9,
11642,5998,771420,3,4,4,8,
11643,1152,771420,3,4,4,9,
11644,15717,771420,29,29,3,8,
11645,11875,771420,13,13,3,9,
11646,17314,771420,25,25,3,8,
11647,3046,771420,3,4,4,8,
11648,3069,771420,3,4,4,8,
11649,8704,771420,17,17,3,8,
11650,9920,771420,3,4,4,8,
11651,2584,771420,3,4,4,9,
11652,7725,771420,3,4,4,8,
11653,3167,771420,3,4,4,9,
11654,12556,771420,17,17,3,8,
11655,13699,771420,3,4,4,9,
11656,19261,771420,31,31,3,8,
11657,3605,771420,3,4,4,8,
11658,12021,771420,19,19,3,9,
11659,3488,771420,3,4,4,8,
11660,5891,771420,13,13,3,7,
11661,16556,771420,29,29,3,8,
11662,11276,771420,15,15,3,8,
11663,15504,771420,3,4,4,8,
11664,11394,771420,3,4,4,8,
11665,8452,771421,3,4,4,8,
11666,6927,771421,13,13,3,8,
11667,4957,771421,3,4,4,9,
11668,18873,771421,31,31,3,8,
11669,3814,771421,3,4,4,8,
11670,17440,771421,19,19,3,8,
11671,20815,771421,25,25,3,8,
11672,13947,771421,3,4,4,8,
11673,1896,771421,3,4,4,8,
11674,23142,771421,33,33,3,8,
11675,11966,771421,17,17,3,7,
11676,19838,771421,3,4,4,8,
11677,23604,771421,33,33,3,8,
11678,1276,771421,3,4,4,8,
11679,1373,771421,3,4,4,8,
11680,1526,771421,3,4,4,9,
11681,3792,771421,3,4,4,9,
11682,3743,771421,3,4,4,9,
11683,21691,771421,33,33,3,9,
11684,13197,771421,25,25,3,7,
11685,2060,771421,3,4,4,8,
11686,9680,771421,17,17,3,8,
11687,13991,771421,3,4,4,9,
11688,9369,771421,3,4,4,8,
11689,10057,771421,3,4,4,8,
11690,1258,771421,3,4,4,8,
11691,25084,771421,31,31,3,8,
11692,25904,771421,3,4,4,8,
11693,2551,771421,3,4,4,7,
11694,16602,771421,29,29,3,9,
11695,2127,771421,3,4,4,7,
11696,26833,771421,29,29,3,7,
11697,15092,771421,3,4,4,8,
11698,19570,771421,27,27,3,8,
11699,23527,771421,25,25,3,8,
11700,11502,771421,21,21,3,8,
11701,8968,771421,15,15,3,9,
11702,14244,771421,3,4,4,8,
11703,8058,771421,17,17,3,8,
11704,8521,771421,19,19,3,9,
11705,1125,771421,3,4,4,8,
11706,1590,771421,3,4,4,9,
11707,2041,771421,3,4,4,9,
11708,19474,771421,31,31,3,9,
11709,19100,771421,3,4,4,8,
11710,11936,771421,17,17,3,7,
11711,10700,771421,23,23,3,8,
11712,2103,771421,3,4,4,8,
11713,13454,771421,3,4,4,9,
11714,5334,771421,3,4,4,9,
11715,1563,771421,3,4,4,8,
11716,1700,771421,3,4,4,8,
11717,16489,771421,29,29,3,8,
11718,5583,771421,13,13,3,8,
11719,7704,771421,3,4,4,8,
11720,2113,771421,3,4,4,9,
11721,2079,771421,3,4,4,9,
11722,2078,771421,3,4,4,8,
11723,1627,771421,3,4,4,8,
11724,10824,771421,23,23,3,8,
11725,12055,771421,27,27,3,7,
11726,1654,771421,3,4,4,8,
11727,10077,771421,15,15,3,8,
11728,3710,771421,3,4,4,8,
11729,4462,771421,3,4,4,8,
11730,10594,771421,3,4,4,8,
11731,8158,771421,3,4,4,8,
11732,13096,771421,21,21,3,8,
11733,10451,771421,21,21,3,8,
11734,13780,771421,3,4,4,9,
11735,9872,771421,3,4,4,9,
11736,1751,771421,3,4,4,9,
11737,2803,771421,3,4,4,8,
11738,13890,771421,19,19,3,8,
11739,10240,771421,17,17,3,7,
11740,14456,771421,27,27,3,8,
11741,13411,771421,3,4,4,8,
11742,17070,771421,31,31,3,8,
11743,9541,771421,3,4,4,8,
11744,1362,771421,3,4,4,8,
11745,2427,771421,3,4,4,8,
11746,25927,771421,29,29,3,7,
11747,3138,771421,3,4,4,9,
11748,17565,771421,31,31,3,8,
11749,2615,771421,3,4,4,9,
11750,2589,771421,3,4,4,8,
11751,1636,771421,3,4,4,9,
11752,2068,771421,3,4,4,8,
11753,13449,771421,27,27,3,9,
11754,7368,771421,13,13,3,8,
11755,3244,771421,3,4,4,8,
11756,13098,771421,3,4,4,8,
11757,8043,771421,3,4,4,9,
11758,15259,771421,21,21,3,8,
11759,4153,771421,3,4,4,9,
11760,14242,771421,3,4,4,8,
11761,20620,771421,27,27,3,9,
11762,20599,771421,3,4,4,8,
11763,10028,771421,17,17,3,8,
11764,9632,771421,3,4,4,8,
11765,11042,771421,21,21,3,8,
11766,14084,771421,17,17,3,9,
11767,11541,771421,13,13,3,9,
11768,11962,771421,17,17,3,8,
11769,13595,771421,21,21,3,8,
11770,19196,771421,31,31,3,8,
11771,9331,771421,3,4,4,8,
11772,7795,771421,13,13,3,8,
11773,3005,771421,3,4,4,8,
11774,19386,771421,33,33,3,8,
11775,19644,771421,33,33,3,7,
11776,3562,771421,3,4,4,8,
11777,11163,771421,21,21,3,7,
11778,18783,771421,3,4,4,7,
11779,10890,771421,21,21,3,8,
11780,16574,771421,29,29,3,8,
11781,10043,771421,3,4,4,8,
11782,16613,771421,3,4,4,9,
11783,8333,771421,3,4,4,9,
11784,2783,771421,3,4,4,8,
11785,13032,771421,15,15,3,8,
11786,21582,771421,31,31,3,7,
11787,13304,771421,23,23,3,8,
11788,3315,771421,13,13,3,8,
11789,13369,771421,3,4,4,9,
11790,16326,771421,3,4,4,6,
11791,7427,771421,3,4,4,7,
11792,11960,771421,31,31,3,7,
11793,6409,771421,13,13,3,8,
11794,13831,771421,29,29,3,8,
11795,11089,771421,3,4,4,8,
11796,17934,771421,33,33,3,8,
11797,8560,771421,3,4,4,8,
11798,2087,771421,3,4,4,8,
11799,18513,771421,3,4,4,9,
11800,2504,771421,3,4,4,9,
11801,3811,771421,3,4,4,9,
11802,16446,771421,27,27,3,8,
11803,1172,771421,3,4,4,7,
11804,1630,771421,3,4,4,7,
11805,16193,771421,3,4,4,7,
11806,1131,771421,3,4,4,7,
11807,3092,771421,3,4,4,8,
11808,9699,771421,13,14,3,8,
11809,14163,771421,21,21,3,7,
11810,22036,771421,27,27,3,8,
11811,19661,771421,33,33,3,8,
11812,2706,771421,3,4,4,9,
11813,19663,771421,17,17,3,9,
11814,20115,771421,3,4,4,9,
11815,19733,771421,19,19,3,8,
11816,10027,771421,19,19,3,9,
11817,18517,771421,23,23,3,8,
11818,17135,771421,25,25,3,8,
11819,20912,771421,29,29,3,7,
11820,16240,771421,21,21,3,9,
11821,25811,771421,29,29,3,8,
11822,19320,771421,29,29,3,9,
11823,20996,771421,25,25,3,8,
11824,2004,771421,3,4,4,9,
11825,10176,771421,19,19,3,8,
11826,11301,771421,3,4,4,9,
11827,13135,771421,29,29,3,8,
11828,13877,771421,3,4,4,8,
11829,1551,771421,3,4,4,8,
11830,1554,771421,3,4,4,9,
11831,1230,771421,3,4,4,9,
11832,11935,771421,21,21,3,8,
11833,12271,771421,3,4,4,7,
11834,20298,771421,33,33,3,8,
11835,10718,771421,13,13,3,8,
11836,28882,771421,21,21,3,7,
11837,6362,771421,3,4,4,8,
11838,676,771421,3,4,4,7,
11839,10264,771421,19,19,3,8,
11840,16553,771421,25,25,3,8,
11841,17156,771421,3,4,4,8,
11842,15776,771421,31,31,3,8,
11843,2210,771421,3,4,4,8,
11844,8823,771421,15,15,3,8,
11845,7083,771421,17,17,3,8,
11846,10386,771421,17,17,3,9,
11847,10819,771421,3,4,4,9,
11848,10318,771421,23,23,3,8,
11849,10600,771421,3,4,4,7,
11850,11722,771421,3,4,4,6,
11851,6397,771421,3,4,4,8,
11852,12468,771421,23,23,3,8,
11853,12245,771421,3,4,4,8,
11854,1512,771421,3,4,4,7,
11855,1909,771421,3,4,4,7,
11856,2965,771421,3,4,4,6,
11857,1935,771421,3,4,4,7,
11858,1538,771421,3,4,4,5,
11859,1391,771421,3,4,4,5,
11860,1232,771421,3,4,4,6,
11861,23423,771421,27,27,3,6,
11862,8204,771421,17,17,3,6,
11863,1466,771421,3,4,4,7,
11864,3293,771421,3,4,4,7,
11865,9105,771421,3,4,4,7,
11866,117143,771421,3,4,4,8,
11867,20505,771421,25,25,3,8,
11868,25351,771421,29,29,3,8,
11869,2262,771421,3,4,4,9,
11870,16888,771421,31,31,3,8,
11871,1948,771421,3,4,4,8,
11872,16765,771421,21,21,3,7,
11873,1224,771421,3,4,4,8,
11874,1898,771421,3,4,4,8,
11875,1534,771421,3,4,4,8,
11876,16565,771421,23,23,3,8,
11877,19454,771421,21,21,3,8,
11878,108461,771421,3,4,4,7,
11879,107350,771421,3,4,4,8,
11880,9361,771421,27,27,3,8,
11881,14982,771421,15,15,3,8,
11882,14603,771421,25,25,3,9,
11883,110993,771421,21,21,3,9,
11884,106201,771421,29,29,3,9,
11885,92153,771421,3,4,4,7,
11886,93304,771421,3,4,4,8,
11887,97951,771421,21,21,3,9,
11888,21905,771421,17,17,3,8,
11889,79814,771421,3,4,4,8,
11890,62505,771421,3,4,4,9,
11891,4987,771421,3,4,4,6,
11892,18336,771421,31,31,3,7,
11893,4187,771421,3,4,4,8,
11894,10312,771421,17,17,3,8,
11895,14389,771421,27,27,3,8,
11896,1826,771421,3,4,4,8,
11897,16770,771421,27,27,3,9,
11898,11219,771421,13,13,3,8,
11899,22440,771421,33,33,3,9,
11900,18394,771421,19,19,3,8,
11901,12912,771421,23,23,3,7,
11902,9067,771421,23,23,3,9,
11903,3561,771421,3,4,4,8,
11904,7165,771421,13,13,3,8,
11905,7632,771421,17,18,3,8,
11906,9553,771421,25,25,3,8,
11907,35434,771421,3,4,4,9,
11908,4748,771421,3,4,4,9,
11909,5260,771421,3,4,4,8,
11910,5849,771421,3,4,4,8,
11911,975,771421,3,4,4,8,
11912,1505,771421,3,4,4,8,
11913,44857,771421,23,23,3,7,
11914,2749,771421,3,4,4,8,
11915,3121,771421,3,4,4,8,
11916,9710,771421,13,13,3,9,
11917,7826,771421,15,15,3,8,
11918,9119,771421,21,21,3,8,
11919,18999,771421,33,33,3,9,
11920,7897,771421,13,13,3,8,
11921,19916,771421,3,4,4,9,
11922,8995,771421,15,15,3,8,
11923,12244,771421,25,25,3,9,
11924,11702,771421,21,21,3,8,
11925,13852,771421,31,31,3,8,
11926,1694,771421,3,4,4,8,
11927,14372,771421,31,31,3,9,
11928,12838,771421,3,4,4,8,
11929,5200,771421,15,15,3,9,
11930,7389,771421,3,4,4,9,
11931,18822,771421,33,33,3,9,
11932,8684,771421,15,15,3,8,
11933,20818,771421,29,29,3,9,
11934,12821,771421,21,21,3,9,
11935,17353,771421,31,31,3,7,
11936,4099,771421,3,4,4,9,
11937,3685,771421,3,4,4,9,
11938,16630,771421,31,31,3,9,
11939,13509,771421,27,27,3,8,
11940,12879,771421,29,29,3,8,
11941,11124,771421,15,15,3,8,
11942,8062,771421,3,4,4,9,
11943,10245,771421,19,19,3,8,
11944,7233,771421,3,4,4,9,
11945,9452,771421,3,4,4,9,
11946,2080,771421,3,4,4,6,
11947,3481,771421,3,4,4,7,
11948,1607,771421,3,4,4,8,
11949,3005,771421,3,4,4,8,
11950,12189,771421,27,27,3,8,
11951,1757,771421,3,4,4,7,
11952,3049,771421,3,4,4,7,
11953,1945,771421,3,4,4,8,
11954,12030,771421,3,4,4,8,
11955,1979,771421,3,4,4,7,
11956,5977,771421,13,13,3,8,
11957,24911,771421,29,29,3,8,
11958,7251,771421,13,13,3,7,
11959,7198,771421,15,15,3,7,
11960,1755,771421,3,4,4,8,
11961,7405,771421,3,4,4,8,
11962,5459,771421,3,4,4,9,
11963,1704,771421,3,4,4,9,
11964,2403,771421,3,4,4,9,
11965,15453,771421,17,17,3,9,
11966,2438,771421,3,4,4,8,
11967,14304,771421,29,29,3,9,
11968,2214,771421,3,4,4,8,
11969,1788,771421,3,4,4,7,
11970,15158,771421,33,33,3,7,
11971,16267,771421,17,17,3,8,
11972,2978,771421,3,4,4,8,
11973,1513,771421,3,4,4,8,
11974,2432,771421,3,4,4,8,
11975,7111,771421,13,13,3,8,
11976,2023,771421,3,4,4,8,
11977,10967,771421,21,21,3,9,
11978,1622,771421,3,4,4,8,
11979,10256,771421,3,4,4,7,
11980,785,771421,3,4,4,8,
11981,8801,771421,25,25,3,9,
11982,11151,771421,15,15,3,8,
11983,11243,771421,21,21,3,9,
11984,8342,771421,19,19,3,9,
11985,9113,771421,3,4,4,9,
11986,2648,771421,3,4,4,9,
11987,7556,771421,17,17,3,8,
11988,929,771421,3,4,4,7,
11989,2098,771421,3,4,4,8,
11990,1297,771421,3,4,4,9,
11991,5723,771421,3,4,4,8,
11992,12776,771421,27,27,3,8,
11993,10198,771421,21,21,3,8,
11994,12651,771421,3,4,4,8,
11995,5562,771421,3,4,4,9,
11996,10681,771421,21,21,3,9,
11997,14785,771421,25,25,3,8,
11998,13080,771421,25,25,3,8,
11999,14881,771421,3,4,4,9,
12000,1969,771421,3,4,4,8,
12001,5102,771421,13,13,3,8,
12002,1660,771421,3,4,4,9,
12003,9523,771421,17,17,3,9,
12004,7115,771421,19,19,3,8,
12005,17307,771421,33,33,3,8,
12006,7861,771421,3,4,4,9,
12007,17020,771421,3,4,4,8,
12008,1609,771421,3,4,4,9,
12009,1823,771421,3,4,4,9,
12010,1961,771421,3,4,4,9,
12011,13551,771421,21,21,3,8,
12012,10909,771421,17,17,3,9,
12013,12530,771421,27,27,3,7,
12014,2573,771421,3,4,4,9,
12015,13576,771421,27,27,3,8,
12016,2401,771421,3,4,4,9,
12017,2257,771421,3,4,4,8,
12018,1519,771421,3,4,4,9,
12019,2039,771421,3,4,4,8,
12020,1261,771421,3,4,4,9,
12021,1541,771421,3,4,4,8,
12022,1672,771421,3,4,4,8,
12023,14301,771421,33,33,3,8,
12024,9152,771421,19,19,3,8,
12025,14842,771421,3,4,4,8,
12026,8677,771421,3,4,4,8,
12027,4935,771421,3,4,4,9,
12028,2146,771421,3,4,4,9,
12029,9955,771421,25,25,3,7,
12030,5880,771421,17,17,3,8,
12031,7213,771421,3,4,4,9,
12032,10024,771421,3,4,4,9,
12033,1408,771421,3,4,4,8,
12034,12871,771421,31,31,3,9,
12035,1413,771421,3,4,4,8,
12036,12891,771421,3,4,4,7,
12037,1447,771421,3,4,4,9,
12038,9376,771421,27,27,3,9,
12039,9938,771421,3,4,4,8,
12040,2193,771421,3,4,4,9,
12041,6966,771421,13,13,3,9,
12042,1039,771421,3,4,4,8,
12043,6582,771421,3,4,4,7,
12044,725,771421,3,4,4,8,
12045,9386,771421,25,25,3,9,
12046,13940,771421,33,33,3,8,
12047,9410,771421,3,4,4,8,
12048,18986,771421,15,15,3,8,
12049,4414,771421,13,13,3,8,
12050,2622,771421,3,4,4,9,
12051,13899,771421,29,29,3,7,
12052,4121,771421,3,4,4,7,
12053,13203,771421,27,27,3,8,
12054,2649,771421,3,4,4,8,
12055,2276,771421,3,4,4,8,
12056,1333,771421,3,4,4,7,
12057,6631,771421,15,15,3,8,
12058,2003,771421,3,4,4,8,
12059,13934,771421,29,29,3,8,
12060,17798,771421,25,25,3,8,
12061,12451,771421,23,23,3,8,
12062,20680,771421,13,13,3,9,
12063,11153,771421,25,25,3,8,
12064,25988,771421,33,33,3,9,
12065,20795,771421,29,29,3,8,
12066,12739,771421,19,19,3,8,
12067,13487,771421,3,4,4,8,
12068,4682,771421,13,13,3,9,
12069,13968,771421,29,29,3,8,
12070,6892,771421,13,13,3,9,
12071,13002,771421,21,21,3,8,
12072,15434,771421,3,4,4,8,
12073,12403,771421,21,21,3,9,
12074,5774,771421,15,15,3,9,
12075,13542,771421,25,25,3,9,
12076,1890,771421,3,4,4,9,
12077,1412,771421,3,4,4,9,
12078,15305,771421,31,31,3,9,
12079,15628,771421,3,4,4,8,
12080,8893,771421,21,21,3,8,
12081,1758,771421,3,4,4,8,
12082,9351,771421,3,4,4,8,
12083,6171,771421,13,13,3,9,
12084,12157,771421,17,17,3,9,
12085,2437,771421,3,4,4,9,
12086,6044,771421,3,4,4,8,
12087,18082,771421,27,27,3,9,
12088,11989,771421,17,17,3,9,
12089,12913,771421,17,17,3,9,
12090,14686,771421,21,21,3,8,
12091,10434,771421,21,21,3,9,
12092,13502,771421,3,4,4,8,
12093,11976,771421,29,29,3,8,
12094,10796,771421,23,23,3,8,
12095,6722,771421,3,4,4,8,
12096,15055,771421,33,33,3,8,
12097,10041,771421,23,23,3,9,
12098,3967,771421,3,4,4,8,
12099,14993,771421,25,25,3,9,
12100,15721,771421,3,4,4,9,
12101,8131,771421,3,4,4,7,
12102,1635,771421,3,4,4,8,
12103,6825,771421,17,17,3,9,
12104,1189,771421,3,4,4,8,
12105,6820,771421,3,4,4,8,
12106,1296,771421,3,4,4,8,
12107,9814,771421,25,25,3,9,
12108,1933,771421,3,4,4,9,
12109,2257,771421,3,4,4,8,
12110,2084,771421,3,4,4,8,
12111,2191,771421,3,4,4,8,
12112,23876,771421,33,33,3,9,
12113,6279,771421,13,13,3,8,
12114,15764,771421,29,29,3,8,
12115,13091,771421,25,25,3,8,
12116,1323,771421,3,4,4,8,
12117,6322,771421,3,4,4,8,
12118,1952,771421,3,4,4,9,
12119,23486,771421,29,29,3,9,
12120,14033,771421,31,31,3,9,
12121,18703,771421,25,25,3,9,
12122,12807,771421,23,23,3,8,
12123,1558,771421,3,4,4,9,
12124,12654,771421,3,4,4,8,
12125,1734,771421,3,4,4,9,
12126,24214,771421,29,29,3,9,
12127,9236,771421,15,15,3,9,
12128,18336,771421,31,31,3,9,
12129,8883,771421,3,4,4,9,
12130,16360,771421,27,27,3,8,
12131,16635,771421,29,29,3,8,
12132,8019,771421,13,13,3,8,
12133,15899,771421,3,4,4,9,
12134,8209,771421,17,17,3,9,
12135,2765,771421,3,4,4,9,
12136,22358,771421,23,23,3,8,
12137,21402,771421,3,4,4,9,
12138,39859,771421,31,31,3,8,
12139,35075,771421,13,13,3,9,
12140,36502,771421,25,25,3,8,
12141,46013,771421,13,13,3,9,
12142,38163,771421,21,21,3,9,
12143,32473,771421,13,13,3,8,
12144,37217,771421,21,21,3,9,
12145,44662,771421,33,33,3,9,
12146,25775,771421,27,27,3,8,
12147,13019,771421,3,4,4,9,
12148,12647,771421,23,23,3,9,
12149,10594,771421,19,19,3,9,
12150,16205,771421,31,31,3,9,
12151,16639,771421,25,25,3,9,
12152,14552,771421,3,4,4,8,
12153,5374,771421,3,4,4,9,
12154,6503,771421,13,13,3,9,
12155,8169,771421,21,21,3,9,
12156,5394,771421,13,13,3,8,
12157,5463,771421,3,4,4,9,
12158,17534,771421,27,27,3,9,
12159,9188,771421,21,21,3,9,
12160,8835,771421,3,4,4,9,
12161,2355,771421,3,4,4,8,
12162,8610,771421,19,19,3,8,
12163,2284,771421,3,4,4,9,
12164,1967,771421,3,4,4,8,
12165,8665,771421,3,4,4,8,
12166,2542,771421,3,4,4,8,
12167,1483,771421,3,4,4,8,
12168,12090,771421,25,25,3,9,
12169,18077,771421,31,31,3,8,
12170,2430,771421,3,4,4,8,
12171,13664,771421,25,25,3,8,
12172,9358,771421,17,17,3,9,
12173,8529,771421,3,4,4,8,
12174,1727,771421,3,4,4,9,
12175,10354,771421,23,23,3,8,
12176,10614,771421,3,4,4,8,
12177,2005,771421,3,4,4,9,
12178,1427,771421,3,4,4,9,
12179,6982,771421,13,13,3,8,
12180,6968,771421,3,4,4,8,
12181,9915,771421,17,17,3,9,
12182,1853,771421,3,4,4,9,
12183,13320,771421,27,27,3,9,
12184,12768,771421,31,31,3,8,
12185,12369,771421,3,4,4,8,
12186,3961,771421,3,4,4,8,
12187,11434,771421,27,27,3,8,
12188,23787,771421,33,33,3,9,
12189,12337,771421,3,4,4,8,
12190,5820,771421,13,13,3,9,
12191,5579,771421,17,17,3,9,
12192,6210,771421,3,4,4,8,
12193,5908,771421,3,4,4,8,
12194,27861,771421,27,27,3,8,
12195,10225,771421,19,19,3,8,
12196,2133,771421,3,4,4,8,
12197,21038,771421,33,33,3,7,
12198,17466,771421,31,31,3,8,
12199,2513,771421,3,4,4,8,
12200,16372,771421,29,29,3,9,
12201,17493,771421,33,33,3,8,
12202,2146,771421,3,4,4,9,
12203,12412,771421,21,21,3,8,
12204,14999,771421,23,23,3,9,
12205,6592,771421,13,13,3,9,
12206,10701,771421,13,13,3,9,
12207,7903,771421,3,4,4,8,
12208,19159,771421,33,33,3,8,
12209,4642,771421,13,13,3,8,
12210,4391,771421,3,4,4,8,
12211,2969,771421,3,4,4,8,
12212,6812,771421,15,15,3,8,
12213,2984,771421,3,4,4,8,
12214,6546,771421,3,4,4,8,
12215,2176,771421,3,4,4,8,
12216,2089,771421,3,4,4,7,
12217,2610,771421,3,4,4,8,
12218,3337,771421,3,4,4,9,
12219,8743,771421,17,17,3,9,
12220,16059,771421,33,33,3,9,
12221,1466,771421,3,4,4,7,
12222,8201,771421,17,17,3,9,
12223,1885,771421,3,4,4,9,
12224,15685,771421,3,4,4,8,
12225,11152,771421,23,23,3,8,
12226,1478,771421,3,4,4,7,
12227,17159,771421,29,29,3,9,
12228,23969,771421,23,23,3,7,
12229,9071,771421,17,17,3,8,
12230,10295,771421,3,4,4,9,
12231,1074,771421,3,4,4,9,
12232,7274,771421,17,17,3,8,
12233,9366,771421,17,17,3,8,
12234,14070,771421,27,27,3,8,
12235,11994,771421,3,4,4,7,
12236,2562,771421,3,4,4,9,
12237,9968,771421,25,25,3,8,
12238,7482,771421,13,13,3,9,
12239,7646,771421,17,18,3,8,
12240,10095,771421,17,17,3,8,
12241,7331,771421,3,4,4,9,
12242,8864,771421,3,4,4,8,
12243,19232,771421,19,19,3,8,
12244,14520,771421,29,29,3,9,
12245,2250,771421,3,4,4,7,
12246,1425,771421,3,4,4,8,
12247,16132,771421,31,31,3,8,
12248,2583,771421,3,4,4,8,
12249,1760,771421,3,4,4,8,
12250,2325,771421,3,4,4,8,
12251,2896,771421,3,4,4,8,
12252,17040,771421,31,31,3,9,
12253,10741,771421,19,19,3,8,
12254,3050,771421,3,4,4,8,
12255,16763,771421,3,4,4,8,
12256,1886,771421,3,4,4,9,
12257,2970,771421,3,4,4,8,
12258,14005,771421,27,27,3,8,
12259,14570,771421,3,4,4,8,
12260,1660,771421,3,4,4,9,
12261,6045,771421,13,13,3,9,
12262,10573,771421,25,25,3,9,
12263,3983,771421,3,4,4,8,
12264,1044,771421,3,4,4,9,
12265,7054,771421,3,4,4,8,
12266,6518,771421,13,13,3,9,
12267,9157,771421,21,21,3,9,
12268,9202,771421,19,19,3,9,
12269,9441,771421,3,4,4,9,
12270,2425,771421,3,4,4,7,
12271,2139,771421,3,4,4,8,
12272,3344,771421,3,4,4,8,
12273,2275,771421,3,4,4,8,
12274,1294,771421,3,4,4,7,
12275,15132,771421,33,33,3,7,
12276,12626,771421,23,23,3,7,
12277,11186,771421,29,29,3,7,
12278,10758,771421,21,21,3,8,
12279,12893,771421,3,4,4,8,
12280,26620,771421,23,23,3,8,
12281,6846,771421,13,13,3,9,
12282,7995,771421,15,15,3,9,
12283,14851,771421,25,25,3,8,
12284,14574,771421,3,4,4,8,
12285,4307,771421,3,4,4,8,
12286,5463,771421,3,4,4,9,
12287,12708,771421,19,19,3,8,
12288,6919,771421,17,17,3,8,
12289,14351,771421,25,25,3,7,
12290,14486,771421,31,31,3,7,
12291,11468,771421,3,4,4,9,
12292,2527,771421,3,4,4,9,
12293,2064,771421,3,4,4,9,
12294,1441,771421,3,4,4,9,
12295,8149,771421,19,19,3,8,
12296,15184,771421,27,27,3,8,
12297,1245,771421,3,4,4,9,
12298,8022,771421,13,13,3,7,
12299,12487,771421,19,19,3,9,
12300,13204,771421,3,4,4,9,
12301,20481,771421,31,31,3,9,
12302,17475,771421,33,33,3,8,
12303,13794,771421,25,25,3,8,
12304,5167,771421,15,15,3,7,
12305,14138,771421,23,24,3,7,
12306,13945,771421,3,4,4,8,
12307,25282,771421,33,33,3,9,
12308,2065,771421,3,4,4,8,
12309,10378,771421,3,4,4,9,
12310,1826,771421,3,4,4,8,
12311,6032,771421,13,13,3,8,
12312,1349,771421,3,4,4,9,
12313,1484,771421,3,4,4,9,
12314,1533,771421,3,4,4,9,
12315,2006,771421,3,4,4,9,
12316,1855,771421,3,4,4,8,
12317,14601,771421,25,25,3,7,
12318,13787,771421,3,4,4,8,
12319,1760,771421,3,4,4,8,
12320,9502,771421,13,13,3,8,
12321,2331,771421,3,4,4,7,
12322,1837,771421,3,4,4,8,
12323,10725,771421,23,23,3,8,
12324,2642,771421,3,4,4,9,
12325,1455,771421,3,4,4,8,
12326,10060,771421,3,4,4,7,
12327,1284,771421,3,4,4,8,
12328,22966,771421,33,33,3,8,
12329,2679,771421,3,4,4,9,
12330,13511,771421,27,27,3,9,
12331,15577,771421,23,23,3,9,
12332,15321,771421,3,4,4,9,
12333,5339,771421,13,13,3,9,
12334,12085,771421,21,21,3,8,
12335,16844,771421,33,33,3,8,
12336,24541,771421,27,27,3,8,
12337,10315,771421,27,27,3,8,
12338,13040,771421,19,19,3,9,
12339,7714,771421,15,15,3,9,
12340,20453,771421,25,25,3,9,
12341,2150,771421,3,4,4,8,
12342,2221,771421,3,4,4,9,
12343,7862,771421,19,19,3,8,
12344,13088,771421,21,21,3,8,
12345,6936,771421,3,4,4,8,
12346,14740,771421,25,25,3,8,
12347,12509,771421,3,4,4,8,
12348,7547,771421,17,17,3,8,
12349,12307,771421,3,4,4,8,
12350,10402,771421,17,17,3,8,
12351,8899,771421,19,19,3,8,
12352,2959,771421,3,4,4,9,
12353,1364,771421,3,4,4,9,
12354,23444,771421,31,31,3,9,
12355,6461,771421,13,13,3,9,
12356,1627,771421,3,4,4,8,
12357,2999,771421,3,4,4,8,
12358,2283,771421,3,4,4,8,
12359,6176,771421,15,15,3,8,
12360,2091,771421,3,4,4,8,
12361,15119,771421,21,21,3,8,
12362,8098,771421,15,15,3,9,
12363,14958,771421,23,23,3,8,
12364,11775,771421,19,19,3,8,
12365,17104,771421,29,29,3,7,
12366,16176,771421,31,31,3,8,
12367,17012,771421,25,25,3,8,
12368,16652,771421,3,4,4,8,
12369,3100,771421,3,4,4,9,
12370,12523,771421,21,21,3,8,
12371,8973,771421,15,15,3,8,
12372,2911,771421,3,4,4,9,
12373,4617,771421,3,4,4,8,
12374,1728,771421,3,4,4,8,
12375,7896,771421,17,17,3,9,
12376,3655,771421,3,4,4,8,
12377,8048,771421,3,4,4,8,
12378,1159,771421,3,4,4,8,
12379,10423,771421,17,17,3,9,
12380,19545,771421,33,33,3,8,
12381,1556,771421,3,4,4,9,
12382,7747,771421,17,17,3,7,
12383,10559,771421,23,23,3,8,
12384,9987,771421,27,27,3,8,
12385,12187,771421,25,25,3,8,
12386,8983,771421,3,4,4,9,
12387,10342,771421,3,4,4,9,
12388,2128,771421,3,4,4,9,
12389,11840,771421,27,27,3,8,
12390,11807,771421,3,4,4,8,
12391,13656,771421,29,29,3,8,
12392,1895,771421,3,4,4,9,
12393,2106,771421,3,4,4,8,
12394,9862,771421,3,4,4,8,
12395,2148,771421,3,4,4,8,
12396,9601,771421,17,17,3,8,
12397,1469,771421,3,4,4,8,
12398,9601,771421,3,4,4,8,
12399,9737,771421,3,4,4,7,
12400,8700,771421,15,15,3,8,
12401,8298,771421,17,17,3,8,
12402,3284,771421,3,4,4,8,
12403,1375,771421,3,4,4,8,
12404,17976,771421,31,31,3,8,
12405,10396,771421,19,19,3,7,
12406,15018,771421,29,29,3,8,
12407,12898,771421,33,33,3,8,
12408,2387,771421,3,4,4,8,
12409,24983,771421,17,17,3,8,
12410,14276,771421,3,4,4,8,
12411,1028,771421,3,4,4,8,
12412,6092,771421,15,15,3,8,
12413,15321,771421,25,25,3,8,
12414,6617,771421,3,4,4,8,
12415,12743,771421,27,27,3,8,
12416,16841,771421,29,29,3,9,
12417,24770,771421,31,31,3,8,
12418,6854,771421,3,4,4,9,
12419,23073,771421,29,29,3,9,
12420,15518,771421,3,4,4,9,
12421,28792,771421,17,17,3,8,
12422,1699,771421,3,4,4,8,
12423,17019,771421,21,21,3,8,
12424,16960,771421,3,4,4,7,
12425,20323,771421,33,33,3,9,
12426,20843,771421,3,4,4,9,
12427,11928,771421,25,25,3,8,
12428,3794,771421,3,4,4,9,
12429,1428,771421,3,4,4,9,
12430,1685,771421,3,4,4,8,
12431,8917,771421,17,17,3,8,
12432,1625,771421,3,4,4,9,
12433,8857,771421,3,4,4,7,
12434,1978,771421,3,4,4,8,
12435,5464,771421,3,4,4,9,
12436,15561,771421,29,29,3,8,
12437,14459,771421,27,27,3,9,
12438,15243,771421,3,4,4,9,
12439,5547,771421,13,13,3,8,
12440,5571,771421,3,4,4,8,
12441,1804,771421,3,4,4,9,
12442,2367,771421,3,4,4,9,
12443,11382,771421,17,17,3,8,
12444,1823,771421,3,4,4,8,
12445,15629,771421,27,27,3,7,
12446,1791,771421,3,4,4,8,
12447,1688,771421,3,4,4,8,
12448,13392,771421,19,19,3,9,
12449,6487,771421,3,4,4,8,
12450,1675,771421,3,4,4,9,
12451,12647,771421,21,21,3,8,
12452,1019,771421,3,4,4,9,
12453,11908,771421,19,19,3,9,
12454,19550,771421,29,29,3,8,
12455,1492,771421,3,4,4,8,
12456,18960,771421,33,33,3,7,
12457,1560,771421,3,4,4,8,
12458,19551,771421,3,4,4,8,
12459,1533,771421,3,4,4,8,
12460,6108,771421,13,13,3,7,
12461,1683,771421,3,4,4,9,
12462,10703,771421,17,17,3,9,
12463,13484,771421,25,25,3,8,
12464,1554,771421,3,4,4,8,
12465,1019,771421,3,4,4,8,
12466,1705,771421,3,4,4,9,
12467,7576,771421,19,19,3,8,
12468,8661,771421,17,17,3,8,
12469,6403,771421,19,19,3,8,
12470,9534,771421,3,4,4,8,
12471,6917,771421,3,4,4,9,
12472,4382,771421,3,4,4,8,
12473,2612,771421,3,4,4,8,
12474,938,771421,3,4,4,8,
12475,11289,771421,29,29,3,9,
12476,8103,771421,17,17,3,8,
12477,3024,771421,3,4,4,8,
12478,11320,771421,3,4,4,8,
12479,18074,771421,33,33,3,9,
12480,7131,771421,3,4,4,8,
12481,12683,771421,25,25,3,8,
12482,7525,771421,15,15,3,8,
12483,8925,771421,21,21,3,9,
12484,12261,771421,3,4,4,8,
12485,7643,771421,3,4,4,9,
12486,15170,771421,25,25,3,9,
12487,15238,771421,3,4,4,8,
12488,3214,771421,3,4,4,9,
12489,16690,771421,29,29,3,8,
12490,15477,771421,31,31,3,8,
12491,11779,771421,23,23,3,8,
12492,20041,771421,27,27,3,8,
12493,11662,771421,3,4,4,8,
12494,8885,771421,15,15,3,8,
12495,5819,771421,15,15,3,9,
12496,11871,771421,23,23,3,9,
12497,2055,771421,3,4,4,8,
12498,18707,771421,29,29,3,8,
12499,2616,771421,3,4,4,8,
12500,1940,771421,3,4,4,8,
12501,18803,771421,3,4,4,8,
12502,2755,771421,3,4,4,8,
12503,9923,771421,17,17,3,9,
12504,10210,771421,3,4,4,7,
12505,9165,771421,21,21,3,8,
12506,5046,771421,3,4,4,9,
12507,10831,771421,29,29,3,9,
12508,14599,771421,21,21,3,9,
12509,11530,771421,25,25,3,8,
12510,14860,771421,27,27,3,8,
12511,7347,771421,21,21,3,9,
12512,2118,771421,3,4,4,9,
12513,7567,771421,3,4,4,8,
12514,8571,771421,19,19,3,9,
12515,8372,771421,3,4,4,8,
12516,11270,771421,27,27,3,9,
12517,10445,771421,3,4,4,9,
12518,2148,771421,3,4,4,9,
12519,2264,771421,3,4,4,8,
12520,5596,771421,3,4,4,9,
12521,7094,771421,17,17,3,8,
12522,1618,771421,3,4,4,8,
12523,14637,771421,17,17,3,8,
12524,14842,771421,29,29,3,8,
12525,12359,771421,27,27,3,8,
12526,15142,771421,3,4,4,8,
12527,8797,771421,25,25,3,9,
12528,11335,771421,25,25,3,9,
12529,11252,771421,3,4,4,8,
12530,10887,771421,29,29,3,8,
12531,10701,771421,3,4,4,8,
12532,21422,771421,29,29,3,9,
12533,8583,771421,19,19,3,9,
12534,7749,771421,3,4,4,9,
12535,20392,771421,31,31,3,9,
12536,15389,771421,3,4,4,8,
12537,12408,771421,21,21,3,8,
12538,19564,771421,33,33,3,8,
12539,17341,771421,27,27,3,8,
12540,19129,771421,3,4,4,8,
12541,18487,771421,31,31,3,9,
12542,2884,771421,3,4,4,9,
12543,3293,771421,3,4,4,9,
12544,15370,771421,23,23,3,9,
12545,14940,771422,3,4,4,9,
12546,3206,771422,3,4,4,8,
12547,19081,771422,33,33,3,9,
12548,14627,771422,31,31,3,9,
12549,18350,771422,33,33,3,7,
12550,3858,771422,3,4,4,9,
12551,13491,771422,3,4,4,8,
12552,12710,771422,27,27,3,9,
12553,13404,771422,3,4,4,8,
12554,12281,771422,23,23,3,9,
12555,12975,771422,25,25,3,9,
12556,10379,771422,21,21,3,8,
12557,11039,771422,3,4,4,8,
12558,9045,771422,13,13,3,8,
12559,11042,771422,15,15,3,8,
12560,9176,771422,19,19,3,7,
12561,6494,771422,13,13,3,8,
12562,14519,771422,31,31,3,7,
12563,2387,771422,3,4,4,8,
12564,9433,771422,21,21,3,7,
12565,4918,771422,3,4,4,8,
12566,14329,771422,3,4,4,8,
12567,2467,771422,3,4,4,9,
12568,2613,771422,3,4,4,9,
12569,2154,771422,3,4,4,8,
12570,1537,771422,3,4,4,8,
12571,4062,771422,3,4,4,9,
12572,25523,771422,23,23,3,7,
12573,1838,771422,3,4,4,8,
12574,2192,771422,3,4,4,7,
12575,24981,771422,25,25,3,8,
12576,27083,771422,31,31,3,8,
12577,16472,771422,27,27,3,8,
12578,2267,771422,3,4,4,9,
12579,1425,771422,3,4,4,8,
12580,22571,771422,3,4,4,8,
12581,39751,771422,31,31,3,8,
12582,1287,771422,3,4,4,9,
12583,1701,771422,3,4,4,9,
12584,1616,771422,3,4,4,8,
12585,2191,771422,3,4,4,8,
12586,2811,771422,3,4,4,8,
12587,15144,771422,31,32,3,8,
12588,2100,771422,3,4,4,8,
12589,22589,771422,27,27,3,9,
12590,23763,771422,31,31,3,8,
12591,18943,771422,3,4,4,8,
12592,10289,771422,3,4,4,8,
12593,2414,771422,3,4,4,8,
12594,2181,771422,3,4,4,8,
12595,5374,771422,13,13,3,8,
12596,2497,771422,3,4,4,8,
12597,2991,771422,3,4,4,8,
12598,5292,771422,3,4,4,9,
12599,16628,771422,33,33,3,8,
12600,8305,771422,23,23,3,8,
12601,8434,771422,3,4,4,9,
12602,1448,771422,3,4,4,8,
12603,3293,771422,3,4,4,8,
12604,13441,771422,23,23,3,9,
12605,13542,771422,3,4,4,8,
12606,1587,771422,3,4,4,7,
12607,1075,771422,3,4,4,8,
12608,7700,771422,13,13,3,8,
12609,1916,771422,3,4,4,8,
12610,2048,771422,3,4,4,8,
12611,15013,771422,33,33,3,8,
12612,2365,771422,3,4,4,8,
12613,13627,771422,19,19,3,8,
12614,11164,771422,25,25,3,9,
12615,20383,771422,15,15,3,8,
12616,5740,771422,17,17,3,8,
12617,15242,771422,33,33,3,8,
12618,10034,771422,3,4,4,9,
12619,13623,771422,3,4,4,9,
12620,1091,771422,3,4,4,8,
12621,3956,771422,3,4,4,8,
12622,6669,771422,13,13,3,8,
12623,12461,771422,27,27,3,9,
12624,14100,771422,33,33,3,8,
12625,13866,771422,3,4,4,8,
12626,5968,771422,13,13,3,9,
12627,14576,771422,31,31,3,8,
12628,14821,771422,3,4,4,8,
12629,7663,771422,3,4,4,9,
12630,9541,771422,27,27,3,8,
12631,8035,771422,23,23,3,9,
12632,7776,771422,3,4,4,8,
12633,7919,771422,3,4,4,9,
12634,1790,771422,3,4,4,9,
12635,1872,771422,3,4,4,9,
12636,18081,771422,33,33,3,9,
12637,18221,771422,3,4,4,8,
12638,6009,771422,19,19,3,8,
12639,12639,771422,31,31,3,9,
12640,1904,771422,3,4,4,8,
12641,14227,771422,31,31,3,7,
12642,2477,771422,3,4,4,8,
12643,2105,771422,3,4,4,9,
12644,9252,771422,19,19,3,8,
12645,13824,771422,3,4,4,8,
12646,2581,771422,3,4,4,9,
12647,11634,771422,29,29,3,7,
12648,2128,771422,3,4,4,8,
12649,8456,771422,3,4,4,9,
12650,2042,771422,3,4,4,9,
12651,15338,771422,33,33,3,8,
12652,15558,771422,3,4,4,9,
12653,5068,771422,3,4,4,7,
12654,1469,771422,3,4,4,9,
12655,1541,771422,3,4,4,8,
12656,2496,771422,3,4,4,8,
12657,15445,771422,33,33,3,7,
12658,2308,771422,3,4,4,7,
12659,2077,771422,3,4,4,8,
12660,2444,771422,3,4,4,8,
12661,5910,771422,13,13,3,7,
12662,1383,771422,3,4,4,7,
12663,2089,771422,3,4,4,8,
12664,15205,771422,25,25,3,9,
12665,1481,771422,3,4,4,7,
12666,14765,771422,3,4,4,8,
12667,2135,771422,3,4,4,8,
12668,6501,771422,15,15,3,8,
12669,1728,771422,3,4,4,8,
12670,6590,771422,3,4,4,9,
12671,1699,771422,3,4,4,8,
12672,12365,771422,19,19,3,8,
12673,2251,771422,3,4,4,8,
12674,13641,771422,27,27,3,8,
12675,12314,771422,3,4,4,9,
12676,2046,771422,3,4,4,9,
12677,7166,771422,15,15,3,8,
12678,15619,771422,31,31,3,8,
12679,19912,771422,27,27,3,8,
12680,14153,771422,29,29,3,8,
12681,6121,771422,3,4,4,9,
12682,10401,771422,15,15,3,8,
12683,18021,771422,23,23,3,9,
12684,7584,771422,17,17,3,8,
12685,9104,771422,13,13,3,9,
12686,8841,771422,3,4,4,8,
12687,1330,771422,3,4,4,9,
12688,1692,771422,3,4,4,9,
12689,17843,771422,31,31,3,8,
12690,14281,771422,29,29,3,9,
12691,2789,771422,3,4,4,8,
12692,17755,771422,31,31,3,8,
12693,9398,771422,15,15,3,8,
12694,12213,771422,23,23,3,9,
12695,6663,771422,17,17,3,8,
12696,11775,771422,3,4,4,8,
12697,12890,771422,21,21,3,9,
12698,14237,771422,27,27,3,9,
12699,10685,771422,3,4,4,8,
12700,8221,771422,3,4,4,8,
12701,20511,771422,29,29,3,8,
12702,4113,771422,3,4,4,8,
12703,7423,771422,15,15,3,8,
12704,23992,771422,33,33,3,8,
12705,21054,771422,33,33,3,8,
12706,17035,771422,31,31,3,8,
12707,22975,771422,33,33,3,9,
12708,11841,771422,29,29,3,8,
12709,6909,771422,13,13,3,9,
12710,1855,771422,3,4,4,9,
12711,10990,771422,17,17,3,8,
12712,9075,771422,17,17,3,8,
12713,14670,771422,3,4,4,9,
12714,5479,771422,3,4,4,8,
12715,3756,771422,3,4,4,8,
12716,2273,771422,3,4,4,9,
12717,7718,771422,15,15,3,7,
12718,12957,771422,25,25,3,8,
12719,1664,771422,3,4,4,8,
12720,1640,771422,3,4,4,8,
12721,1762,771422,3,4,4,8,
12722,1684,771422,3,4,4,8,
12723,20790,771422,29,29,3,8,
12724,8474,771422,13,13,3,9,
12725,21035,771422,3,4,4,7,
12726,20635,771422,33,33,3,8,
12727,1920,771422,3,4,4,9,
12728,8466,771422,13,13,3,8,
12729,8379,771422,3,4,4,8,
12730,1022,771422,3,4,4,8,
12731,6432,771422,3,4,4,8,
12732,13723,771422,27,27,3,9,
12733,9006,771422,17,17,3,9,
12734,12152,771422,31,31,3,8,
12735,1513,771422,3,4,4,9,
12736,12981,771422,21,21,3,8,
12737,1456,771422,3,4,4,9,
12738,7494,771422,15,15,3,8,
12739,12893,771422,3,4,4,9,
12740,15221,771422,33,33,3,8,
12741,4270,771422,3,4,4,9,
12742,1654,771422,3,4,4,8,
12743,2218,771422,3,4,4,7,
12744,16153,771422,15,15,3,9,
12745,7296,771422,13,13,3,7,
12746,19650,771422,33,33,3,8,
12747,6256,771422,17,17,3,8,
12748,6731,771422,3,4,4,7,
12749,7489,771422,3,4,4,8,
12750,9908,771422,19,19,3,9,
12751,1743,771422,3,4,4,9,
12752,13325,771422,23,23,3,8,
12753,5842,771422,13,13,3,8,
12754,9971,771422,17,17,3,8,
12755,2051,771422,3,4,4,8,
12756,7703,771422,3,4,4,8,
12757,19781,771422,31,31,3,8,
12758,1501,771422,3,4,4,9,
12759,10663,771422,17,17,3,8,
12760,12905,771422,27,27,3,9,
12761,7831,771422,23,23,3,8,
12762,6340,771422,3,4,4,9,
12763,11763,771422,33,33,3,8,
12764,12704,771422,3,4,4,8,
12765,11757,771422,3,4,4,8,
12766,1790,771422,3,4,4,8,
12767,12077,771422,31,31,3,8,
12768,11494,771422,27,27,3,7,
12769,12461,771422,3,4,4,8,
12770,19590,771422,19,19,3,8,
12771,3861,771422,3,4,4,9,
12772,16658,771422,29,29,3,8,
12773,15396,771422,29,29,3,9,
12774,2497,771422,3,4,4,8,
12775,9644,771422,13,13,3,8,
12776,3079,771422,3,4,4,9,
12777,16344,771422,33,33,3,7,
12778,2771,771422,3,4,4,8,
12779,9952,771422,3,4,4,8,
12780,2272,771422,3,4,4,8,
12781,18263,771422,33,33,3,8,
12782,14473,771422,23,23,3,8,
12783,7522,771422,15,15,3,8,
12784,14961,771422,3,4,4,9,
12785,8656,771422,3,4,4,8,
12786,2106,771422,3,4,4,8,
12787,1150,771422,3,4,4,8,
12788,1925,771422,3,4,4,8,
12789,2514,771422,3,4,4,8,
12790,15105,771422,23,23,3,8,
12791,2039,771422,3,4,4,8,
12792,3105,771422,3,4,4,8,
12793,2224,771422,3,4,4,9,
12794,3021,771422,3,4,4,7,
12795,2071,771422,3,4,4,9,
12796,20607,771422,31,31,3,8,
12797,1252,771422,3,4,4,7,
12798,13425,771422,15,15,3,9,
12799,8981,771422,13,13,3,8,
12800,1295,771422,3,4,4,7,
12801,20350,771422,31,31,3,8,
12802,3000,771422,3,4,4,8,
12803,13324,771422,17,17,3,9,
12804,11674,771422,23,23,3,8,
12805,2364,771422,3,4,4,9,
12806,12707,771422,15,15,3,8,
12807,1506,771422,3,4,4,9,
12808,1667,771422,3,4,4,9,
12809,8699,771422,19,19,3,9,
12810,8480,771422,3,4,4,8,
12811,6864,771422,13,13,3,9,
12812,8923,771422,19,19,3,9,
12813,1989,771422,3,4,4,9,
12814,7996,771422,3,4,4,9,
12815,2602,771422,3,4,4,8,
12816,10581,771422,21,21,3,8,
12817,8323,771422,19,19,3,8,
12818,10348,771422,3,4,4,8,
12819,3812,771422,3,4,4,8,
12820,6473,771422,19,19,3,8,
12821,7746,771422,3,4,4,9,
12822,5237,771422,3,4,4,8,
12823,8300,771422,21,21,3,8,
12824,9282,771422,3,4,4,8,
12825,1531,771422,3,4,4,9,
12826,7365,771422,15,15,3,9,
12827,7524,771422,3,4,4,9,
12828,35848,771422,23,23,3,8,
12829,2006,771422,3,4,4,8,
12830,35567,771422,29,29,3,7,
12831,1804,771422,3,4,4,8,
12832,1439,771422,3,4,4,9,
12833,3074,771422,3,4,4,8,
12834,1120,771422,3,4,4,8,
12835,25849,771422,13,13,3,7,
12836,2790,771422,3,4,4,8,
12837,31624,771422,3,4,4,7,
12838,34997,771422,23,23,3,9,
12839,35432,771422,27,27,3,8,
12840,27129,771422,13,13,3,7,
12841,34458,771422,3,4,4,9,
12842,30231,771422,17,17,3,7,
12843,1708,771422,3,4,4,7,
12844,9867,771422,23,23,3,7,
12845,16913,771422,33,33,3,7,
12846,1368,771422,3,4,4,7,
12847,13043,771422,21,21,3,8,
12848,17471,771422,3,4,4,8,
12849,4095,771422,3,4,4,8,
12850,10428,771422,27,27,3,8,
12851,12696,771422,3,4,4,8,
12852,8137,771422,21,21,3,9,
12853,7863,771422,3,4,4,8,
12854,1349,771422,3,4,4,9,
12855,8317,771422,21,21,3,8,
12856,8068,771422,3,4,4,9,
12857,13669,771422,33,33,3,9,
12858,5734,771422,15,15,3,8,
12859,12305,771422,3,4,4,8,
12860,6003,771422,3,4,4,8,
12861,2506,771422,3,4,4,8,
12862,15625,771422,33,33,3,8,
12863,2345,771422,3,4,4,9,
12864,9278,771422,19,19,3,8,
12865,14742,771422,3,4,4,8,
12866,10337,771422,23,23,3,8,
12867,19562,771422,33,33,3,8,
12868,11367,771422,21,21,3,8,
12869,9245,771422,3,4,4,8,
12870,19526,771422,17,17,3,8,
12871,1691,771422,3,4,4,9,
12872,13474,771422,19,19,3,8,
12873,7357,771422,13,13,3,9,
12874,7918,771422,19,19,3,9,
12875,1399,771422,3,4,4,9,
12876,7813,771422,13,13,3,8,
12877,7098,771422,3,4,4,8,
12878,17148,771422,31,31,3,9,
12879,5063,771422,13,13,3,9,
12880,10096,771422,27,27,3,9,
12881,6168,771422,3,4,4,8,
12882,14547,771422,25,25,3,9,
12883,6416,771422,3,4,4,8,
12884,4254,771422,13,13,3,8,
12885,14398,771422,29,30,3,8,
12886,8706,771422,17,17,3,9,
12887,11566,771422,3,4,4,8,
12888,11930,771422,27,27,3,8,
12889,7679,771422,3,4,4,8,
12890,11302,771422,3,4,4,9,
12891,9193,771422,15,15,3,8,
12892,7784,771422,19,19,3,8,
12893,6705,771422,13,13,3,8,
12894,9750,771422,21,21,3,8,
12895,6835,771422,3,4,4,9,
12896,2216,771422,3,4,4,8,
12897,2177,771422,3,4,4,8,
12898,9684,771422,21,21,3,8,
12899,6333,771422,3,4,4,7,
12900,9983,771422,3,4,4,7,
12901,13173,771422,29,29,3,8,
12902,3083,771422,3,4,4,9,
12903,13220,771422,3,4,4,8,
12904,8111,771422,19,19,3,9,
12905,1393,771422,3,4,4,8,
12906,2373,771422,3,4,4,8,
12907,7035,771422,3,4,4,8,
12908,2354,771422,3,4,4,9,
12909,1389,771422,3,4,4,8,
12910,6812,771422,13,13,3,8,
12911,14652,771422,33,33,3,9,
12912,6600,771422,3,4,4,8,
12913,8008,771422,19,19,3,8,
12914,12587,771422,31,31,3,8,
12915,9959,771422,23,23,3,8,
12916,12390,771422,3,4,4,9,
12917,10114,771422,3,4,4,9,
12918,1569,771422,3,4,4,8,
12919,13936,771422,29,29,3,8,
12920,2494,771422,3,4,4,9,
12921,14527,771422,3,4,4,8,
12922,13746,771422,33,33,3,8,
12923,9060,771422,27,27,3,8,
12924,13528,771422,3,4,4,9,
12925,7880,771422,17,17,3,9,
12926,5076,771422,3,4,4,9,
12927,7413,771422,3,4,4,7,
12928,2106,771422,3,4,4,9,
12929,2034,771422,3,4,4,9,
12930,1960,771422,3,4,4,8,
12931,16370,771422,27,27,3,9,
12932,12198,771422,27,27,3,9,
12933,16573,771422,3,4,4,9,
12934,11916,771422,3,4,4,8,
12935,10882,771422,27,27,3,9,
12936,6970,771422,19,19,3,9,
12937,14439,771422,27,27,3,7,
12938,18032,771422,33,33,3,8,
12939,27216,771422,31,31,3,8,
12940,14891,771422,3,4,4,9,
12941,13465,771422,23,23,3,9,
12942,1771,771422,3,4,4,9,
12943,15240,771422,27,27,3,8,
12944,14957,771422,19,19,3,8,
12945,12308,771422,25,25,3,9,
12946,2344,771422,3,4,4,8,
12947,2662,771422,3,4,4,9,
12948,19692,771422,29,29,3,7,
12949,2834,771422,3,4,4,9,
12950,18126,771422,27,27,3,9,
12951,2358,771422,3,4,4,9,
12952,8200,771422,15,15,3,8,
12953,12851,771422,23,23,3,8,
12954,9182,771422,3,4,4,8,
12955,7558,771422,3,4,4,9,
12956,1695,771422,3,4,4,9,
12957,8826,771422,13,13,3,8,
12958,6802,771422,13,13,3,9,
12959,17033,771422,33,33,3,8,
12960,2673,771422,3,4,4,8,
12961,1607,771422,3,4,4,9,
12962,13259,771422,19,19,3,8,
12963,18901,771422,33,33,3,8,
12964,13610,771422,3,4,4,8,
12965,10656,771422,23,23,3,9,
12966,1022,771422,3,4,4,8,
12967,1928,771422,3,4,4,8,
12968,1549,771422,3,4,4,8,
12969,10801,771422,19,19,3,9,
12970,982,771422,3,4,4,7,
12971,1886,771422,3,4,4,8,
12972,1577,771422,3,4,4,9,
12973,1273,771422,3,4,4,8,
12974,9393,771422,15,15,3,9,
12975,11190,771422,19,19,3,7,
12976,6725,771422,13,13,3,8,
12977,21025,771422,27,27,3,9,
12978,7274,771422,3,4,4,9,
12979,18214,771422,31,32,3,9,
12980,14137,771422,29,29,3,8,
12981,1957,771422,3,4,4,8,
12982,2215,771422,3,4,4,9,
12983,1661,771422,3,4,4,9,
12984,2355,771422,3,4,4,7,
12985,1715,771422,3,4,4,8,
12986,2995,771422,3,4,4,9,
12987,13861,771422,31,31,3,8,
12988,2213,771422,3,4,4,7,
12989,2934,771422,3,4,4,8,
12990,7988,771422,17,17,3,8,
12991,10712,771422,3,4,4,9,
12992,15583,771422,33,33,3,9,
12993,15207,771422,33,33,3,8,
12994,15085,771422,3,4,4,8,
12995,14982,771422,3,4,4,9,
12996,11742,771422,27,27,3,9,
12997,4035,771422,3,4,4,9,
12998,1967,771422,3,4,4,8,
12999,11749,771422,21,21,3,9,
13000,2180,771422,3,4,4,8,
13001,11558,771422,3,4,4,8,
13002,7266,771422,17,17,3,8,
13003,7620,771422,19,19,3,9,
13004,7266,771422,3,4,4,9,
13005,2032,771422,3,4,4,9,
13006,9017,771422,21,21,3,8,
13007,17994,771422,27,27,3,9,
13008,18327,771422,25,25,3,9,
13009,18156,771422,3,4,4,8,
13010,8076,771422,13,13,3,8,
13011,9178,771422,3,4,4,9,
13012,13305,771422,23,23,3,9,
13013,9598,771422,17,17,3,8,
13014,8118,771422,17,17,3,9,
13015,9879,771422,21,21,3,9,
13016,14563,771422,23,23,3,8,
13017,9419,771422,17,17,3,8,
13018,8941,771422,19,19,3,9,
13019,4057,771422,3,4,4,8,
13020,3990,771422,3,4,4,8,
13021,12618,771422,23,23,3,8,
13022,2749,771422,3,4,4,8,
13023,2189,771422,3,4,4,7,
13024,10912,771422,19,19,3,8,
13025,6076,771422,3,4,4,7,
13026,2901,771422,3,4,4,8,
13027,2033,771422,3,4,4,8,
13028,3401,771422,3,4,4,7,
13029,2342,771422,3,4,4,8,
13030,1678,771422,3,4,4,9,
13031,9844,771422,21,21,3,8,
13032,1306,771422,3,4,4,8,
13033,2532,771422,3,4,4,9,
13034,9292,771422,3,4,4,8,
13035,18917,771422,33,33,3,7,
13036,19568,771422,3,4,4,8,
13037,12820,771422,21,21,3,8,
13038,2404,771422,3,4,4,9,
13039,4777,771422,13,13,3,8,
13040,13814,771422,17,17,3,8,
13041,11528,771422,21,21,3,9,
13042,19833,771422,33,33,3,8,
13043,10866,771422,23,23,3,9,
13044,16619,771422,31,31,3,9,
13045,1836,771422,3,4,4,9,
13046,2326,771422,3,4,4,9,
13047,12335,771422,27,27,3,9,
13048,13736,771422,3,4,4,9,
13049,12233,771422,3,4,4,8,
13050,6176,771422,15,15,3,8,
13051,6465,771422,3,4,4,8,
13052,12116,771422,27,27,3,9,
13053,1415,771422,3,4,4,9,
13054,1902,771422,3,4,4,9,
13055,19788,771422,23,23,3,9,
13056,15509,771422,27,27,3,8,
13057,12415,771422,25,25,3,8,
13058,16387,771422,3,4,4,8,
13059,13311,771422,27,27,3,8,
13060,12248,771422,27,27,3,8,
13061,18003,771422,29,29,3,8,
13062,11507,771422,3,4,4,8,
13063,4300,771422,3,4,4,9,
13064,18721,771422,31,31,3,9,
13065,8546,771422,15,15,3,8,
13066,10385,771422,21,21,3,9,
13067,5580,771422,15,15,3,8,
13068,13101,771422,25,25,3,7,
13069,14635,771422,29,29,3,8,
13070,2106,771422,3,4,4,9,
13071,12222,771422,29,29,3,8,
13072,10306,771422,3,4,4,8,
13073,12169,771422,3,4,4,8,
13074,5774,771422,3,4,4,9,
13075,2150,771422,3,4,4,9,
13076,16971,771422,33,33,3,9,
13077,16368,771422,3,4,4,8,
13078,1177,771422,3,4,4,9,
13079,1436,771422,3,4,4,8,
13080,1028,771422,3,4,4,8,
13081,5568,771422,13,13,3,8,
13082,1958,771422,3,4,4,9,
13083,7371,771422,15,15,3,8,
13084,4945,771422,3,4,4,8,
13085,2870,771422,3,4,4,9,
13086,7029,771422,3,4,4,8,
13087,16088,771422,19,19,3,8,
13088,6924,771422,19,19,3,8,
13089,23011,771422,33,33,3,9,
13090,12583,771422,23,23,3,9,
13091,17203,771422,31,31,3,9,
13092,16705,771422,3,4,4,9,
13093,2597,771422,3,4,4,8,
13094,1897,771422,3,4,4,8,
13095,7724,771422,3,4,4,9,
13096,1936,771422,3,4,4,8,
13097,19231,771422,27,27,3,8,
13098,14880,771422,23,23,3,8,
13099,17883,771422,3,4,4,8,
13100,6602,771422,15,15,3,9,
13101,14688,771422,25,25,3,8,
13102,8025,771422,3,4,4,7,
13103,10269,771422,17,17,3,8,
13104,6143,771422,3,4,4,9,
13105,1377,771422,3,4,4,8,
13106,9424,771422,23,23,3,8,
13107,10418,771422,3,4,4,9,
13108,1385,771422,3,4,4,7,
13109,1763,771422,3,4,4,8,
13110,8787,771422,17,17,3,8,
13111,2044,771422,3,4,4,8,
13112,8989,771422,3,4,4,9,
13113,21248,771422,29,29,3,7,
13114,8219,771422,19,19,3,8,
13115,10670,771422,19,19,3,8,
13116,1867,771422,3,4,4,9,
13117,8750,771422,13,13,3,8,
13118,16963,771422,25,25,3,9,
13119,7359,771422,15,15,3,8,
13120,1817,771422,3,4,4,9,
13121,2754,771422,3,4,4,8,
13122,13530,771422,33,33,3,8,
13123,1782,771422,3,4,4,9,
13124,10873,771422,21,21,3,8,
13125,13524,771422,3,4,4,7,
13126,13636,771422,3,4,4,8,
13127,8082,771422,19,19,3,9,
13128,1991,771422,3,4,4,9,
13129,14138,771422,25,25,3,8,
13130,9664,771422,21,21,3,9,
13131,13263,771422,3,4,4,9,
13132,2777,771422,3,4,4,8,
13133,2121,771422,3,4,4,8,
13134,2946,771422,3,4,4,8,
13135,19450,771422,33,33,3,8,
13136,1409,771422,3,4,4,8,
13137,17682,771422,27,27,3,8,
13138,19395,771422,31,31,3,8,
13139,12164,771422,31,31,3,8,
13140,1565,771422,3,4,4,8,
13141,18948,771422,3,4,4,8,
13142,30579,771422,19,19,3,8,
13143,1819,771422,3,4,4,9,
13144,1928,771422,3,4,4,8,
13145,12877,771422,21,21,3,9,
13146,2054,771422,3,4,4,8,
13147,12738,771422,23,23,3,8,
13148,8153,771422,15,15,3,9,
13149,8215,771422,19,19,3,9,
13150,10437,771422,27,27,3,8,
13151,10179,771422,21,21,3,8,
13152,10551,771422,3,4,4,9,
13153,17115,771422,27,27,3,8,
13154,5885,771422,13,13,3,8,
13155,17277,771422,3,4,4,9,
13156,19556,771422,27,27,3,8,
13157,24606,771422,33,33,3,8,
13158,16191,771422,31,31,3,9,
13159,9135,771422,21,21,3,8,
13160,12512,771422,27,27,3,8,
13161,2297,771422,3,4,4,9,
13162,1990,771422,3,4,4,9,
13163,13750,771422,33,33,3,8,
13164,24047,771422,33,33,3,9,
13165,30328,771422,27,27,3,8,
13166,7770,771422,21,21,3,9,
13167,1978,771422,3,4,4,8,
13168,2598,771422,3,4,4,9,
13169,12855,771422,23,23,3,8,
13170,1540,771422,3,4,4,8,
13171,10903,771422,17,17,3,9,
13172,7324,771422,17,17,3,8,
13173,11711,771422,3,4,4,8,
13174,7985,771422,3,4,4,9,
13175,12954,771422,31,31,3,8,
13176,16716,771422,33,33,3,9,
13177,11369,771422,25,25,3,9,
13178,14404,771422,25,25,3,9,
13179,14156,771422,3,4,4,9,
13180,6790,771422,3,4,4,9,
13181,1682,771422,3,4,4,9,
13182,5506,771422,17,17,3,9,
13183,5623,771422,3,4,4,8,
13184,15756,771422,13,13,3,8,
13185,2241,771422,3,4,4,8,
13186,18034,771422,25,25,3,8,
13187,7505,771422,3,4,4,8,
13188,1551,771422,3,4,4,8,
13189,16024,771422,27,27,3,8,
13190,15641,771422,31,31,3,8,
13191,21729,771422,33,33,3,8,
13192,12656,771422,19,19,3,9,
13193,2020,771422,3,4,4,9,
13194,2873,771422,3,4,4,8,
13195,12519,771422,23,23,3,8,
13196,2747,771422,3,4,4,8,
13197,12900,771422,3,4,4,9,
13198,1611,771422,3,4,4,9,
13199,1522,771422,3,4,4,9,
13200,1372,771422,3,4,4,8,
13201,1184,771422,3,4,4,8,
13202,13133,771422,3,4,4,8,
13203,15255,771422,33,33,3,8,
13204,15980,771422,23,24,3,8,
13205,2841,771422,3,4,4,9,
13206,1182,771422,3,4,4,7,
13207,1976,771422,3,4,4,8,
13208,12633,771422,19,19,3,9,
13209,3150,771422,3,4,4,8,
13210,18509,771422,31,31,3,8,
13211,3290,771422,3,4,4,8,
13212,17043,771422,29,29,3,8,
13213,20983,771422,27,27,3,8,
13214,18780,771422,31,31,3,8,
13215,13487,771422,29,29,3,8,
13216,3057,771422,3,4,4,9,
13217,2980,771422,3,4,4,9,
13218,2242,771422,3,4,4,8,
13219,17834,771422,33,33,3,9,
13220,1626,771422,3,4,4,8,
13221,17559,771422,3,4,4,8,
13222,16176,771422,21,21,3,8,
13223,10448,771422,25,25,3,9,
13224,11486,771422,23,23,3,9,
13225,6345,771422,3,4,4,8,
13226,9870,771422,29,29,3,8,
13227,10775,771422,3,4,4,8,
13228,3263,771422,3,4,4,8,
13229,12086,771422,27,27,3,8,
13230,6144,771422,3,4,4,9,
13231,11404,771422,29,29,3,8,
13232,13215,771422,29,29,3,9,
13233,22093,771422,29,29,3,9,
13234,1910,771422,3,4,4,8,
13235,15183,771422,15,15,3,8,
13236,14883,771422,33,33,3,7,
13237,4926,771422,17,17,3,9,
13238,14981,771422,3,4,4,8,
13239,4881,771422,3,4,4,8,
13240,14426,771422,3,4,4,9,
13241,1541,771422,3,4,4,9,
13242,3874,771422,3,4,4,8,
13243,13727,771422,21,21,3,8,
13244,13961,771422,3,4,4,8,
13245,6271,771422,17,17,3,9,
13246,1506,771422,3,4,4,9,
13247,15970,771422,31,31,3,9,
13248,5972,771422,13,13,3,9,
13249,6158,771422,3,4,4,7,
13250,11105,771422,19,19,3,8,
13251,8062,771422,15,15,3,9,
13252,16028,771422,15,15,3,9,
13253,15628,771422,23,23,3,8,
13254,17954,771422,29,29,3,8,
13255,1692,771422,3,4,4,8,
13256,1268,771422,3,4,4,8,
13257,13053,771422,29,29,3,9,
13258,1959,771422,3,4,4,8,
13259,15632,771422,31,31,3,8,
13260,2223,771422,3,4,4,9,
13261,10956,771422,3,4,4,7,
13262,8581,771422,17,17,3,8,
13263,21591,771422,17,17,3,9,
13264,8022,771422,21,21,3,8,
13265,12489,771422,19,19,3,9,
13266,17336,771422,27,27,3,8,
13267,16140,771422,33,33,3,8,
13268,2841,771422,3,4,4,8,
13269,13317,771422,27,27,3,8,
13270,15820,771422,3,4,4,8,
13271,1505,771422,3,4,4,8,
13272,15470,771422,23,23,3,8,
13273,15317,771422,33,33,3,8,
13274,15414,771422,3,4,4,8,
13275,12479,771422,33,33,3,8,
13276,6757,771422,13,13,3,8,
13277,2852,771422,3,4,4,8,
13278,6087,771422,3,4,4,8,
13279,13488,771422,27,27,3,9,
13280,9515,771422,25,25,3,9,
13281,15688,771422,33,33,3,8,
13282,8986,771422,3,4,4,8,
13283,12591,771422,3,4,4,9,
13284,15663,771422,3,4,4,7,
13285,15207,771422,33,33,3,8,
13286,2147,771422,3,4,4,9,
13287,14740,771422,3,4,4,8,
13288,11204,771422,29,29,3,9,
13289,18462,771422,31,31,3,9,
13290,6679,771422,15,15,3,8,
13291,7735,771422,3,4,4,8,
13292,2149,771422,3,4,4,9,
13293,7675,771422,13,13,3,8,
13294,17495,771422,25,25,3,8,
13295,9920,771422,17,17,3,8,
13296,2836,771422,3,4,4,8,
13297,8666,771422,15,15,3,9,
13298,2400,771422,3,4,4,8,
13299,8471,771422,3,4,4,8,
13300,2315,771422,3,4,4,8,
13301,2220,771422,3,4,4,8,
13302,1557,771422,3,4,4,8,
13303,16323,771422,29,30,3,8,
13304,6724,771422,19,19,3,8,
13305,16263,771422,3,4,4,7,
13306,7370,771422,3,4,4,8,
13307,13569,771422,33,33,3,9,
13308,3560,771422,3,4,4,9,
13309,2699,771422,3,4,4,8,
13310,9897,771422,17,17,3,9,
13311,9369,771422,19,19,3,8,
13312,2326,771422,3,4,4,8,
13313,2115,771422,3,4,4,8,
13314,15688,771422,33,33,3,8,
13315,1672,771422,3,4,4,9,
13316,23522,771422,21,21,3,8,
13317,1300,771422,3,4,4,9,
13318,16631,771422,27,27,3,9,
13319,16196,771422,25,25,3,8,
13320,3860,771422,3,4,4,8,
13321,1897,771422,3,4,4,8,
13322,14599,771422,19,19,3,8,
13323,13077,771422,21,21,3,8,
13324,16922,771422,27,27,3,8,
13325,1510,771422,3,4,4,9,
13326,9491,771422,23,23,3,8,
13327,1685,771422,3,4,4,9,
13328,11923,771422,21,21,3,8,
13329,12210,771422,3,4,4,8,
13330,10822,771422,3,4,4,9,
13331,6586,771422,3,4,4,7,
13332,6776,771422,17,17,3,8,
13333,7789,771422,3,4,4,9,
13334,1999,771422,3,4,4,9,
13335,6547,771422,15,15,3,8,
13336,1811,771422,3,4,4,9,
13337,6689,771422,3,4,4,8,
13338,25930,771422,33,33,3,8,
13339,25959,771422,3,4,4,7,
13340,14589,771422,27,27,3,8,
13341,19980,771422,33,33,3,8,
13342,12253,771422,25,25,3,8,
13343,9408,771422,19,19,3,9,
13344,8706,771422,15,15,3,8,
13345,9412,771422,3,4,4,8,
13346,1856,771422,3,4,4,9,
13347,1114,771422,3,4,4,9,
13348,16932,771422,29,29,3,9,
13349,18083,771422,29,29,3,9,
13350,7298,771422,15,15,3,8,
13351,1840,771422,3,4,4,8,
13352,1715,771422,3,4,4,8,
13353,9802,771422,23,23,3,8,
13354,12762,771422,21,21,3,9,
13355,11141,771422,13,13,3,8,
13356,18628,771422,27,27,3,9,
13357,10777,771422,17,17,3,9,
13358,14082,771422,29,29,3,9,
13359,12487,771422,19,20,3,8,
13360,3334,771422,3,4,4,8,
13361,2451,771422,3,4,4,8,
13362,11329,771422,3,4,4,8,
13363,16092,771422,33,33,3,9,
13364,8978,771422,13,13,3,8,
13365,8354,771422,17,17,3,8,
13366,16566,771422,3,4,4,8,
13367,12939,771422,27,27,3,9,
13368,12505,771422,23,23,3,9,
13369,11970,771422,27,27,3,8,
13370,10597,771422,25,25,3,8,
13371,6633,771422,3,4,4,8,
13372,12018,771422,3,4,4,8,
13373,17863,771422,33,33,3,8,
13374,23585,771422,13,13,3,9,
13375,9230,771422,15,15,3,8,
13376,20104,771422,29,29,3,9,
13377,10881,771422,23,23,3,8,
13378,9183,771422,21,21,3,9,
13379,18796,771422,3,4,4,8,
13380,16641,771422,25,25,3,8,
13381,6097,771422,15,15,3,8,
13382,8065,771422,15,15,3,9,
13383,4538,771422,3,4,4,9,
13384,7286,771422,17,17,3,8,
13385,13075,771422,25,25,3,8,
13386,2907,771422,3,4,4,8,
13387,5739,771422,15,15,3,9,
13388,10930,771422,21,21,3,9,
13389,11114,771422,3,4,4,8,
13390,10349,771422,3,4,4,8,
13391,12171,771422,31,31,3,8,
13392,9548,771422,27,27,3,8,
13393,13182,771422,3,4,4,8,
13394,2350,771422,3,4,4,9,
13395,7496,771422,3,4,4,8,
13396,2044,771422,3,4,4,9,
13397,1846,771422,3,4,4,8,
13398,8872,771422,19,19,3,9,
13399,2478,771422,3,4,4,8,
13400,16671,771422,31,31,3,8,
13401,8378,771422,3,4,4,7,
13402,16673,771422,3,4,4,8,
13403,8992,771422,15,15,3,9,
13404,12636,771422,29,29,3,9,
13405,1359,771422,3,4,4,9,
13406,2790,771422,3,4,4,8,
13407,13309,771422,23,23,3,8,
13408,2734,771422,3,4,4,8,
13409,12553,771422,3,4,4,8,
13410,6776,771422,15,15,3,8,
13411,2054,771422,3,4,4,8,
13412,18377,771422,33,33,3,8,
13413,2355,771422,3,4,4,9,
13414,5773,771422,3,4,4,9,
13415,1668,771422,3,4,4,9,
13416,9912,771422,19,19,3,9,
13417,9724,771422,3,4,4,8,
13418,7616,771422,19,19,3,8,
13419,2065,771422,3,4,4,9,
13420,1592,771422,3,4,4,8,
13421,13253,771422,27,27,3,9,
13422,11701,771422,19,19,3,7,
13423,12885,771422,3,4,4,8,
13424,9153,771422,21,21,3,8,
13425,12472,771422,3,4,4,8,
13426,14437,771422,27,27,3,8,
13427,1776,771422,3,4,4,9,
13428,5159,771422,3,4,4,8,
13429,16014,771422,33,33,3,9,
13430,4633,771422,13,13,3,9,
13431,2270,771422,3,4,4,8,
13432,16653,771422,33,33,3,8,
13433,3223,771422,3,4,4,8,
13434,11512,771422,3,4,4,8,
13435,10355,771422,23,23,3,8,
13436,2884,771422,3,4,4,8,
13437,736,771422,3,4,4,8,
13438,1455,771422,3,4,4,8,
13439,10047,771422,3,4,4,8,
13440,14363,771422,33,33,3,8,
13441,1681,771422,3,4,4,9,
13442,14244,771422,3,4,4,8,
13443,10338,771422,27,27,3,9,
13444,9627,771422,21,21,3,8,
13445,10910,771422,3,4,4,9,
13446,12397,771422,33,33,3,9,
13447,11581,771422,29,29,3,8,
13448,10951,771422,3,4,4,8,
13449,10698,771422,3,4,4,8,
13450,13757,771422,33,33,3,8,
13451,51155,771422,17,17,3,8,
13452,11529,771422,29,29,3,9,
13453,10865,771422,3,4,4,8,
13454,8723,771422,21,21,3,8,
13455,8701,771422,3,4,4,9,
13456,1952,771422,3,4,4,8,
13457,1375,771422,3,4,4,8,
13458,2413,771422,3,4,4,8,
13459,5247,771422,15,15,3,8,
13460,36780,771422,3,4,4,8,
13461,2173,771422,3,4,4,8,
13462,50363,771422,33,33,3,8,
13463,37159,771422,15,15,3,9,
13464,2225,771422,3,4,4,8,
13465,37742,771422,3,4,4,8,
13466,45230,771422,23,23,3,8,
13467,42578,771422,25,25,3,9,
13468,39192,771422,3,4,4,8,
13469,43334,771422,17,17,3,8,
13470,20108,771422,27,27,3,9,
13471,17331,771422,25,25,3,8,
13472,1371,771422,3,4,4,8,
13473,1816,771422,3,4,4,9,
13474,11460,771422,25,25,3,8,
13475,10335,771422,29,29,3,8,
13476,12234,771422,3,4,4,9,
13477,10708,771422,3,4,4,9,
13478,4671,771422,13,13,3,8,
13479,8721,771422,3,4,4,8,
13480,4118,771422,3,4,4,8,
13481,2107,771422,3,4,4,8,
13482,13042,771422,25,25,3,8,
13483,1697,771422,3,4,4,7,
13484,3185,771422,3,4,4,7,
13485,2478,771422,3,4,4,8,
13486,8014,771422,19,19,3,8,
13487,11697,771422,3,4,4,8,
13488,7834,771422,3,4,4,8,
13489,2201,771422,3,4,4,8,
13490,1221,771422,3,4,4,7,
13491,4525,771422,13,13,3,8,
13492,12103,771422,29,29,3,8,
13493,1862,771422,3,4,4,9,
13494,12575,771422,3,4,4,8,
13495,4753,771422,3,4,4,8,
13496,1484,771422,3,4,4,9,
13497,14410,771422,33,33,3,9,
13498,9062,771422,21,21,3,8,
13499,1873,771422,3,4,4,8,
13500,2206,771422,3,4,4,9,
13501,2547,771422,3,4,4,9,
13502,11772,771422,27,27,3,8,
13503,2571,771422,3,4,4,9,
13504,11533,771422,3,4,4,8,
13505,2336,771422,3,4,4,8,
13506,13498,771422,33,33,3,8,
13507,1668,771422,3,4,4,8,
13508,12944,771422,3,4,4,9,
13509,9301,771422,25,25,3,8,
13510,10144,771422,3,4,4,9,
13511,14601,771422,33,33,3,8,
13512,5164,771422,3,4,4,9,
13513,14287,771422,3,4,4,9,
13514,17733,771422,25,25,3,8,
13515,17934,771422,3,4,4,9,
13516,15617,771422,33,33,3,9,
13517,10815,771422,21,21,3,8,
13518,8764,771422,25,25,3,8,
13519,8579,771422,3,4,4,9,
13520,16079,771422,27,27,3,9,
13521,16387,771422,3,4,4,9,
13522,1900,771423,3,4,4,9,
13523,10903,771423,13,13,3,8,
13524,12970,771423,23,23,3,8,
13525,1824,771423,3,4,4,9,
13526,1645,771423,3,4,4,8,
13527,9116,771423,17,17,3,8,
13528,15032,771423,27,27,3,9,
13529,15512,771423,3,4,4,8,
13530,2251,771423,3,4,4,8,
13531,9087,771423,15,15,3,8,
13532,20127,771423,33,33,3,8,
13533,7508,771423,17,17,3,9,
13534,1815,771423,3,4,4,8,
13535,4337,771423,3,4,4,9,
13536,8051,771423,19,19,3,8,
13537,5168,771423,13,13,3,8,
13538,8204,771423,3,4,4,8,
13539,11726,771423,27,27,3,9,
13540,11278,771423,3,4,4,8,
13541,9563,771423,19,19,3,9,
13542,7075,771423,13,13,3,8,
13543,23415,771423,25,25,3,9,
13544,2152,771423,3,4,4,9,
13545,16136,771423,25,25,3,8,
13546,8151,771423,21,21,3,8,
13547,8325,771423,3,4,4,8,
13548,16099,771423,31,31,3,9,
13549,4943,771423,3,4,4,9,
13550,16306,771423,3,4,4,9,
13551,19764,771423,31,31,3,9,
13552,11532,771423,21,21,3,8,
13553,2279,771423,3,4,4,8,
13554,1860,771423,3,4,4,9,
13555,2496,771423,3,4,4,8,
13556,19040,771423,25,25,3,9,
13557,12073,771423,19,19,3,8,
13558,13057,771423,19,19,3,9,
13559,23148,771423,33,33,3,8,
13560,1745,771423,3,4,4,9,
13561,1099,771423,3,4,4,8,
13562,14574,771423,27,27,3,8,
13563,8248,771423,3,4,4,8,
13564,10326,771423,21,21,3,9,
13565,2114,771423,3,4,4,9,
13566,13700,771423,23,23,3,9,
13567,8616,771423,21,21,3,8,
13568,6715,771423,3,4,4,8,
13569,15858,771423,27,27,3,9,
13570,12021,771423,27,27,3,9,
13571,12023,771423,3,4,4,9,
13572,1797,771423,3,4,4,9,
13573,4647,771423,3,4,4,8,
13574,13869,771423,23,23,3,9,
13575,14199,771423,3,4,4,9,
13576,12869,771423,27,27,3,9,
13577,8015,771423,17,17,3,8,
13578,11423,771423,27,27,3,8,
13579,5899,771423,3,4,4,9,
13580,10151,771423,3,4,4,8,
13581,9455,771423,21,21,3,9,
13582,9824,771423,3,4,4,9,
13583,1201,771423,3,4,4,8,
13584,9869,771423,23,23,3,8,
13585,8950,771423,21,21,3,8,
13586,10173,771423,3,4,4,9,
13587,15897,771423,31,31,3,8,
13588,7327,771423,13,13,3,9,
13589,15673,771423,3,4,4,6,
13590,7351,771423,3,4,4,8,
13591,13653,771423,27,27,3,8,
13592,12033,771423,17,17,3,8,
13593,8526,771423,17,17,3,9,
13594,8593,771423,13,13,3,8,
13595,2283,771423,3,4,4,9,
13596,2448,771423,3,4,4,9,
13597,8155,771423,13,13,3,6,
13598,7475,771423,17,17,3,7,
13599,16301,771423,31,31,3,8,
13600,7413,771423,3,4,4,8,
13601,3574,771423,3,4,4,8,
13602,8709,771423,13,13,3,7,
13603,22425,771423,29,29,3,7,
13604,8006,771423,3,4,4,6,
13605,12881,771423,23,23,3,7,
13606,20949,771423,33,33,3,8,
13607,9310,771423,3,4,4,7,
13608,23034,771423,3,4,4,8,
13609,12377,771423,3,4,4,8,
13610,9878,771423,21,21,3,9,
13611,593,771423,3,4,4,8,
13612,6648,771423,13,13,3,7,
13613,7573,771423,3,4,4,8,
13614,4336,771423,15,15,3,8,
13615,4542,771423,3,4,4,8,
13616,10000,771423,3,4,4,8,
13617,461,771423,3,4,4,8,
13618,9061,771423,19,19,3,8,
13619,9450,771423,3,4,4,8,
13620,11722,771423,17,17,3,8,
13621,12227,771423,3,4,4,8,
13622,8722,771423,13,13,3,8,
13623,14338,771423,23,23,3,8,
13624,16453,771423,33,33,3,8,
13625,14419,771423,19,19,3,8,
13626,17365,771423,3,4,4,9,
13627,2185,771423,3,4,4,8,
13628,9131,771423,13,13,3,8,
13629,17446,771423,19,19,3,9,
13630,16833,771423,3,4,4,8,
13631,25564,771423,23,23,3,8,
13632,6947,771423,13,13,3,9,
13633,13197,771423,27,27,3,9,
13634,22091,771423,31,31,3,8,
13635,24112,771423,29,29,3,8,
13636,9696,771423,13,13,3,9,
13637,15030,771423,21,21,3,8,
13638,10769,771423,13,13,3,9,
13639,8263,771423,15,15,3,8,
13640,2147,771423,3,4,4,9,
13641,4018,771423,3,4,4,8,
13642,2459,771423,3,4,4,8,
13643,2749,771423,3,4,4,8,
13644,3773,771423,3,4,4,8,
13645,3119,771423,3,4,4,8,
13646,8797,771423,13,13,3,8,
13647,14882,771423,23,23,3,8,
13648,23750,771423,27,27,3,8,
13649,23413,771423,3,4,4,8,
13650,15345,771423,3,4,4,8,
13651,8639,771423,3,4,4,9,
13652,7094,771423,3,4,4,8,
13653,4860,771423,3,4,4,8,
13654,15513,771423,25,25,3,9,
13655,20508,771423,27,27,3,8,
13656,15414,771423,3,4,4,8,
13657,21784,771423,23,23,3,8,
13658,15938,771423,21,21,3,8,
13659,27342,771423,19,19,3,9,
13660,2195,771423,3,4,4,9,
13661,1754,771423,3,4,4,9,
13662,14573,771423,27,27,3,9,
13663,11935,771423,21,21,3,8,
13664,1664,771423,3,4,4,8,
13665,2405,771423,3,4,4,9,
13666,3382,771423,3,4,4,9,
13667,15097,771423,29,29,3,9,
13668,3191,771423,3,4,4,8,
13669,15555,771423,3,4,4,8,
13670,16412,771423,29,29,3,8,
13671,2101,771423,3,4,4,9,
13672,1307,771423,3,4,4,8,
13673,33993,771423,31,31,3,8,
13674,16668,771423,33,33,3,8,
13675,16838,771423,3,4,4,8,
13676,2265,771423,3,4,4,8,
13677,11564,771423,27,27,3,8,
13678,1473,771423,3,4,4,9,
13679,11808,771423,29,30,3,9,
13680,12051,771423,3,4,4,9,
13681,5464,771423,3,4,4,9,
13682,2907,771423,3,4,4,9,
13683,8718,771423,13,13,3,9,
13684,8918,771423,3,4,4,8,
13685,15392,771423,17,17,3,8,
13686,2776,771423,3,4,4,9,
13687,2444,771423,3,4,4,9,
13688,2314,771423,3,4,4,8,
13689,28090,771423,31,31,3,8,
13690,17827,771423,29,29,3,9,
13691,15619,771423,23,23,3,9,
13692,7587,771423,13,13,3,8,
13693,11493,771423,23,23,3,8,
13694,23732,771423,25,25,3,8,
13695,2127,771423,3,4,4,9,
13696,2618,771423,3,4,4,9,
13697,1886,771423,3,4,4,8,
13698,28060,771423,29,29,3,8,
13699,20817,771423,23,24,3,8,
13700,16069,771423,33,33,3,8,
13701,6181,771423,3,4,4,9,
13702,6877,771423,3,4,4,9,
13703,8562,771423,13,13,3,8,
13704,10445,771423,21,21,3,9,
13705,19889,771423,29,29,3,8,
13706,10707,771423,3,4,4,8,
13707,7663,771423,13,13,3,9,
13708,11834,771423,3,4,4,7,
13709,19397,771423,33,33,3,8,
13710,37999,771423,29,30,3,9,
13711,7791,771423,13,13,3,9,
13712,11379,771423,19,19,3,8,
13713,9666,771423,17,17,3,8,
13714,6768,771423,3,4,4,8,
13715,11148,771423,3,4,4,9,
13716,2023,771423,3,4,4,7,
13717,21218,771423,25,25,3,8,
13718,1956,771423,3,4,4,7,
13719,21199,771423,3,4,4,7,
13720,7108,771423,15,15,3,8,
13721,10472,771423,17,17,3,9,
13722,6837,771423,13,13,3,8,
13723,2372,771423,3,4,4,8,
13724,10135,771423,3,4,4,9,
13725,20209,771423,33,33,3,9,
13726,20146,771423,3,4,4,9,
13727,8136,771423,21,21,3,8,
13728,1421,771423,3,4,4,8,
13729,11440,771423,25,25,3,8,
13730,12443,771423,3,4,4,9,
13731,19432,771423,33,33,3,9,
13732,23720,771423,31,31,3,8,
13733,10371,771423,3,4,4,8,
13734,11458,771423,25,25,3,8,
13735,7923,771423,13,13,3,8,
13736,11278,771423,3,4,4,8,
13737,14939,771423,21,21,3,9,
13738,18370,771423,21,21,3,8,
13739,20306,771423,3,4,4,8,
13740,1426,771423,3,4,4,8,
13741,9462,771423,17,17,3,8,
13742,9369,771423,3,4,4,8,
13743,10487,771423,21,21,3,8,
13744,14124,771423,21,21,3,8,
13745,852,771423,3,4,4,8,
13746,7652,771423,27,27,3,8,
13747,9504,771423,3,4,4,9,
13748,8916,771423,3,4,4,7,
13749,2304,771423,3,4,4,9,
13750,4830,771423,3,4,4,8,
13751,6156,771423,15,15,3,8,
13752,9184,771423,17,17,3,8,
13753,16673,771423,25,25,3,8,
13754,4237,771423,3,4,4,8,
13755,15734,771423,3,4,4,8,
13756,3356,771423,3,4,4,9,
13757,3649,771423,3,4,4,8,
13758,5473,771423,3,4,4,7,
13759,17371,771423,29,29,3,8,
13760,19843,771423,21,21,3,7,
13761,2252,771423,3,4,4,8,
13762,31782,771423,33,33,3,9,
13763,2515,771423,3,4,4,8,
13764,27207,771423,33,33,3,7,
13765,1730,771423,3,4,4,8,
13766,24507,771423,29,29,3,7,
13767,992,771423,3,4,4,8,
13768,2256,771423,3,4,4,8,
13769,17274,771423,25,25,3,9,
13770,1562,771423,3,4,4,9,
13771,11527,771423,13,13,3,9,
13772,14252,771423,19,19,3,8,
13773,16315,771423,23,23,3,8,
13774,23746,771423,23,23,3,9,
13775,2646,771423,3,4,4,8,
13776,4186,771423,3,4,4,8,
13777,20606,771423,33,33,3,8,
13778,22063,771423,3,4,4,8,
13779,24172,771423,27,27,3,8,
13780,2416,771423,3,4,4,9,
13781,2429,771423,3,4,4,9,
13782,2785,771423,3,4,4,8,
13783,3506,771423,3,4,4,7,
13784,9125,771423,3,4,4,8,
13785,24458,771423,33,33,3,8,
13786,11336,771423,21,21,3,8,
13787,12556,771423,21,21,3,8,
13788,16458,771423,25,25,3,8,
13789,9718,771423,3,4,4,9,
13790,17721,771423,19,19,3,9,
13791,17420,771423,3,4,4,8,
13792,2625,771423,3,4,4,8,
13793,19640,771423,33,33,3,8,
13794,20315,771423,3,4,4,8,
13795,18102,771423,31,31,3,8,
13796,14830,771423,25,25,3,8,
13797,15738,771423,29,29,3,9,
13798,5170,771423,13,13,3,9,
13799,9791,771423,3,4,4,7,
13800,2629,771423,3,4,4,9,
13801,12429,771423,19,19,3,8,
13802,2008,771423,3,4,4,8,
13803,12185,771423,15,15,3,8,
13804,1177,771423,3,4,4,8,
13805,17663,771423,27,27,3,7,
13806,5830,771423,13,13,3,8,
13807,18277,771423,3,4,4,8,
13808,6761,771423,3,4,4,9,
13809,15759,771423,31,31,3,8,
13810,11564,771423,23,23,3,8,
13811,11760,771423,17,17,3,8,
13812,11825,771423,3,4,4,9,
13813,17804,771423,29,29,3,9,
13814,32303,771423,23,23,3,8,
13815,3221,771423,3,4,4,9,
13816,2343,771423,3,4,4,9,
13817,2218,771423,3,4,4,8,
13818,1930,771423,3,4,4,9,
13819,3741,771423,3,4,4,8,
13820,16816,771423,23,23,3,8,
13821,16133,771423,29,29,3,8,
13822,19045,771423,33,33,3,9,
13823,16352,771423,3,4,4,8,
13824,13096,771423,21,21,3,8,
13825,15018,771423,23,23,3,9,
13826,19961,771423,31,31,3,8,
13827,20018,771423,27,27,3,8,
13828,3955,771423,13,13,3,9,
13829,7015,771423,13,13,3,8,
13830,13143,771423,25,25,3,8,
13831,4244,771423,3,4,4,8,
13832,2407,771423,3,4,4,9,
13833,8379,771423,19,19,3,8,
13834,11650,771423,21,21,3,8,
13835,11864,771423,3,4,4,9,
13836,1602,771423,3,4,4,8,
13837,1230,771423,3,4,4,8,
13838,4348,771423,3,4,4,8,
13839,11609,771423,23,23,3,9,
13840,17926,771423,19,19,3,8,
13841,3343,771423,3,4,4,8,
13842,6164,771423,3,4,4,8,
13843,19186,771423,33,33,3,8,
13844,7988,771423,17,17,3,8,
13845,16933,771423,27,27,3,9,
13846,10236,771423,15,15,3,9,
13847,22174,771423,31,32,3,8,
13848,1861,771423,3,4,4,8,
13849,14034,771423,25,25,3,8,
13850,7892,771423,17,17,3,9,
13851,7574,771423,3,4,4,9,
13852,10268,771423,21,21,3,8,
13853,19468,771423,33,33,3,9,
13854,6750,771423,3,4,4,9,
13855,1476,771423,3,4,4,9,
13856,15773,771423,25,25,3,9,
13857,4029,771423,3,4,4,8,
13858,8474,771423,17,17,3,9,
13859,2745,771423,3,4,4,8,
13860,16514,771423,31,31,3,8,
13861,10369,771423,3,4,4,8,
13862,7718,771423,3,4,4,9,
13863,2567,771423,3,4,4,8,
13864,16038,771423,3,4,4,9,
13865,1906,771423,3,4,4,9,
13866,1413,771423,3,4,4,8,
13867,1727,771423,3,4,4,9,
13868,7330,771423,19,19,3,8,
13869,22882,771423,31,31,3,9,
13870,23101,771423,3,4,4,9,
13871,982,771423,3,4,4,9,
13872,16132,771423,31,31,3,9,
13873,13441,771423,25,25,3,9,
13874,2380,771423,3,4,4,9,
13875,2835,771423,3,4,4,9,
13876,13700,771423,29,29,3,8,
13877,2453,771423,3,4,4,9,
13878,13126,771423,27,27,3,8,
13879,17154,771423,27,27,3,9,
13880,17377,771423,3,4,4,8,
13881,12814,771423,17,17,3,9,
13882,14737,771423,27,27,3,8,
13883,2370,771423,3,4,4,9,
13884,14084,771423,23,23,3,9,
13885,20649,771423,21,21,3,8,
13886,4450,771423,15,15,3,8,
13887,28015,771423,25,25,3,9,
13888,2910,771423,3,4,4,8,
13889,3805,771423,3,4,4,8,
13890,13094,771423,17,17,3,8,
13891,14682,771423,19,19,3,8,
13892,23963,771423,31,31,3,8,
13893,10952,771423,21,21,3,9,
13894,1302,771423,3,4,4,8,
13895,12803,771423,23,23,3,8,
13896,1617,771423,3,4,4,9,
13897,1287,771423,3,4,4,9,
13898,23504,771423,27,27,3,9,
13899,14104,771423,21,21,3,8,
13900,9781,771423,21,21,3,9,
13901,1881,771423,3,4,4,9,
13902,18511,771423,33,33,3,9,
13903,12529,771423,23,23,3,8,
13904,15565,771423,23,23,3,8,
13905,3918,771423,3,4,4,9,
13906,15166,771423,21,21,3,8,
13907,1196,771423,3,4,4,8,
13908,1361,771423,3,4,4,9,
13909,1581,771423,3,4,4,8,
13910,9851,771423,17,17,3,9,
13911,10756,771423,25,25,3,9,
13912,11415,771423,3,4,4,9,
13913,8860,771423,19,19,3,8,
13914,22430,771423,29,29,3,9,
13915,5149,771423,3,4,4,9,
13916,10204,771423,23,23,3,9,
13917,9444,771423,3,4,4,8,
13918,3267,771423,3,4,4,7,
13919,13654,771423,33,33,3,8,
13920,2020,771423,3,4,4,8,
13921,3270,771423,3,4,4,8,
13922,1738,771423,3,4,4,8,
13923,2378,771423,3,4,4,9,
13924,17679,771423,31,31,3,7,
13925,10123,771423,21,21,3,8,
13926,1679,771423,3,4,4,9,
13927,2852,771423,3,4,4,9,
13928,8930,771423,3,4,4,7,
13929,17161,771423,3,4,4,8,
13930,14696,771423,27,27,3,8,
13931,14243,771423,3,4,4,8,
13932,12002,771423,23,23,3,8,
13933,11744,771423,27,27,3,8,
13934,960,771423,3,4,4,8,
13935,8556,771423,19,19,3,7,
13936,1416,771423,3,4,4,9,
13937,1809,771423,3,4,4,9,
13938,9095,771423,17,17,3,8,
13939,8101,771423,3,4,4,8,
13940,10815,771423,25,25,3,9,
13941,1698,771423,3,4,4,7,
13942,1245,771423,3,4,4,7,
13943,3105,771423,3,4,4,8,
13944,3414,771423,3,4,4,7,
13945,1906,771423,3,4,4,9,
13946,7231,771423,13,13,3,7,
13947,2439,771423,3,4,4,7,
13948,16849,771423,33,33,3,8,
13949,13916,771423,23,23,3,9,
13950,17025,771423,3,4,4,8,
13951,6365,771423,3,4,4,8,
13952,2258,771423,3,4,4,8,
13953,9909,771423,17,17,3,8,
13954,3463,771423,3,4,4,8,
13955,8166,771423,15,15,3,9,
13956,8038,771423,3,4,4,8,
13957,1291,771423,3,4,4,8,
13958,13531,771423,25,25,3,8,
13959,2246,771423,3,4,4,8,
13960,13255,771423,3,4,4,9,
13961,1716,771423,3,4,4,9,
13962,1306,771423,3,4,4,8,
13963,11435,771423,25,25,3,8,
13964,6509,771423,13,13,3,8,
13965,11784,771423,3,4,4,8,
13966,2426,771423,3,4,4,8,
13967,12115,771423,23,23,3,7,
13968,10141,771423,17,17,3,7,
13969,17346,771423,31,31,3,9,
13970,1490,771423,3,4,4,9,
13971,8039,771423,3,4,4,8,
13972,2047,771423,3,4,4,8,
13973,1785,771423,3,4,4,9,
13974,16312,771423,33,33,3,7,
13975,2313,771423,3,4,4,8,
13976,16038,771423,27,27,3,8,
13977,1859,771423,3,4,4,8,
13978,1975,771423,3,4,4,8,
13979,11655,771423,21,21,3,8,
13980,2037,771423,3,4,4,9,
13981,11410,771423,3,4,4,7,
13982,1777,771423,3,4,4,8,
13983,2417,771423,3,4,4,8,
13984,8801,771423,21,21,3,9,
13985,2282,771423,3,4,4,9,
13986,10308,771423,17,17,3,9,
13987,12180,771423,21,21,3,8,
13988,9890,771423,3,4,4,8,
13989,11884,771423,3,4,4,8,
13990,5394,771423,13,13,3,9,
13991,5467,771423,3,4,4,8,
13992,2120,771423,3,4,4,8,
13993,81982,771423,17,17,3,8,
13994,170147,771423,23,23,3,7,
13995,1885,771423,3,4,4,7,
13996,177749,771423,21,21,3,6,
13997,181237,771423,29,29,3,5,
13998,180856,771423,33,33,3,6,
13999,2952,771423,3,4,4,7,
14000,195931,771423,33,33,3,4,
14001,168611,771423,21,21,3,5,
14002,155374,771423,15,15,3,6,
14003,61787,771423,3,4,4,8,
14004,151979,771423,3,4,4,8,
14005,44254,771423,3,4,4,4,
14006,4138,771423,3,4,4,1,
14007,3603,771423,3,4,4,1,
14008,1935,771423,3,4,4,0,
14009,18412,771423,27,27,3,4,
14010,4768,771423,3,4,4,3,
14011,15426,771423,29,29,3,5,
14012,11600,771423,19,19,3,6,
14013,15705,771423,25,25,3,6,
14014,16826,771423,3,4,4,6,
14015,17257,771423,3,4,4,7,
14016,12703,771423,25,25,3,7,
14017,1088,771423,3,4,4,7,
14018,13769,771423,3,4,4,8,
14019,6466,771423,15,15,3,8,
14020,3237,771423,3,4,4,9,
14021,3915,771423,3,4,4,9,
14022,1607,771423,3,4,4,8,
14023,10329,771423,23,23,3,8,
14024,3022,771423,3,4,4,7,
14025,10657,771423,3,4,4,8,
14026,3043,771423,3,4,4,7,
14027,29555,771423,29,29,3,8,
14028,16695,771423,29,29,3,8,
14029,29701,771423,3,4,4,7,
14030,19158,771423,25,25,3,8,
14031,1661,771423,3,4,4,8,
14032,12629,771423,21,21,3,7,
14033,18284,771423,33,33,3,8,
14034,9681,771423,15,15,3,8,
14035,11369,771423,3,4,4,9,
14036,21496,771423,33,33,3,8,
14037,7673,771423,17,17,3,8,
14038,19325,771423,25,25,3,9,
14039,20939,771423,27,27,3,8,
14040,3150,771423,3,4,4,9,
14041,3315,771423,3,4,4,8,
14042,23086,771423,33,33,3,8,
14043,13895,771423,23,23,3,8,
14044,2233,771423,3,4,4,8,
14045,12676,771423,3,4,4,8,
14046,11418,771423,19,20,3,8,
14047,14537,771423,15,15,3,8,
14048,12463,771423,17,17,3,7,
14049,17744,771423,25,25,3,8,
14050,12197,771423,3,4,4,7,
14051,3982,771423,3,4,4,8,
14052,19953,771423,33,33,3,8,
14053,9382,771423,13,13,3,8,
14054,21984,771423,27,27,3,9,
14055,2858,771423,3,4,4,9,
14056,2420,771423,3,4,4,8,
14057,16481,771423,3,4,4,9,
14058,1413,771423,3,4,4,8,
14059,12769,771423,23,23,3,8,
14060,8050,771423,3,4,4,8,
14061,12032,771423,3,4,4,7,
14062,13595,771423,3,4,4,7,
14063,7664,771423,19,19,3,8,
14064,18563,771423,27,27,3,9,
14065,10920,771423,23,23,3,7,
14066,7403,771423,13,13,3,9,
14067,11618,771423,3,4,4,8,
14068,2238,771423,3,4,4,8,
14069,10306,771423,23,23,3,8,
14070,2425,771423,3,4,4,8,
14071,2794,771423,3,4,4,8,
14072,45171,771423,13,13,3,8,
14073,2671,771423,3,4,4,8,
14074,1806,771423,3,4,4,8,
14075,2808,771423,3,4,4,8,
14076,43077,771423,25,25,3,7,
14077,1092,771423,3,4,4,8,
14078,7681,771423,13,13,3,8,
14079,3045,771423,3,4,4,8,
14080,4599,771423,3,4,4,8,
14081,33155,771423,3,4,4,8,
14082,41534,771423,3,4,4,8,
14083,38823,771423,19,19,3,7,
14084,3133,771423,3,4,4,8,
14085,35978,771423,15,15,3,8,
14086,45702,771423,27,27,3,9,
14087,45814,771423,23,23,3,9,
14088,76219,771423,33,33,3,8,
14089,33899,771423,3,4,4,8,
14090,5610,771423,3,4,4,8,
14091,3078,771423,3,4,4,8,
14092,24664,771423,31,31,3,8,
14093,16099,771423,15,15,3,8,
14094,28800,771423,33,33,3,8,
14095,1680,771423,3,4,4,8,
14096,16997,771423,23,23,3,9,
14097,21144,771423,29,29,3,8,
14098,32739,771423,31,31,3,8,
14099,9557,771423,13,13,3,9,
14100,26507,771423,31,31,3,8,
14101,20783,771423,23,23,3,8,
14102,15312,771423,3,4,4,8,
14103,3503,771423,3,4,4,9,
14104,18442,771423,19,19,3,8,
14105,23398,771423,27,27,3,9,
14106,13270,771423,3,4,4,7,
14107,17577,771423,23,23,3,9,
14108,1654,771423,3,4,4,8,
14109,4299,771423,3,4,4,8,
14110,11516,771423,3,4,4,8,
14111,4099,771423,3,4,4,8,
14112,7897,771423,3,4,4,8,
14113,1654,771423,3,4,4,8,
14114,1682,771423,3,4,4,7,
14115,22333,771423,31,31,3,8,
14116,23418,771423,17,17,3,8,
14117,15301,771423,19,19,3,8,
14118,25054,771423,29,29,3,8,
14119,26586,771423,3,4,4,8,
14120,2676,771423,3,4,4,8,
14121,2116,771423,3,4,4,8,
14122,27107,771423,31,31,3,8,
14123,18951,771423,3,4,4,8,
14124,1909,771423,3,4,4,8,
14125,22605,771423,27,27,3,8,
14126,18245,771423,15,15,3,8,
14127,18091,771423,3,4,4,9,
14128,12922,771423,15,15,3,9,
14129,12489,771423,17,17,3,9,
14130,9146,771423,21,21,3,9,
14131,9597,771423,3,4,4,8,
14132,16138,771423,31,31,3,8,
14133,14458,771423,25,25,3,9,
14134,18519,771423,27,27,3,8,
14135,15862,771423,3,4,4,9,
14136,6714,771423,13,13,3,9,
14137,16763,771423,27,27,3,8,
14138,5555,771423,3,4,4,9,
14139,20405,771423,27,27,3,8,
14140,13937,771423,31,31,3,8,
14141,18334,771423,21,21,3,8,
14142,8647,771423,19,19,3,9,
14143,8542,771423,3,4,4,8,
14144,10998,771423,19,19,3,9,
14145,2135,771423,3,4,4,9,
14146,8863,771423,19,19,3,8,
14147,9352,771423,3,4,4,9,
14148,13088,771423,25,25,3,8,
14149,8527,771423,3,4,4,8,
14150,21222,771423,29,30,3,9,
14151,16406,771423,33,33,3,8,
14152,8765,771423,19,19,3,9,
14153,12373,771423,23,23,3,8,
14154,10616,771423,17,17,3,8,
14155,1327,771423,3,4,4,8,
14156,1763,771423,3,4,4,9,
14157,10345,771423,3,4,4,9,
14158,17507,771423,33,33,3,8,
14159,4570,771423,13,13,3,9,
14160,5247,771423,3,4,4,9,
14161,17012,771423,33,33,3,9,
14162,9778,771423,3,4,4,9,
14163,10416,771423,25,25,3,9,
14164,10361,771423,3,4,4,9,
14165,15443,771423,31,31,3,9,
14166,10627,771423,3,4,4,8,
14167,12008,771423,29,29,3,8,
14168,7830,771423,3,4,4,8,
14169,1708,771423,3,4,4,9,
14170,1668,771423,3,4,4,8,
14171,17177,771423,31,31,3,9,
14172,2096,771423,3,4,4,8,
14173,17186,771423,29,29,3,9,
14174,10754,771423,19,19,3,9,
14175,2084,771423,3,4,4,8,
14176,10715,771423,3,4,4,8,
14177,1619,771423,3,4,4,8,
14178,17497,771423,25,25,3,8,
14179,2111,771423,3,4,4,8,
14180,15623,771423,25,25,3,8,
14181,14226,771423,23,23,3,9,
14182,2620,771423,3,4,4,8,
14183,14540,771423,3,4,4,9,
14184,1308,771423,3,4,4,9,
14185,14609,771423,31,31,3,9,
14186,10333,771423,21,21,3,8,
14187,11994,771423,25,25,3,9,
14188,9302,771423,19,19,3,9,
14189,2070,771423,3,4,4,9,
14190,8659,771423,15,15,3,9,
14191,27370,771423,27,27,3,9,
14192,16981,771423,31,31,3,8,
14193,9462,771423,23,23,3,8,
14194,3994,771423,3,4,4,9,
14195,16471,771423,3,4,4,7,
14196,6730,771423,15,15,3,9,
14197,13707,771423,29,29,3,8,
14198,1919,771423,3,4,4,8,
14199,12171,771423,27,27,3,9,
14200,11779,771423,25,26,3,7,
14201,13149,771423,3,4,4,9,
14202,20725,771423,3,4,4,8,
14203,2177,771423,3,4,4,9,
14204,1555,771423,3,4,4,9,
14205,22834,771423,29,29,3,9,
14206,11204,771423,19,19,3,9,
14207,1132,771424,3,4,4,6,
14208,1013,771424,3,4,4,6,
14209,10269,771424,15,15,3,7,
14210,17066,771424,27,27,3,7,
14211,20432,771424,23,23,3,8,
14212,11261,771424,3,4,4,7,
14213,16144,771424,31,31,3,8,
14214,20594,771424,3,4,4,8,
14215,10928,771424,3,4,4,8,
14216,2038,771424,3,4,4,8,
14217,521,771424,3,4,4,7,
14218,34037,771424,19,19,3,8,
14219,27442,771424,29,29,3,8,
14220,38418,771424,29,29,3,8,
14221,40053,771424,31,32,3,8,
14222,7905,771424,13,13,3,8,
14223,24495,771424,29,29,3,8,
14224,24818,771424,3,4,4,8,
14225,9378,771424,3,4,4,8,
14226,582,771424,3,4,4,8,
14227,40248,771424,33,33,3,7,
14228,34163,771424,33,33,3,8,
14229,7161,771424,3,4,4,8,
14230,2289,771424,3,4,4,9,
14231,1908,771424,3,4,4,8,
14232,10522,771424,21,21,3,8,
14233,11551,771424,3,4,4,8,
14234,11626,771424,3,4,4,9,
14235,21663,771424,29,30,3,8,
14236,13637,771424,15,15,3,9,
14237,18898,771424,31,31,3,8,
14238,2134,771424,3,4,4,8,
14239,2068,771424,3,4,4,8,
14240,11853,771424,19,19,3,9,
14241,2637,771424,3,4,4,8,
14242,24597,771424,29,29,3,8,
14243,15308,771424,3,4,4,9,
14244,2171,771424,3,4,4,9,
14245,1783,771424,3,4,4,9,
14246,1825,771424,3,4,4,9,
14247,16467,771424,27,27,3,9,
14248,7617,771424,13,13,3,8,
14249,9490,771424,3,4,4,8,
14250,5311,771424,3,4,4,7,
14251,18876,771424,19,19,3,8,
14252,10064,771424,3,4,4,7,
14253,1694,771424,3,4,4,7,
14254,19217,771424,13,13,3,8,
14255,23156,771424,31,31,3,8,
14256,3156,771424,3,4,4,8,
14257,18309,771424,3,4,4,8,
14258,11901,771424,23,23,3,8,
14259,1848,771424,3,4,4,8,
14260,8704,771424,19,19,3,8,
14261,27148,771424,33,33,3,8,
14262,3968,771424,3,4,4,8,
14263,5103,771424,3,4,4,9,
14264,6713,771424,17,17,3,8,
14265,21661,771424,31,31,3,8,
14266,20286,771424,3,4,4,9,
14267,9056,771424,3,4,4,7,
14268,11679,771424,19,19,3,9,
14269,11132,771424,21,21,3,8,
14270,30510,771424,21,21,3,9,
14271,2353,771424,3,4,4,9,
14272,2744,771424,3,4,4,8,
14273,1454,771424,3,4,4,8,
14274,7741,771424,19,19,3,8,
14275,554,771424,3,4,4,7,
14276,7876,771424,3,4,4,7,
14277,16098,771424,29,29,3,8,
14278,16856,771424,3,4,4,9,
14279,8245,771424,3,4,4,9,
14280,14705,771424,17,17,3,8,
14281,30986,771424,31,32,3,8,
14282,20715,771424,21,21,3,8,
14283,13642,771424,19,19,3,9,
14284,20491,771424,3,4,4,8,
14285,18292,771424,31,31,3,9,
14286,18899,771424,3,4,4,8,
14287,1572,771424,3,4,4,9,
14288,2530,771424,3,4,4,8,
14289,26029,771424,21,21,3,8,
14290,12149,771424,15,15,3,8,
14291,18835,771424,33,33,3,8,
14292,16847,771424,19,19,3,8,
14293,9187,771424,3,4,4,9,
14294,18601,771424,15,15,3,8,
14295,1772,771424,3,4,4,9,
14296,2087,771424,3,4,4,8,
14297,17603,771424,3,4,4,9,
14298,2423,771424,3,4,4,8,
14299,29501,771424,31,31,3,9,
14300,12978,771424,19,19,3,8,
14301,46323,771424,29,29,3,9,
14302,18244,771424,23,23,3,9,
14303,1477,771424,3,4,4,8,
14304,2409,771424,3,4,4,8,
14305,19355,771424,13,13,3,8,
14306,21594,771424,21,21,3,9,
14307,17730,771424,21,21,3,9,
14308,20508,771424,21,21,3,8,
14309,15909,771424,3,4,4,8,
14310,1768,771424,3,4,4,9,
14311,5790,771424,15,15,3,9,
14312,5664,771424,3,4,4,9,
14313,26261,771424,25,25,3,8,
14314,2184,771424,3,4,4,9,
14315,15987,771424,21,21,3,9,
14316,24250,771424,17,17,3,8,
14317,8871,771424,3,4,4,9,
14318,25545,771424,23,23,3,9,
14319,1622,771424,3,4,4,9,
14320,13694,771424,19,19,3,8,
14321,1380,771424,3,4,4,8,
14322,1523,771424,3,4,4,8,
14323,3743,771424,3,4,4,8,
14324,3049,771424,3,4,4,8,
14325,3279,771424,3,4,4,8,
14326,20867,771424,27,27,3,9,
14327,3406,771424,3,4,4,8,
14328,18010,771424,3,4,4,8,
14329,20748,771424,23,23,3,9,
14330,10299,771424,3,4,4,8,
14331,6031,771424,13,13,3,8,
14332,9609,771424,3,4,4,9,
14333,19056,771424,19,19,3,8,
14334,12784,771424,3,4,4,8,
14335,19006,771424,27,27,3,8,
14336,1331,771424,3,4,4,8,
14337,20482,771424,23,23,3,9,
14338,18376,771424,21,21,3,8,
14339,1528,771424,3,4,4,8,
14340,2221,771424,3,4,4,8,
14341,25279,771424,31,31,3,9,
14342,835,771424,3,4,4,8,
14343,21835,771424,33,33,3,8,
14344,23591,771424,29,29,3,8,
14345,35737,771424,25,25,3,9,
14346,2273,771424,3,4,4,9,
14347,10081,771424,15,15,3,8,
14348,16232,771424,25,25,3,9,
14349,1194,771424,3,4,4,8,
14350,13744,771424,27,27,3,8,
14351,16741,771424,33,33,3,9,
14352,18895,771424,25,25,3,8,
14353,8466,771424,3,4,4,8,
14354,18465,771424,3,4,4,8,
14355,33806,771424,27,27,3,8,
14356,8404,771424,23,23,3,8,
14357,7963,771424,17,17,3,7,
14358,9040,771424,3,4,4,7,
14359,7698,771424,3,4,4,7,
14360,18174,771424,31,31,3,9,
14361,21798,771424,25,25,3,9,
14362,2330,771424,3,4,4,8,
14363,14188,771424,23,23,3,8,
14364,16317,771424,19,19,3,7,
14365,1808,771424,3,4,4,8,
14366,1344,771424,3,4,4,8,
14367,26329,771424,33,33,3,8,
14368,15171,771424,19,19,3,9,
14369,14863,771424,3,4,4,8,
14370,19329,771424,31,31,3,9,
14371,11150,771424,17,17,3,9,
14372,24454,771424,31,31,3,9,
14373,4064,771424,3,4,4,8,
14374,7478,771424,3,4,4,8,
14375,26369,771424,31,31,3,8,
14376,1984,771424,3,4,4,8,
14377,9507,771424,23,23,3,7,
14378,11033,771424,17,17,3,8,
14379,24578,771424,3,4,4,8,
14380,15230,771424,27,27,3,8,
14381,16598,771424,31,31,3,8,
14382,15703,771424,23,23,3,8,
14383,13111,771424,17,17,3,9,
14384,12619,771424,3,4,4,8,
14385,15587,771424,27,27,3,9,
14386,6183,771424,3,4,4,9,
14387,25294,771424,27,27,3,8,
14388,2082,771424,3,4,4,8,
14389,12935,771424,17,17,3,9,
14390,13109,771424,23,23,3,8,
14391,19761,771424,15,15,3,9,
14392,8590,771424,13,13,3,8,
14393,16219,771424,33,33,3,8,
14394,24813,771424,27,27,3,9,
14395,2116,771424,3,4,4,9,
14396,9032,771424,19,19,3,8,
14397,1695,771424,3,4,4,9,
14398,16191,771424,27,27,3,9,
14399,4677,771424,13,13,3,9,
14400,18536,771424,3,4,4,8,
14401,8477,771424,3,4,4,8,
14402,6631,771424,3,4,4,8,
14403,17575,771424,15,15,3,9,
14404,16155,771424,21,21,3,9,
14405,834,771424,3,4,4,8,
14406,2380,771424,3,4,4,8,
14407,19320,771424,27,27,3,8,
14408,7225,771424,13,13,3,8,
14409,1417,771424,3,4,4,9,
14410,16791,771424,17,17,3,8,
14411,716,771424,3,4,4,8,
14412,1081,771424,3,4,4,8,
14413,24281,771424,31,31,3,8,
14414,29427,771424,33,33,3,8,
14415,17384,771424,21,21,3,8,
14416,1501,771424,3,4,4,8,
14417,12485,771424,21,21,3,8,
14418,1075,771424,3,4,4,8,
14419,12593,771424,19,19,3,9,
14420,13037,771424,3,4,4,8,
14421,6563,771424,19,19,3,9,
14422,16674,771424,27,27,3,8,
14423,16931,771424,3,4,4,8,
14424,7909,771424,23,23,3,9,
14425,3307,771424,3,4,4,8,
14426,3010,771424,3,4,4,8,
14427,12465,771424,23,23,3,8,
14428,8201,771424,15,15,3,8,
14429,2246,771424,3,4,4,8,
14430,13828,771424,25,25,3,9,
14431,2383,771424,3,4,4,8,
14432,2026,771424,3,4,4,8,
14433,2277,771424,3,4,4,8,
14434,7830,771424,3,4,4,8,
14435,14031,771424,31,31,3,8,
14436,15145,771424,3,4,4,8,
14437,1139,771424,3,4,4,9,
14438,1808,771424,3,4,4,8,
14439,10946,771424,13,13,3,8,
14440,7586,771424,3,4,4,9,
14441,16560,771424,21,21,3,8,
14442,3366,771424,3,4,4,9,
14443,15705,771424,33,33,3,8,
14444,17182,771424,19,19,3,8,
14445,11613,771424,27,27,3,9,
14446,20098,771424,27,27,3,8,
14447,17769,771424,29,29,3,8,
14448,21885,771424,13,13,3,9,
14449,7913,771424,3,4,4,8,
14450,12440,771424,19,19,3,9,
14451,11918,771424,3,4,4,9,
14452,18041,771424,31,31,3,9,
14453,8884,771424,17,17,3,8,
14454,11396,771424,25,25,3,9,
14455,15815,771424,3,4,4,8,
14456,7272,771424,13,13,3,9,
14457,19730,771424,31,31,3,8,
14458,6418,771424,3,4,4,8,
14459,12058,771424,13,13,3,7,
14460,10458,771424,17,17,3,9,
14461,8207,771424,19,19,3,9,
14462,22498,771424,21,21,3,9,
14463,2630,771424,3,4,4,9,
14464,20977,771424,27,27,3,8,
14465,1497,771424,3,4,4,8,
14466,11112,771424,19,19,3,7,
14467,12159,771424,3,4,4,8,
14468,1115,771424,3,4,4,8,
14469,1660,771424,3,4,4,7,
14470,16605,771424,29,29,3,8,
14471,14769,771424,19,19,3,8,
14472,1037,771424,3,4,4,8,
14473,1924,771424,3,4,4,8,
14474,22220,771424,29,29,3,8,
14475,1906,771424,3,4,4,9,
14476,2474,771424,3,4,4,9,
14477,2597,771424,3,4,4,8,
14478,831,771424,3,4,4,7,
14479,12781,771424,21,21,3,8,
14480,982,771424,3,4,4,7,
14481,13373,771424,21,21,3,9,
14482,743,771424,3,4,4,7,
14483,12773,771424,3,4,4,8,
14484,7152,771424,13,13,3,8,
14485,7733,771424,3,4,4,9,
14486,11197,771424,27,27,3,8,
14487,12728,771424,27,27,3,9,
14488,28238,771424,31,31,3,9,
14489,12088,771424,3,4,4,9,
14490,5479,771424,13,13,3,9,
14491,5551,771424,3,4,4,8,
14492,13362,771424,29,29,3,9,
14493,9267,771424,19,19,3,8,
14494,9163,771424,3,4,4,9,
14495,11856,771424,19,19,3,8,
14496,10953,771424,3,4,4,8,
14497,10954,771424,17,17,3,8,
14498,32191,771424,15,15,3,9,
14499,1575,771424,3,4,4,9,
14500,902,771424,3,4,4,8,
14501,24268,771424,33,33,3,8,
14502,39161,771424,19,19,3,8,
14503,5821,771424,13,13,3,9,
14504,5951,771424,3,4,4,8,
14505,1968,771424,3,4,4,8,
14506,17046,771424,31,31,3,8,
14507,2559,771424,3,4,4,8,
14508,15582,771424,23,23,3,8,
14509,2705,771424,3,4,4,8,
14510,23673,771424,33,33,3,9,
14511,10793,771424,29,29,3,8,
14512,17440,771424,33,33,3,8,
14513,17668,771424,27,27,3,9,
14514,9566,771424,23,23,3,9,
14515,11753,771424,3,4,4,8,
14516,22725,771424,29,29,3,9,
14517,23069,771424,3,4,4,9,
14518,5186,771424,3,4,4,8,
14519,10886,771424,21,21,3,9,
14520,1327,771424,3,4,4,8,
14521,9320,771424,17,17,3,9,
14522,9850,771424,3,4,4,8,
14523,19327,771424,33,33,3,8,
14524,19001,771424,25,25,3,8,
14525,12032,771424,25,25,3,8,
14526,13284,771424,21,21,3,9,
14527,9707,771424,21,21,3,8,
14528,11401,771424,15,15,3,8,
14529,11021,771424,3,4,4,9,
14530,13949,771424,13,13,3,9,
14531,2086,771424,3,4,4,8,
14532,2305,771424,3,4,4,9,
14533,2128,771424,3,4,4,8,
14534,1440,771424,3,4,4,6,
14535,8731,771424,3,4,4,8,
14536,14089,771424,29,29,3,9,
14537,16468,771424,31,31,3,7,
14538,14240,771424,3,4,4,8,
14539,16993,771424,3,4,4,8,
14540,19732,771424,29,29,3,8,
14541,7400,771424,15,15,3,8,
14542,8225,771424,21,21,3,9,
14543,10108,771424,15,15,3,9,
14544,2617,771424,3,4,4,8,
14545,18320,771424,25,25,3,9,
14546,17300,771424,33,33,3,7,
14547,9451,771424,19,19,3,8,
14548,13157,771424,23,23,3,9,
14549,24060,771424,27,27,3,8,
14550,6710,771424,17,17,3,8,
14551,15793,771424,25,25,3,8,
14552,12760,771424,19,19,3,9,
14553,11823,771424,3,4,4,8,
14554,12665,771424,29,29,3,8,
14555,16949,771424,23,23,3,8,
14556,10519,771424,3,4,4,9,
14557,14474,771424,3,4,4,8,
14558,11623,771424,3,4,4,7,
14559,8124,771424,17,17,3,9,
14560,19761,771424,33,33,3,8,
14561,20841,771424,3,4,4,8,
14562,15109,771424,23,23,3,9,
14563,14468,771424,3,4,4,8,
14564,5860,771424,13,13,3,8,
14565,4112,771424,3,4,4,9,
14566,22880,771424,31,31,3,9,
14567,10451,771424,21,21,3,7,
14568,15642,771424,27,27,3,8,
14569,13241,771424,19,19,3,8,
14570,18614,771424,27,27,3,9,
14571,25744,771424,33,33,3,9,
14572,1045,771424,3,4,4,8,
14573,2175,771424,3,4,4,8,
14574,16968,771424,25,25,3,9,
14575,9654,771424,3,4,4,8,
14576,16476,771424,3,4,4,7,
14577,1293,771424,3,4,4,9,
14578,14417,771424,23,23,3,8,
14579,11324,771424,17,17,3,8,
14580,14021,771424,3,4,4,7,
14581,3861,771424,13,13,3,9,
14582,2631,771424,3,4,4,8,
14583,14089,771424,17,17,3,8,
14584,2603,771424,3,4,4,9,
14585,15193,771424,27,27,3,9,
14586,1889,771424,3,4,4,8,
14587,19876,771424,31,31,3,8,
14588,20907,771424,3,4,4,8,
14589,3119,771424,3,4,4,7,
14590,11712,771424,21,21,3,8,
14591,1144,771424,3,4,4,6,
14592,13422,771424,27,27,3,7,
14593,11008,771424,3,4,4,8,
14594,7870,771424,19,19,3,8,
14595,14536,771424,23,23,3,7,
14596,15491,771424,3,4,4,8,
14597,2882,771424,3,4,4,9,
14598,27100,771424,33,33,3,8,
14599,5302,771424,3,4,4,9,
14600,18676,771424,31,31,3,8,
14601,1728,771424,3,4,4,9,
14602,10532,771424,17,17,3,9,
14603,11149,771424,19,19,3,9,
14604,1536,771424,3,4,4,9,
14605,18619,771424,25,25,3,9,
14606,50609,771424,33,33,3,7,
14607,15650,771424,19,19,3,8,
14608,57719,771424,23,23,3,8,
14609,46374,771424,33,33,3,8,
14610,13332,771424,17,17,3,9,
14611,2271,771424,3,4,4,9,
14612,2470,771424,3,4,4,9,
14613,9882,771424,17,17,3,8,
14614,8231,771424,15,15,3,9,
14615,8070,771424,3,4,4,9,
14616,9259,771424,15,15,3,8,
14617,2739,771424,3,4,4,9,
14618,2686,771424,3,4,4,9,
14619,44498,771424,25,25,3,9,
14620,43018,771424,31,31,3,7,
14621,38987,771424,21,21,3,7,
14622,42248,771424,27,27,3,7,
14623,43814,771424,3,4,4,8,
14624,44588,771424,31,31,3,8,
14625,37091,771424,3,4,4,8,
14626,19415,771424,23,23,3,8,
14627,2981,771424,3,4,4,8,
14628,16566,771424,23,23,3,8,
14629,7919,771424,3,4,4,8,
14630,7294,771424,15,15,3,7,
14631,985,771424,3,4,4,7,
14632,32240,771424,31,31,3,8,
14633,11970,771424,17,17,3,8,
14634,2122,771424,3,4,4,8,
14635,12387,771424,3,4,4,8,
14636,20614,771424,25,25,3,9,
14637,12174,771424,25,25,3,8,
14638,10967,771424,31,31,3,8,
14639,11944,771424,3,4,4,9,
14640,11316,771424,25,25,3,9,
14641,19091,771424,29,29,3,7,
14642,13470,771424,21,21,3,9,
14643,19323,771424,3,4,4,8,
14644,18187,771424,3,4,4,8,
14645,1780,771424,3,4,4,8,
14646,15539,771424,27,27,3,8,
14647,1497,771424,3,4,4,8,
14648,21074,771424,29,29,3,8,
14649,12298,771424,23,23,3,8,
14650,14778,771424,21,21,3,7,
14651,6167,771424,15,15,3,9,
14652,16085,771424,31,31,3,8,
14653,3184,771424,3,4,4,9,
14654,12897,771424,3,4,4,8,
14655,11580,771424,21,21,3,7,
14656,2241,771424,3,4,4,7,
14657,3110,771424,3,4,4,9,
14658,10037,771424,3,4,4,7,
14659,5478,771424,17,17,3,7,
14660,10665,771424,15,15,3,8,
14661,15621,771424,31,31,3,8,
14662,5977,771424,3,4,4,8,
14663,16589,771424,3,4,4,8,
14664,6696,771424,3,4,4,8,
14665,1826,771424,3,4,4,9,
14666,14929,771424,21,21,3,8,
14667,15292,771424,3,4,4,8,
14668,7643,771424,23,23,3,8,
14669,18056,771424,29,29,3,8,
14670,11974,771424,19,19,3,8,
14671,7851,771424,3,4,4,9,
14672,1252,771424,3,4,4,8,
14673,15042,771424,21,21,3,8,
14674,16164,771424,3,4,4,8,
14675,11476,771424,15,15,3,8,
14676,1750,771424,3,4,4,8,
14677,19201,771424,25,25,3,8,
14678,21905,771424,33,33,3,8,
14679,20458,771424,3,4,4,8,
14680,25355,771424,23,23,3,8,
14681,1456,771424,3,4,4,8,
14682,10104,771424,17,17,3,8,
14683,15665,771424,15,15,3,9,
14684,25058,771424,31,31,3,8,
14685,13670,771424,17,17,3,8,
14686,12464,771424,19,19,3,7,
14687,10889,771424,17,17,3,8,
14688,13092,771424,17,17,3,8,
14689,24611,771424,31,31,3,9,
14690,18144,771424,27,27,3,8,
14691,23940,771424,3,4,4,8,
14692,13135,771424,3,4,4,7,
14693,671,771424,3,4,4,7,
14694,24179,771424,33,33,3,7,
14695,6662,771424,3,4,4,8,
14696,7949,771424,21,21,3,8,
14697,3398,771424,3,4,4,8,
14698,10954,771424,3,4,4,8,
14699,2276,771424,3,4,4,8,
14700,16075,771424,3,4,4,9,
14701,2782,771424,3,4,4,8,
14702,25797,771424,27,27,3,8,
14703,1105,771424,3,4,4,8,
14704,27374,771424,27,27,3,8,
14705,1777,771424,3,4,4,8,
14706,3833,771424,3,4,4,8,
14707,32511,771424,31,31,3,8,
14708,1249,771424,3,4,4,8,
14709,1269,771424,3,4,4,8,
14710,31807,771424,3,4,4,8,
14711,1042,771424,3,4,4,9,
14712,8713,771424,13,13,3,9,
14713,38754,771424,31,31,3,8,
14714,1364,771424,3,4,4,8,
14715,1287,771424,3,4,4,7,
14716,19358,771424,33,33,3,8,
14717,9764,771424,15,15,3,9,
14718,24788,771424,33,33,3,8,
14719,13060,771424,15,15,3,9,
14720,10789,771424,21,21,3,9,
14721,16857,771424,3,4,4,9,
14722,2946,771424,3,4,4,8,
14723,5147,771424,3,4,4,9,
14724,17342,771424,21,21,3,8,
14725,17777,771424,25,25,3,8,
14726,20090,771424,19,19,3,9,
14727,1919,771424,3,4,4,9,
14728,1751,771424,3,4,4,9,
14729,16711,771424,19,19,3,8,
14730,20912,771424,33,33,3,9,
14731,8782,771424,19,19,3,9,
14732,19770,771424,31,31,3,8,
14733,3059,771424,3,4,4,9,
14734,2518,771424,3,4,4,9,
14735,2102,771424,3,4,4,9,
14736,1724,771424,3,4,4,8,
14737,2193,771424,3,4,4,8,
14738,1967,771424,3,4,4,8,
14739,13634,771424,3,4,4,8,
14740,17071,771424,29,29,3,8,
14741,2218,771424,3,4,4,8,
14742,16711,771424,27,27,3,7,
14743,16263,771424,3,4,4,8,
14744,2049,771424,3,4,4,8,
14745,2084,771424,3,4,4,9,
14746,14958,771424,3,4,4,8,
14747,2257,771424,3,4,4,8,
14748,9983,771424,19,19,3,9,
14749,15157,771424,23,23,3,9,
14750,15449,771424,3,4,4,9,
14751,5591,771424,3,4,4,9,
14752,13312,771424,15,15,3,9,
14753,13363,771424,33,33,3,8,
14754,19409,771424,25,25,3,8,
14755,20113,771424,3,4,4,7,
14756,8095,771424,13,13,3,8,
14757,9513,771424,3,4,4,8,
14758,9982,771424,17,17,3,8,
14759,10441,771424,3,4,4,8,
14760,2003,771424,3,4,4,9,
14761,10266,771424,13,13,3,8,
14762,9613,771424,3,4,4,9,
14763,11217,771424,17,17,3,8,
14764,2385,771424,3,4,4,8,
14765,9459,771424,19,19,3,8,
14766,2795,771424,3,4,4,8,
14767,6206,771424,13,13,3,8,
14768,2686,771424,3,4,4,8,
14769,8702,771424,3,4,4,8,
14770,34374,771424,27,27,3,8,
14771,13238,771424,17,17,3,8,
14772,4020,771424,3,4,4,7,
14773,22616,771424,23,23,3,7,
14774,24340,771424,29,29,3,7,
14775,20526,771424,27,27,3,7,
14776,22865,771424,25,25,3,7,
14777,25796,771424,17,17,3,7,
14778,31363,771424,33,33,3,8,
14779,18524,771424,23,23,3,7,
14780,17003,771424,19,19,3,9,
14781,14970,771424,15,15,3,8,
14782,15456,771424,27,27,3,8,
14783,15729,771424,3,4,4,7,
14784,1637,771424,3,4,4,8,
14785,2798,771424,3,4,4,8,
14786,2005,771424,3,4,4,7,
14787,26401,771424,33,33,3,7,
14788,29499,771424,3,4,4,7,
14789,966,771424,3,4,4,7,
14790,3478,771424,3,4,4,7,
14791,1636,771424,3,4,4,8,
14792,2591,771424,3,4,4,8,
14793,6233,771424,3,4,4,9,
14794,16076,771424,27,27,3,8,
14795,16124,771424,33,33,3,8,
14796,19825,771424,3,4,4,8,
14797,16149,771424,3,4,4,8,
14798,19643,771424,27,27,3,9,
14799,20161,771424,3,4,4,9,
14800,15939,771424,17,17,3,8,
14801,11885,771424,25,25,3,9,
14802,6018,771424,3,4,4,7,
14803,13721,771424,23,23,3,8,
14804,9146,771424,19,19,3,9,
14805,18697,771424,13,13,3,9,
14806,4964,771424,3,4,4,8,
14807,15703,771424,21,21,3,9,
14808,11589,771424,15,15,3,7,
14809,27163,771424,29,29,3,8,
14810,17534,771424,15,15,3,9,
14811,25731,771424,31,31,3,8,
14812,27878,771424,33,33,3,9,
14813,23283,771424,23,23,3,8,
14814,4382,771424,3,4,4,9,
14815,1555,771424,3,4,4,9,
14816,22307,771424,21,21,3,9,
14817,11664,771424,19,19,3,8,
14818,11607,771424,17,17,3,8,
14819,12890,771424,17,17,3,8,
14820,19066,771424,31,31,3,8,
14821,19356,771424,25,25,3,8,
14822,9794,771424,3,4,4,8,
14823,9923,771424,19,19,3,8,
14824,1182,771424,3,4,4,7,
14825,7181,771424,17,17,3,7,
14826,13765,771424,3,4,4,7,
14827,13011,771424,25,25,3,7,
14828,16659,771424,3,4,4,8,
14829,6610,771424,3,4,4,9,
14830,2571,771424,3,4,4,8,
14831,5947,771424,3,4,4,8,
14832,2392,771424,3,4,4,8,
14833,3220,771424,3,4,4,7,
14834,4246,771424,3,4,4,7,
14835,30657,771424,31,31,3,8,
14836,3390,771424,3,4,4,7,
14837,2994,771424,3,4,4,6,
14838,5338,771424,13,13,3,8,
14839,3046,771424,3,4,4,5,
14840,14444,771424,19,19,3,7,
14841,18080,771424,17,17,3,6,
14842,1068,771424,3,4,4,6,
14843,8208,771424,3,4,4,7,
14844,23889,771424,15,15,3,7,
14845,1799,771424,3,4,4,7,
14846,17930,771424,17,17,3,8,
14847,17032,771424,3,4,4,8,
14848,2760,771424,3,4,4,8,
14849,16328,771424,23,23,3,8,
14850,12945,771424,15,15,3,9,
14851,22624,771424,33,33,3,8,
14852,20707,771424,33,33,3,9,
14853,12867,771424,3,4,4,9,
14854,4060,771424,3,4,4,8,
14855,20835,771424,27,27,3,7,
14856,21758,771424,3,4,4,8,
14857,19437,771424,27,27,3,8,
14858,13920,771424,21,21,3,9,
14859,18870,771424,3,4,4,8,
14860,13541,771424,15,15,3,8,
14861,6824,771424,3,4,4,9,
14862,18433,771424,23,23,3,8,
14863,2951,771424,3,4,4,8,
14864,4638,771424,3,4,4,9,
14865,11497,771424,15,15,3,9,
14866,12318,771424,3,4,4,8,
14867,25333,771424,27,27,3,8,
14868,15372,771424,23,23,3,9,
14869,19993,771424,31,31,3,8,
14870,2162,771424,3,4,4,8,
14871,21420,771424,27,27,3,7,
14872,16069,771424,21,21,3,8,
14873,2738,771424,3,4,4,8,
14874,25463,771424,27,27,3,9,
14875,24183,771424,3,4,4,8,
14876,7008,771424,15,15,3,8,
14877,13471,771424,3,4,4,8,
14878,18915,771424,33,33,3,9,
14879,8437,771424,3,4,4,9,
14880,10261,771424,15,15,3,9,
14881,22132,771424,27,27,3,8,
14882,2747,771424,3,4,4,7,
14883,11511,771424,13,13,3,8,
14884,1302,771424,3,4,4,8,
14885,1682,771424,3,4,4,8,
14886,6926,771424,13,13,3,8,
14887,18678,771424,3,4,4,8,
14888,10564,771424,3,4,4,9,
14889,11104,771424,25,25,3,8,
14890,13069,771424,27,27,3,9,
14891,9571,771424,3,4,4,8,
14892,14404,771424,23,23,3,8,
14893,14808,771424,3,4,4,9,
14894,7997,771424,3,4,4,9,
14895,2156,771424,3,4,4,8,
14896,1645,771424,3,4,4,8,
14897,15951,771424,15,15,3,8,
14898,1282,771424,3,4,4,8,
14899,2721,771424,3,4,4,8,
14900,15584,771424,21,21,3,8,
14901,32715,771424,25,25,3,8,
14902,17490,771424,25,25,3,9,
14903,16472,771424,19,19,3,8,
14904,17236,771424,3,4,4,8,
14905,22927,771424,21,21,3,8,
14906,20162,771424,19,19,3,8,
14907,17486,771424,25,25,3,9,
14908,17860,771424,3,4,4,9,
14909,1909,771424,3,4,4,9,
14910,17645,771424,29,29,3,8,
14911,17158,771424,3,4,4,7,
14912,2257,771424,3,4,4,8,
14913,14985,771424,17,17,3,8,
14914,1491,771424,3,4,4,9,
14915,2719,771424,3,4,4,8,
14916,22582,771424,31,31,3,9,
14917,1927,771424,3,4,4,7,
14918,21347,771424,3,4,4,8,
14919,1429,771424,3,4,4,7,
14920,15350,771424,23,23,3,8,
14921,2041,771424,3,4,4,8,
14922,15149,771424,3,4,4,8,
14923,1434,771424,3,4,4,9,
14924,944,771424,3,4,4,8,
14925,1297,771424,3,4,4,8,
14926,16744,771424,31,31,3,9,
14927,11413,771424,13,13,3,7,
14928,32686,771424,21,21,3,7,
14929,23710,771424,23,23,3,8,
14930,22731,771424,27,27,3,8,
14931,31439,771424,31,31,3,8,
14932,1003,771424,3,4,4,8,
14933,16152,771424,27,27,3,8,
14934,17096,771424,15,15,3,8,
14935,15359,771424,3,4,4,9,
14936,703,771424,3,4,4,8,
14937,3008,771424,3,4,4,9,
14938,22076,771424,25,25,3,9,
14939,14093,771424,13,13,3,9,
14940,20395,771424,3,4,4,9,
14941,26308,771424,23,23,3,8,
14942,29469,771424,27,27,3,8,
14943,21226,771424,21,21,3,9,
14944,26747,771424,3,4,4,8,
14945,19846,771424,19,19,3,9,
14946,22518,771424,29,29,3,8,
14947,7113,771424,13,13,3,8,
14948,21316,771424,3,4,4,9,
14949,15045,771425,23,23,3,8,
14950,6693,771425,13,13,3,9,
14951,26522,771425,33,33,3,8,
14952,30843,771425,33,33,3,9,
14953,1475,771425,3,4,4,9,
14954,10874,771425,13,13,3,9,
14955,26207,771425,19,19,3,8,
14956,13066,771425,17,17,3,8,
14957,19472,771425,23,23,3,8,
14958,24786,771425,25,25,3,7,
14959,12180,771425,3,4,4,8,
14960,11272,771425,15,15,3,8,
14961,11639,771425,3,4,4,8,
14962,24620,771425,23,23,3,9,
14963,1509,771425,3,4,4,8,
14964,1646,771425,3,4,4,8,
14965,1537,771425,3,4,4,7,
14966,1047,771425,3,4,4,6,
14967,23267,771425,25,25,3,8,
14968,1467,771425,3,4,4,7,
14969,16157,771425,15,15,3,7,
14970,15857,771425,27,27,3,7,
14971,22926,771425,3,4,4,9,
14972,15788,771425,3,4,4,8,
14973,4945,771425,3,4,4,8,
14974,1438,771425,3,4,4,7,
14975,7550,771425,3,4,4,7,
14976,1705,771425,3,4,4,8,
14977,9702,771425,3,4,4,8,
14978,21985,771425,23,23,3,9,
14979,21738,771425,3,4,4,8,
14980,23914,771425,31,31,3,7,
14981,23080,771425,33,33,3,7,
14982,930,771425,3,4,4,7,
14983,22082,771425,31,31,3,9,
14984,708,771425,3,4,4,7,
14985,22385,771425,3,4,4,7,
14986,1064,771425,3,4,4,8,
14987,16684,771425,27,27,3,9,
14988,16132,771425,3,4,4,9,
14989,2964,771425,3,4,4,9,
14990,13894,771425,21,21,3,8,
14991,15128,771425,25,25,3,8,
14992,11517,771425,19,19,3,8,
14993,21096,771425,15,15,3,9,
14994,19799,771425,25,25,3,9,
14995,19502,771425,3,4,4,8,
14996,4511,771425,3,4,4,9,
14997,1812,771425,3,4,4,7,
14998,6836,771425,13,13,3,8,
14999,21272,771425,23,23,3,8,
15000,21635,771425,27,27,3,7,
15001,23379,771425,33,33,3,8,
15002,15520,771425,21,21,3,8,
15003,16586,771425,25,25,3,8,
15004,9921,771425,3,4,4,9,
15005,15783,771425,3,4,4,9,
15006,2261,771425,3,4,4,8,
15007,2518,771425,3,4,4,8,
15008,17921,771425,21,21,3,8,
15009,18310,771425,13,13,3,8,
15010,17736,771425,3,4,4,7,
15011,18408,771425,3,4,4,8,
15012,27449,771425,31,31,3,9,
15013,23920,771425,33,33,3,9,
15014,1116,771425,3,4,4,9,
15015,2016,771425,3,4,4,8,
15016,23626,771425,3,4,4,8,
15017,3251,771425,3,4,4,9,
15018,22267,771425,23,23,3,8,
15019,25788,771425,31,31,3,9,
15020,29137,771425,33,33,3,9,
15021,2727,771425,3,4,4,8,
15022,33455,771425,31,31,3,8,
15023,21024,771425,25,25,3,8,
15024,37601,771425,13,13,3,9,
15025,15632,771425,25,25,3,9,
15026,17120,771425,25,25,3,8,
15027,17292,771425,25,25,3,8,
15028,12016,771425,25,25,3,7,
15029,15152,771425,3,4,4,9,
15030,6355,771425,3,4,4,8,
15031,3965,771425,3,4,4,8,
15032,2843,771425,3,4,4,8,
15033,1807,771425,3,4,4,8,
15034,17829,771425,25,25,3,8,
15035,5493,771425,3,4,4,7,
15036,1674,771425,3,4,4,8,
15037,16963,771425,3,4,4,8,
15038,2027,771425,3,4,4,8,
15039,2669,771425,3,4,4,8,
15040,13016,771425,19,19,3,9,
15041,3946,771425,3,4,4,8,
15042,17520,771425,27,27,3,8,
15043,23375,771425,25,25,3,8,
15044,2764,771425,3,4,4,7,
15045,17508,771425,3,4,4,9,
15046,526,771425,3,4,4,7,
15047,10355,771425,17,17,3,8,
15048,971,771425,3,4,4,8,
15049,2033,771425,3,4,4,8,
15050,24510,771425,27,27,3,8,
15051,26296,771425,3,4,4,8,
15052,10069,771425,15,15,3,8,
15053,20281,771425,27,27,3,8,
15054,2693,771425,3,4,4,9,
15055,6684,771425,3,4,4,8,
15056,6478,771425,3,4,4,8,
15057,18061,771425,21,21,3,9,
15058,16708,771425,27,27,3,8,
15059,16516,771425,3,4,4,7,
15060,1262,771425,3,4,4,8,
15061,16169,771425,3,4,4,7,
15062,8049,771425,23,23,3,8,
15063,16619,771425,27,27,3,7,
15064,9788,771425,3,4,4,8,
15065,8653,771425,3,4,4,7,
15066,1138,771425,3,4,4,7,
15067,3670,771425,3,4,4,7,
15068,14159,771425,13,13,3,8,
15069,4415,771425,3,4,4,7,
15070,21956,771425,25,25,3,8,
15071,24089,771425,25,25,3,8,
15072,29089,771425,31,31,3,9,
15073,27429,771425,27,27,3,7,
15074,2016,771425,3,4,4,8,
15075,13659,771425,13,13,3,8,
15076,17906,771425,3,4,4,8,
15077,2130,771425,3,4,4,9,
15078,13582,771425,3,4,4,8,
15079,6769,771425,13,13,3,8,
15080,24102,771425,33,33,3,9,
15081,25347,771425,29,29,3,8,
15082,11249,771425,13,13,3,9,
15083,21358,771425,29,29,3,8,
15084,13243,771425,19,19,3,8,
15085,2884,771425,3,4,4,9,
15086,20364,771425,29,29,3,8,
15087,15998,771425,31,31,3,8,
15088,14361,771425,13,13,3,8,
15089,25689,771425,33,33,3,8,
15090,24780,771425,27,27,3,9,
15091,25893,771425,3,4,4,8,
15092,9242,771425,13,13,3,9,
15093,7111,771425,3,4,4,9,
15094,13672,771425,25,25,3,7,
15095,13947,771425,21,21,3,8,
15096,20706,771425,31,31,3,8,
15097,11559,771425,21,21,3,9,
15098,15145,771425,23,23,3,8,
15099,10573,771425,3,4,4,8,
15100,14005,771425,23,23,3,8,
15101,6327,771425,3,4,4,8,
15102,1508,771425,3,4,4,7,
15103,2710,771425,3,4,4,8,
15104,21690,771425,27,27,3,8,
15105,23811,771425,3,4,4,9,
15106,2582,771425,3,4,4,8,
15107,15721,771425,17,17,3,9,
15108,8466,771425,15,15,3,8,
15109,9636,771425,13,13,3,8,
15110,26607,771425,33,33,3,8,
15111,5152,771425,3,4,4,8,
15112,6566,771425,3,4,4,8,
15113,9890,771425,21,21,3,9,
15114,3042,771425,3,4,4,9,
15115,2484,771425,3,4,4,8,
15116,1974,771425,3,4,4,8,
15117,14721,771425,25,25,3,8,
15118,15570,771425,3,4,4,8,
15119,1563,771425,3,4,4,9,
15120,19381,771425,29,29,3,8,
15121,21099,771425,31,31,3,8,
15122,21658,771425,3,4,4,9,
15123,15152,771425,3,4,4,8,
15124,19534,771425,17,17,3,9,
15125,2767,771425,3,4,4,8,
15126,18372,771425,21,21,3,8,
15127,7917,771425,19,19,3,8,
15128,2503,771425,3,4,4,9,
15129,23757,771425,23,23,3,8,
15130,10503,771425,19,19,3,8,
15131,1412,771425,3,4,4,8,
15132,3461,771425,3,4,4,8,
15133,2672,771425,3,4,4,8,
15134,13617,771425,17,17,3,9,
15135,9523,771425,3,4,4,8,
15136,2025,771425,3,4,4,8,
15137,9272,771425,23,23,3,8,
15138,3833,771425,3,4,4,8,
15139,8886,771425,3,4,4,8,
15140,10166,771425,17,17,3,8,
15141,3364,771425,3,4,4,8,
15142,11042,771425,15,15,3,9,
15143,13363,771425,19,19,3,8,
15144,11249,771425,3,4,4,9,
15145,16574,771425,25,25,3,8,
15146,66263,771425,29,29,3,8,
15147,2763,771425,3,4,4,8,
15148,10650,771425,19,19,3,8,
15149,13815,771425,29,29,3,8,
15150,5179,771425,13,13,3,8,
15151,57606,771425,33,33,3,9,
15152,3405,771425,3,4,4,8,
15153,4032,771425,3,4,4,9,
15154,20740,771425,31,31,3,8,
15155,15441,771425,25,25,3,9,
15156,2172,771425,3,4,4,8,
15157,19218,771425,29,29,3,9,
15158,2207,771425,3,4,4,8,
15159,49804,771425,25,25,3,8,
15160,1864,771425,3,4,4,9,
15161,53930,771425,17,17,3,9,
15162,52121,771425,33,33,3,7,
15163,8714,771425,3,4,4,8,
15164,51441,771425,27,27,3,8,
15165,1145,771425,3,4,4,8,
15166,47227,771425,17,17,3,9,
15167,54954,771425,33,33,3,8,
15168,2129,771425,3,4,4,9,
15169,37186,771425,13,13,3,8,
15170,26044,771425,25,25,3,9,
15171,15460,771425,31,31,3,8,
15172,16644,771425,3,4,4,8,
15173,2652,771425,3,4,4,8,
15174,11505,771425,3,4,4,7,
15175,1873,771425,3,4,4,8,
15176,1377,771425,3,4,4,8,
15177,9496,771425,21,21,3,8,
15178,14333,771425,21,22,3,8,
15179,16026,771425,15,15,3,8,
15180,10692,771425,21,21,3,9,
15181,15764,771425,23,23,3,8,
15182,1838,771425,3,4,4,9,
15183,9009,771425,3,4,4,8,
15184,20379,771425,21,21,3,9,
15185,21092,771425,29,29,3,8,
15186,4039,771425,3,4,4,9,
15187,13899,771425,17,18,3,8,
15188,8820,771425,3,4,4,8,
15189,4591,771425,3,4,4,8,
15190,31490,771425,31,31,3,8,
15191,17858,771425,25,25,3,8,
15192,3998,771425,3,4,4,8,
15193,17727,771425,3,4,4,9,
15194,1990,771425,3,4,4,7,
15195,1498,771425,3,4,4,8,
15196,17313,771425,27,27,3,7,
15197,14009,771425,19,19,3,8,
15198,18041,771425,27,27,3,8,
15199,22345,771425,29,29,3,9,
15200,21031,771425,3,4,4,8,
15201,2031,771425,3,4,4,8,
15202,14016,771425,17,17,3,8,
15203,7348,771425,13,13,3,8,
15204,2650,771425,3,4,4,9,
15205,3088,771425,3,4,4,9,
15206,9282,771425,15,15,3,8,
15207,2548,771425,3,4,4,8,
15208,12341,771425,29,29,3,8,
15209,1698,771425,3,4,4,8,
15210,2127,771425,3,4,4,8,
15211,11602,771425,3,4,4,9,
15212,6784,771425,13,13,3,8,
15213,21216,771425,33,33,3,8,
15214,21676,771425,3,4,4,8,
15215,1770,771425,3,4,4,7,
15216,2285,771425,3,4,4,7,
15217,10414,771425,17,17,3,8,
15218,1865,771425,3,4,4,7,
15219,7824,771425,15,15,3,9,
15220,16684,771425,25,25,3,8,
15221,927,771425,3,4,4,8,
15222,17237,771425,3,4,4,7,
15223,2274,771425,3,4,4,8,
15224,2848,771425,3,4,4,9,
15225,1940,771425,3,4,4,8,
15226,19013,771425,17,17,3,8,
15227,36719,771425,23,23,3,9,
15228,9045,771425,19,19,3,9,
15229,10852,771425,3,4,4,8,
15230,13229,771425,21,21,3,7,
15231,11638,771425,13,13,3,9,
15232,13939,771425,15,15,3,8,
15233,3717,771425,3,4,4,8,
15234,800,771425,3,4,4,6,
15235,11364,771425,3,4,4,7,
15236,557,771425,3,4,4,7,
15237,47537,771425,33,33,3,8,
15238,1437,771425,3,4,4,7,
15239,2823,771425,3,4,4,7,
15240,50323,771425,29,29,3,8,
15241,19277,771425,15,15,3,9,
15242,20332,771425,17,17,3,8,
15243,9462,771425,13,13,3,9,
15244,17529,771425,15,15,3,8,
15245,9498,771425,3,4,4,9,
15246,1439,771425,3,4,4,8,
15247,5879,771425,3,4,4,9,
15248,19779,771425,27,27,3,8,
15249,5590,771425,3,4,4,9,
15250,19227,771425,29,29,3,8,
15251,15128,771425,27,27,3,8,
15252,14648,771425,3,4,4,8,
15253,13193,771425,17,17,3,8,
15254,1640,771425,3,4,4,8,
15255,14047,771425,27,27,3,9,
15256,31034,771425,33,33,3,8,
15257,15325,771425,3,4,4,9,
15258,16358,771425,33,33,3,8,
15259,3325,771425,3,4,4,8,
15260,20874,771425,3,4,4,7,
15261,22065,771425,33,33,3,8,
15262,15744,771425,3,4,4,8,
15263,3585,771425,3,4,4,9,
15264,16265,771425,29,29,3,8,
15265,21572,771425,23,23,3,9,
15266,30504,771425,17,17,3,8,
15267,6227,771425,3,4,4,8,
15268,1240,771425,3,4,4,8,
15269,17487,771425,19,19,3,8,
15270,15814,771425,27,27,3,8,
15271,14996,771425,3,4,4,8,
15272,29154,771425,29,29,3,8,
15273,13466,771425,13,13,3,8,
15274,2741,771425,3,4,4,8,
15275,13378,771425,3,4,4,9,
15276,1481,771425,3,4,4,9,
15277,2331,771425,3,4,4,8,
15278,2562,771425,3,4,4,9,
15279,6003,771425,13,13,3,8,
15280,2337,771425,3,4,4,9,
15281,10834,771425,17,17,3,8,
15282,10696,771425,3,4,4,9,
15283,8612,771425,3,4,4,8,
15284,15795,771425,25,25,3,8,
15285,1924,771425,3,4,4,8,
15286,16285,771425,3,4,4,8,
15287,15408,771425,3,4,4,8,
15288,4091,771425,3,4,4,8,
15289,4191,771425,3,4,4,8,
15290,17461,771425,33,33,3,8,
15291,8364,771425,23,23,3,8,
15292,10100,771425,19,19,3,8,
15293,10257,771425,21,21,3,8,
15294,13707,771425,3,4,4,9,
15295,9106,771425,3,4,4,8,
15296,2112,771425,3,4,4,7,
15297,4307,771425,3,4,4,8,
15298,10357,771425,15,15,3,9,
15299,9992,771425,17,17,3,8,
15300,3086,771425,3,4,4,8,
15301,16014,771425,3,4,4,8,
15302,24073,771425,19,19,3,9,
15303,34988,771425,27,27,3,8,
15304,42584,771425,31,31,3,8,
15305,37619,771425,31,31,3,8,
15306,28775,771425,19,19,3,8,
15307,2789,771425,3,4,4,9,
15308,21044,771425,13,13,3,9,
15309,16605,771425,19,19,3,9,
15310,24524,771425,3,4,4,8,
15311,38424,771425,25,25,3,9,
15312,21437,771425,3,4,4,9,
15313,20749,771425,21,21,3,8,
15314,16147,771425,19,19,3,8,
15315,17019,771425,29,29,3,8,
15316,23486,771425,33,33,3,9,
15317,4725,771425,3,4,4,8,
15318,4926,771425,3,4,4,9,
15319,14450,771425,17,17,3,8,
15320,14942,771425,3,4,4,9,
15321,1714,771425,3,4,4,8,
15322,11141,771425,3,4,4,9,
15323,14652,771425,27,27,3,8,
15324,19668,771425,27,27,3,8,
15325,12913,771425,3,4,4,8,
15326,7515,771425,21,21,3,8,
15327,12578,771425,19,19,3,9,
15328,18532,771425,27,27,3,9,
15329,6403,771425,3,4,4,8,
15330,14358,771425,3,4,4,8,
15331,17285,771425,31,31,3,9,
15332,14846,771425,31,31,3,9,
15333,2503,771425,3,4,4,9,
15334,2570,771425,3,4,4,8,
15335,1691,771425,3,4,4,8,
15336,6254,771425,3,4,4,9,
15337,12098,771425,17,17,3,8,
15338,1973,771425,3,4,4,9,
15339,12761,771425,19,19,3,8,
15340,17018,771425,31,31,3,8,
15341,16153,771425,27,27,3,9,
15342,2022,771425,3,4,4,9,
15343,16008,771425,23,23,3,9,
15344,15621,771425,3,4,4,8,
15345,1732,771425,3,4,4,9,
15346,1620,771425,3,4,4,8,
15347,2204,771425,3,4,4,8,
15348,2551,771425,3,4,4,8,
15349,2858,771425,3,4,4,8,
15350,3624,771425,3,4,4,9,
15351,27114,771425,31,31,3,8,
15352,10476,771425,19,19,3,9,
15353,2699,771425,3,4,4,8,
15354,15574,771425,25,25,3,8,
15355,19034,771425,33,33,3,9,
15356,1403,771425,3,4,4,9,
15357,9354,771425,23,23,3,9,
15358,12549,771425,15,15,3,8,
15359,10899,771425,21,21,3,8,
15360,10044,771425,23,23,3,9,
15361,5520,771425,13,13,3,9,
15362,19444,771425,27,27,3,9,
15363,11162,771425,3,4,4,9,
15364,12571,771425,25,25,3,8,
15365,14824,771425,3,4,4,8,
15366,1531,771425,3,4,4,8,
15367,12849,771425,25,25,3,8,
15368,14893,771425,19,19,3,8,
15369,9708,771425,15,15,3,8,
15370,9002,771425,23,23,3,9,
15371,18311,771425,29,29,3,9,
15372,19683,771425,3,4,4,9,
15373,3958,771425,3,4,4,8,
15374,8619,771425,13,13,3,9,
15375,24881,771425,33,33,3,8,
15376,8626,771425,3,4,4,9,
15377,18121,771425,29,29,3,8,
15378,20423,771425,27,27,3,8,
15379,19928,771425,25,25,3,9,
15380,22663,771425,31,31,3,9,
15381,20332,771425,31,31,3,8,
15382,23240,771425,33,33,3,8,
15383,21249,771425,31,31,3,9,
15384,18396,771425,23,23,3,8,
15385,16826,771425,3,4,4,9,
15386,12175,771425,21,21,3,9,
15387,11731,771425,3,4,4,8,
15388,11322,771425,19,19,3,9,
15389,1165,771425,3,4,4,8,
15390,2355,771425,3,4,4,8,
15391,10575,771425,3,4,4,8,
15392,9207,771425,15,15,3,9,
15393,15663,771425,33,33,3,9,
15394,1453,771425,3,4,4,8,
15395,9738,771425,15,15,3,8,
15396,19571,771425,31,31,3,8,
15397,9630,771425,3,4,4,9,
15398,6633,771425,15,15,3,9,
15399,2595,771425,3,4,4,8,
15400,15488,771425,23,23,3,8,
15401,13264,771425,29,29,3,8,
15402,9684,771425,19,19,3,8,
15403,17647,771425,27,27,3,8,
15404,14477,771425,3,4,4,8,
15405,12912,771425,3,4,4,7,
15406,6692,771425,15,15,3,9,
15407,6824,771425,3,4,4,8,
15408,17711,771425,33,33,3,8,
15409,16219,771425,25,25,3,8,
15410,981,771425,3,4,4,8,
15411,6388,771425,3,4,4,8,
15412,915,771425,3,4,4,7,
15413,1921,771425,3,4,4,7,
15414,2484,771425,3,4,4,6,
15415,1856,771425,3,4,4,6,
15416,8774,771425,21,21,3,7,
15417,10487,771425,25,25,3,6,
15418,3227,771425,3,4,4,8,
15419,11735,771425,3,4,4,8,
15420,9766,771425,3,4,4,8,
15421,6551,771425,15,15,3,8,
15422,8464,771425,19,19,3,8,
15423,6742,771425,3,4,4,8,
15424,7249,771425,3,4,4,9,
15425,20707,771425,33,33,3,8,
15426,13151,771425,27,27,3,8,
15427,6456,771425,15,15,3,8,
15428,7589,771425,3,4,4,8,
15429,20180,771425,3,4,4,8,
15430,16326,771425,21,21,3,8,
15431,12745,771425,23,23,3,8,
15432,2599,771425,3,4,4,9,
15433,11101,771425,19,19,3,9,
15434,15440,771425,21,21,3,8,
15435,15394,771425,3,4,4,9,
15436,1159,771425,3,4,4,8,
15437,1745,771425,3,4,4,8,
15438,8240,771425,21,21,3,8,
15439,7917,771425,17,17,3,8,
15440,2000,771425,3,4,4,8,
15441,4801,771425,3,4,4,9,
15442,16357,771425,33,33,3,9,
15443,16440,771425,3,4,4,9,
15444,18083,771425,29,29,3,8,
15445,2005,771425,3,4,4,8,
15446,19433,771425,29,29,3,7,
15447,14300,771425,27,27,3,7,
15448,2363,771425,3,4,4,8,
15449,7289,771425,15,15,3,8,
15450,17654,771425,29,29,3,8,
15451,8289,771425,19,19,3,8,
15452,7046,771425,3,4,4,9,
15453,17329,771425,3,4,4,8,
15454,2003,771425,3,4,4,8,
15455,15057,771425,33,33,3,9,
15456,8197,771425,13,13,3,8,
15457,14683,771425,3,4,4,8,
15458,1897,771425,3,4,4,9,
15459,1352,771425,3,4,4,9,
15460,5809,771425,13,13,3,8,
15461,8464,771425,21,21,3,9,
15462,11166,771425,27,27,3,8,
15463,9828,771425,15,15,3,8,
15464,5940,771425,13,13,3,8,
15465,2120,771425,3,4,4,8,
15466,8188,771425,3,4,4,8,
15467,7202,771425,3,4,4,8,
15468,12783,771425,27,27,3,9,
15469,12735,771425,3,4,4,9,
15470,3349,771425,3,4,4,8,
15471,1273,771425,3,4,4,8,
15472,13062,771425,21,21,3,8,
15473,4899,771425,13,13,3,9,
15474,14582,771425,21,21,3,8,
15475,8330,771425,17,17,3,7,
15476,15906,771425,25,25,3,8,
15477,12241,771425,3,4,4,9,
15478,8025,771425,3,4,4,8,
15479,8094,771425,21,21,3,9,
15480,21754,771425,29,29,3,9,
15481,8878,771425,21,21,3,9,
15482,8858,771425,3,4,4,7,
15483,8045,771425,13,13,3,8,
15484,5564,771425,13,13,3,9,
15485,6477,771425,3,4,4,9,
15486,18972,771425,33,33,3,9,
15487,12507,771425,33,33,3,8,
15488,12700,771425,3,4,4,8,
15489,2381,771425,3,4,4,8,
15490,2262,771425,3,4,4,8,
15491,1747,771425,3,4,4,8,
15492,7309,771425,15,15,3,8,
15493,17771,771425,33,33,3,8,
15494,10209,771425,15,15,3,8,
15495,17958,771425,3,4,4,7,
15496,7612,771425,19,19,3,8,
15497,17340,771425,33,33,3,8,
15498,15232,771425,23,23,3,8,
15499,5921,771425,13,13,3,8,
15500,20142,771425,31,31,3,8,
15501,8025,771425,15,15,3,8,
15502,19945,771425,3,4,4,8,
15503,20294,771425,33,33,3,9,
15504,796,771425,3,4,4,8,
15505,11300,771425,23,23,3,8,
15506,21811,771425,27,27,3,9,
15507,8261,771425,19,19,3,8,
15508,10866,771425,19,19,3,7,
15509,8596,771425,3,4,4,8,
15510,9243,771425,19,19,3,9,
15511,8406,771425,3,4,4,9,
15512,8448,771425,17,17,3,8,
15513,2318,771425,3,4,4,9,
15514,3977,771425,3,4,4,8,
15515,3902,771425,3,4,4,8,
15516,2682,771425,3,4,4,8,
15517,11154,771425,15,15,3,8,
15518,16567,771425,21,21,3,8,
15519,2899,771425,3,4,4,8,
15520,14526,771425,17,17,3,8,
15521,22208,771425,31,31,3,8,
15522,19270,771425,29,29,3,8,
15523,7843,771425,17,17,3,9,
15524,13867,771425,3,4,4,9,
15525,11360,771425,21,21,3,9,
15526,14802,771425,23,23,3,9,
15527,13993,771425,3,4,4,9,
15528,1506,771425,3,4,4,8,
15529,14534,771425,23,23,3,9,
15530,14625,771425,3,4,4,9,
15531,8485,771425,21,21,3,8,
15532,1888,771425,3,4,4,8,
15533,13204,771425,33,33,3,9,
15534,2364,771425,3,4,4,9,
15535,14826,771425,29,29,3,9,
15536,15013,771425,3,4,4,8,
15537,1377,771425,3,4,4,9,
15538,1619,771425,3,4,4,8,
15539,3168,771425,3,4,4,9,
15540,11544,771425,33,33,3,9,
15541,13317,771425,3,4,4,9,
15542,6845,771425,3,4,4,8,
15543,10052,771425,23,23,3,9,
15544,10861,771425,3,4,4,8,
15545,2595,771425,3,4,4,9,
15546,2886,771425,3,4,4,9,
15547,2830,771425,3,4,4,9,
15548,5791,771425,15,15,3,8,
15549,2858,771425,3,4,4,8,
15550,6192,771425,13,13,3,9,
15551,2821,771425,3,4,4,8,
15552,2358,771425,3,4,4,8,
15553,14530,771425,31,31,3,8,
15554,3799,771425,3,4,4,8,
15555,8118,771425,17,17,3,8,
15556,1704,771425,3,4,4,8,
15557,13974,771425,3,4,4,9,
15558,16361,771425,33,33,3,8,
15559,11905,771425,23,23,3,8,
15560,15236,771425,21,21,3,8,
15561,18162,771425,29,29,3,8,
15562,21971,771425,33,33,3,8,
15563,15015,771425,3,4,4,8,
15564,20632,771425,29,29,3,9,
15565,9324,771425,21,21,3,9,
15566,12172,771425,23,23,3,8,
15567,14431,771425,31,31,3,9,
15568,14466,771425,3,4,4,9,
15569,9449,771425,17,17,3,9,
15570,1630,771425,3,4,4,9,
15571,6265,771425,15,15,3,7,
15572,1275,771425,3,4,4,9,
15573,1181,771425,3,4,4,8,
15574,1751,771425,3,4,4,8,
15575,4449,771425,3,4,4,8,
15576,12788,771425,29,29,3,8,
15577,13125,771425,3,4,4,9,
15578,11977,771425,25,25,3,8,
15579,4978,771425,13,13,3,8,
15580,1877,771425,3,4,4,8,
15581,6058,771425,3,4,4,8,
15582,12180,771425,27,27,3,8,
15583,11292,771425,3,4,4,8,
15584,12292,771425,3,4,4,9,
15585,6436,771425,19,19,3,9,
15586,6599,771425,3,4,4,8,
15587,2082,771425,3,4,4,9,
15588,1672,771425,3,4,4,9,
15589,10924,771425,17,17,3,9,
15590,17242,771425,29,29,3,8,
15591,2335,771425,3,4,4,8,
15592,19232,771425,25,25,3,9,
15593,2654,771425,3,4,4,8,
15594,18584,771425,19,19,3,8,
15595,20405,771425,31,31,3,8,
15596,2523,771425,3,4,4,8,
15597,9555,771425,19,19,3,8,
15598,2100,771425,3,4,4,9,
15599,11348,771425,23,23,3,9,
15600,9090,771425,17,17,3,8,
15601,11691,771425,3,4,4,9,
15602,12093,771425,15,15,3,9,
15603,11018,771425,23,23,3,8,
15604,9537,771425,3,4,4,8,
15605,7441,771425,19,19,3,8,
15606,1561,771425,3,4,4,8,
15607,4736,771425,3,4,4,9,
15608,1556,771425,3,4,4,9,
15609,15841,771425,21,21,3,8,
15610,4872,771425,3,4,4,8,
15611,13151,771425,21,21,3,9,
15612,1855,771425,3,4,4,8,
15613,12230,771425,21,21,3,8,
15614,13934,771425,15,15,3,9,
15615,14054,771425,3,4,4,8,
15616,15263,771425,29,29,3,8,
15617,20108,771425,31,31,3,9,
15618,9922,771425,15,15,3,8,
15619,11770,771425,27,27,3,8,
15620,13158,771425,23,23,3,8,
15621,12316,771425,19,19,3,8,
15622,7312,771425,17,17,3,8,
15623,4224,771425,3,4,4,8,
15624,12133,771425,3,4,4,8,
15625,9686,771425,19,19,3,9,
15626,20075,771425,31,31,3,8,
15627,9396,771425,3,4,4,8,
15628,9959,771425,21,21,3,8,
15629,15084,771425,33,33,3,9,
15630,10016,771425,3,4,4,9,
15631,15277,771425,33,33,3,8,
15632,14835,771425,3,4,4,8,
15633,6294,771425,13,13,3,8,
15634,2017,771425,3,4,4,8,
15635,10683,771425,25,25,3,8,
15636,11251,771425,19,19,3,8,
15637,1919,771425,3,4,4,8,
15638,10105,771425,3,4,4,7,
15639,9868,771425,23,23,3,9,
15640,8014,771425,21,21,3,8,
15641,6191,771425,3,4,4,7,
15642,4456,771425,3,4,4,8,
15643,3138,771425,3,4,4,8,
15644,2799,771425,3,4,4,9,
15645,15445,771425,31,31,3,8,
15646,3277,771425,3,4,4,8,
15647,15871,771425,29,29,3,7,
15648,2095,771425,3,4,4,7,
15649,8722,771425,19,19,3,8,
15650,15757,771425,3,4,4,8,
15651,2895,771425,3,4,4,9,
15652,17062,771425,31,31,3,8,
15653,15599,771425,3,4,4,8,
15654,12219,771425,23,23,3,8,
15655,1357,771425,3,4,4,8,
15656,10739,771425,23,23,3,8,
15657,17863,771425,23,23,3,9,
15658,7209,771425,13,13,3,9,
15659,10102,771425,3,4,4,8,
15660,12952,771425,27,27,3,8,
15661,10123,771425,17,18,3,8,
15662,10458,771425,21,21,3,9,
15663,2356,771425,3,4,4,8,
15664,1767,771425,3,4,4,8,
15665,17168,771425,25,25,3,8,
15666,2002,771425,3,4,4,8,
15667,51006,771425,33,33,3,9,
15668,2191,771425,3,4,4,8,
15669,10484,771425,23,23,3,9,
15670,10274,771425,3,4,4,8,
15671,2090,771425,3,4,4,8,
15672,10240,771425,19,19,3,8,
15673,4575,771425,3,4,4,8,
15674,8071,771425,13,13,3,8,
15675,7969,771425,19,19,3,8,
15676,10893,771425,23,23,3,8,
15677,2312,771425,3,4,4,9,
15678,5199,771425,13,13,3,8,
15679,5868,771425,3,4,4,9,
15680,31788,771425,19,19,3,8,
15681,30464,771425,19,19,3,7,
15682,34107,771425,31,31,3,8,
15683,37736,771425,3,4,4,8,
15684,30610,771425,25,25,3,7,
15685,2732,771425,3,4,4,9,
15686,35344,771425,3,4,4,8,
15687,29659,771425,21,21,3,8,
15688,21926,771425,13,13,3,8,
15689,32840,771425,3,4,4,8,
15690,5049,771425,3,4,4,7,
15691,6445,771425,3,4,4,7,
15692,14501,771425,19,19,3,7,
15693,3767,771425,3,4,4,8,
15694,4824,771425,3,4,4,9,
15695,13113,771425,17,17,3,9,
15696,7894,771425,19,19,3,8,
15697,18271,771425,27,27,3,7,
15698,10321,771425,17,17,3,6,
15699,23202,771425,33,33,3,7,
15700,7811,771425,3,4,4,8,
15701,13150,771425,29,29,3,9,
15702,16475,771425,23,23,3,8,
15703,10135,771425,3,4,4,9,
15704,7854,771425,17,17,3,9,
15705,14156,771425,31,31,3,9,
15706,4338,771425,3,4,4,8,
15707,15096,771425,33,33,3,8,
15708,2131,771425,3,4,4,9,
15709,15385,771425,29,29,3,9,
15710,15138,771425,3,4,4,8,
15711,1794,771425,3,4,4,9,
15712,1424,771425,3,4,4,9,
15713,8683,771425,3,4,4,9,
15714,1841,771425,3,4,4,8,
15715,7399,771425,17,17,3,8,
15716,13958,771425,31,31,3,8,
15717,15200,771425,3,4,4,8,
15718,14551,771425,27,27,3,8,
15719,8799,771425,17,17,3,8,
15720,9344,771425,21,21,3,9,
15721,5699,771425,15,15,3,8,
15722,9710,771425,3,4,4,8,
15723,8447,771425,3,4,4,8,
15724,7151,771425,13,13,3,7,
15725,10832,771425,27,27,3,9,
15726,10971,771425,23,23,3,8,
15727,1950,771425,3,4,4,7,
15728,10625,771425,3,4,4,8,
15729,2567,771425,3,4,4,8,
15730,7891,771425,21,21,3,8,
15731,1105,771425,3,4,4,8,
15732,10651,771425,19,19,3,7,
15733,2161,771425,3,4,4,8,
15734,8112,771425,3,4,4,8,
15735,5710,771425,3,4,4,9,
15736,2165,771425,3,4,4,8,
15737,12471,771425,29,29,3,9,
15738,17174,771426,29,29,3,9,
15739,18209,771426,3,4,4,9,
15740,2658,771426,3,4,4,9,
15741,9318,771426,17,17,3,8,
15742,15525,771426,29,29,3,8,
15743,14963,771426,23,23,3,9,
15744,9037,771426,3,4,4,8,
15745,17472,771426,33,33,3,8,
15746,9228,771426,19,19,3,9,
15747,3587,771426,3,4,4,9,
15748,1790,771426,3,4,4,8,
15749,15004,771426,31,31,3,8,
15750,2804,771426,3,4,4,8,
15751,15014,771426,3,4,4,9,
15752,2862,771426,3,4,4,8,
15753,17996,771426,27,27,3,9,
15754,10365,771426,23,23,3,8,
15755,14704,771426,19,19,3,8,
15756,15763,771426,31,31,3,8,
15757,14567,771426,3,4,4,8,
15758,19565,771426,29,29,3,8,
15759,9544,771426,21,21,3,8,
15760,6602,771426,3,4,4,9,
15761,6780,771426,3,4,4,8,
15762,13371,771426,27,27,3,9,
15763,9071,771426,19,19,3,8,
15764,13172,771426,31,31,3,9,
15765,13161,771426,3,4,4,9,
15766,1898,771426,3,4,4,8,
15767,6101,771426,3,4,4,8,
15768,1887,771426,3,4,4,8,
15769,8315,771426,17,17,3,9,
15770,6909,771426,15,15,3,8,
15771,1272,771426,3,4,4,9,
15772,21035,771426,33,33,3,8,
15773,55944,771426,25,25,3,9,
15774,3293,771426,3,4,4,9,
15775,12160,771426,21,21,3,9,
15776,9160,771426,21,21,3,9,
15777,15485,771426,33,33,3,9,
15778,29305,771426,19,19,3,6,
15779,14297,771426,21,21,3,8,
15780,12134,771426,25,25,3,9,
15781,11906,771426,19,19,3,8,
15782,5725,771426,13,13,3,8,
15783,8267,771426,19,19,3,8,
15784,5498,771426,3,4,4,9,
15785,16364,771426,31,31,3,7,
15786,7304,771426,13,13,3,8,
15787,18807,771426,33,33,3,9,
15788,34180,771426,3,4,4,7,
15789,8155,771426,3,4,4,8,
15790,38379,771426,25,25,3,9,
15791,71765,771426,33,33,3,9,
15792,19307,771426,3,4,4,6,
15793,14154,771426,3,4,4,7,
15794,17522,771426,3,4,4,7,
15795,34962,771426,17,17,3,8,
15796,24314,771426,3,4,4,9,
15797,15780,771426,3,4,4,8,
15798,9539,771426,17,17,3,9,
15799,9947,771426,3,4,4,7,
15800,42993,771426,33,33,3,8,
15801,36804,771426,3,4,4,8,
15802,6837,771426,13,13,3,8,
15803,53106,771426,23,23,3,9,
15804,48243,771426,33,33,3,9,
15805,37430,771426,23,23,3,8,
15806,2656,771426,3,4,4,9,
15807,29552,771426,15,15,3,8,
15808,3393,771426,3,4,4,9,
15809,43554,771426,27,27,3,8,
15810,24956,771426,3,4,4,8,
15811,32313,771426,21,21,3,9,
15812,3424,771426,3,4,4,8,
15813,5767,771426,3,4,4,7,
15814,3084,771426,3,4,4,9,
15815,1585,771426,3,4,4,8,
15816,1609,771426,3,4,4,7,
15817,1978,771426,3,4,4,7,
15818,15692,771426,29,29,3,7,
15819,16786,771426,25,25,3,7,
15820,1725,771426,3,4,4,7,
15821,9579,771426,15,15,3,7,
15822,2826,771426,3,4,4,8,
15823,10959,771426,3,4,4,9,
15824,10666,771426,23,23,3,9,
15825,11018,771426,13,13,3,8,
15826,5446,771426,3,4,4,9,
15827,9621,771426,3,4,4,8,
15828,12455,771426,29,29,3,8,
15829,1628,771426,3,4,4,8,
15830,8088,771426,17,17,3,9,
15831,8155,771426,19,19,3,8,
15832,8438,771426,3,4,4,8,
15833,8317,771426,3,4,4,8,
15834,1835,771426,3,4,4,9,
15835,8303,771426,3,4,4,8,
15836,1679,771426,3,4,4,8,
15837,2345,771426,3,4,4,8,
15838,829,771426,3,4,4,8,
15839,1590,771426,3,4,4,8,
15840,14988,771426,27,27,3,8,
15841,13819,771426,31,31,3,8,
15842,9678,771426,21,21,3,8,
15843,11175,771426,19,19,3,8,
15844,9630,771426,3,4,4,8,
15845,9732,771426,25,25,3,8,
15846,10373,771426,3,4,4,7,
15847,27199,771426,23,23,3,9,
15848,12721,771426,23,23,3,8,
15849,19667,771426,33,33,3,9,
15850,1574,771426,3,4,4,8,
15851,15851,771426,25,25,3,8,
15852,19050,771426,29,29,3,8,
15853,20799,771426,31,31,3,8,
15854,17322,771426,25,25,3,8,
15855,22075,771426,3,4,4,8,
15856,1620,771426,3,4,4,9,
15857,892,771426,3,4,4,9,
15858,1227,771426,3,4,4,9,
15859,17277,771426,21,21,3,8,
15860,16454,771426,31,31,3,8,
15861,8297,771426,3,4,4,9,
15862,6411,771426,15,15,3,9,
15863,10642,771426,17,17,3,9,
15864,20848,771426,31,31,3,9,
15865,13585,771426,29,29,3,8,
15866,9640,771426,19,19,3,8,
15867,13948,771426,3,4,4,8,
15868,13008,771426,31,31,3,8,
15869,8874,771426,19,19,3,8,
15870,1259,771426,3,4,4,8,
15871,8795,771426,25,25,3,8,
15872,9155,771426,3,4,4,8,
15873,9635,771426,3,4,4,9,
15874,16148,771426,29,29,3,9,
15875,9286,771426,3,4,4,9,
15876,2583,771426,3,4,4,8,
15877,7456,771426,13,13,3,9,
15878,10571,771426,13,13,3,8,
15879,9674,771426,13,13,3,8,
15880,10655,771426,3,4,4,9,
15881,6371,771426,13,13,3,8,
15882,8909,771426,3,4,4,7,
15883,10195,771426,21,21,3,9,
15884,16799,771426,27,27,3,8,
15885,9167,771426,23,23,3,8,
15886,8799,771426,17,17,3,9,
15887,9016,771426,3,4,4,9,
15888,1738,771426,3,4,4,8,
15889,3081,771426,3,4,4,8,
15890,12175,771426,21,21,3,7,
15891,7533,771426,15,15,3,8,
15892,11282,771426,21,21,3,7,
15893,6091,771426,13,13,3,8,
15894,2275,771426,3,4,4,9,
15895,1949,771426,3,4,4,9,
15896,10057,771426,19,19,3,7,
15897,9294,771426,3,4,4,8,
15898,2557,771426,3,4,4,8,
15899,11583,771426,3,4,4,8,
15900,1839,771426,3,4,4,8,
15901,1132,771426,3,4,4,8,
15902,1703,771426,3,4,4,8,
15903,13229,771426,23,23,3,8,
15904,2282,771426,3,4,4,9,
15905,23731,771426,33,33,3,9,
15906,14463,771426,29,29,3,8,
15907,18083,771426,29,29,3,9,
15908,3988,771426,3,4,4,8,
15909,14879,771426,3,4,4,7,
15910,12486,771426,19,20,3,8,
15911,1319,771426,3,4,4,8,
15912,1832,771426,3,4,4,8,
15913,1239,771426,3,4,4,8,
15914,1412,771426,3,4,4,8,
15915,17281,771426,25,25,3,8,
15916,12065,771426,27,27,3,8,
15917,11435,771426,29,29,3,8,
15918,12214,771426,3,4,4,9,
15919,12757,771426,3,4,4,9,
15920,3595,771426,3,4,4,8,
15921,16647,771426,33,33,3,9,
15922,11686,771426,21,21,3,8,
15923,12244,771426,27,27,3,8,
15924,11919,771426,3,4,4,8,
15925,7463,771426,15,15,3,8,
15926,11469,771426,23,23,3,9,
15927,16460,771426,33,33,3,8,
15928,14879,771426,25,25,3,9,
15929,8263,771426,3,4,4,8,
15930,13839,771426,3,4,4,8,
15931,11813,771426,3,4,4,9,
15932,12462,771426,25,25,3,9,
15933,3982,771426,3,4,4,8,
15934,17266,771426,31,31,3,9,
15935,991,771426,3,4,4,9,
15936,7147,771426,13,13,3,8,
15937,12317,771426,21,21,3,9,
15938,8649,771426,15,15,3,8,
15939,8673,771426,3,4,4,9,
15940,12127,771426,21,21,3,8,
15941,16898,771426,27,27,3,8,
15942,11764,771426,3,4,4,9,
15943,16293,771426,3,4,4,8,
15944,14744,771426,23,23,3,9,
15945,2120,771426,3,4,4,8,
15946,7652,771426,21,21,3,8,
15947,10102,771426,19,19,3,9,
15948,14871,771426,25,25,3,9,
15949,7541,771426,15,15,3,9,
15950,15486,771426,27,27,3,9,
15951,1707,771426,3,4,4,9,
15952,5975,771426,13,13,3,8,
15953,14265,771426,3,4,4,9,
15954,6395,771426,13,13,3,8,
15955,2342,771426,3,4,4,8,
15956,11828,771426,19,19,3,8,
15957,10656,771426,23,23,3,8,
15958,2349,771426,3,4,4,9,
15959,2491,771426,3,4,4,8,
15960,12357,771426,27,27,3,8,
15961,10643,771426,19,19,3,8,
15962,2234,771426,3,4,4,8,
15963,10664,771426,3,4,4,8,
15964,1755,771426,3,4,4,9,
15965,6767,771426,3,4,4,8,
15966,15438,771426,31,31,3,9,
15967,16036,771426,3,4,4,8,
15968,1874,771426,3,4,4,8,
15969,2204,771426,3,4,4,8,
15970,4251,771426,3,4,4,7,
15971,10870,771426,23,23,3,8,
15972,17277,771426,33,33,3,9,
15973,11845,771426,21,21,3,8,
15974,4731,771426,13,13,3,8,
15975,2731,771426,3,4,4,8,
15976,15487,771426,33,33,3,8,
15977,13970,771426,31,31,3,9,
15978,15192,771426,3,4,4,8,
15979,17395,771426,31,31,3,9,
15980,11989,771426,3,4,4,8,
15981,9096,771426,19,19,3,9,
15982,2710,771426,3,4,4,8,
15983,9889,771426,3,4,4,9,
15984,16241,771426,31,31,3,9,
15985,16650,771426,3,4,4,9,
15986,5820,771426,3,4,4,8,
15987,14353,771426,27,27,3,8,
15988,1715,771426,3,4,4,8,
15989,15699,771426,33,33,3,9,
15990,12085,771426,21,21,3,7,
15991,15662,771426,31,31,3,8,
15992,16726,771426,3,4,4,8,
15993,10119,771426,27,27,3,9,
15994,14197,771426,23,23,3,9,
15995,14410,771426,3,4,4,9,
15996,14196,771426,25,25,3,8,
15997,13964,771426,3,4,4,9,
15998,12325,771426,23,23,3,7,
15999,13210,771426,3,4,4,8,
16000,13642,771426,29,29,3,8,
16001,9200,771426,21,21,3,9,
16002,13171,771426,27,27,3,8,
16003,1177,771426,3,4,4,8,
16004,15127,771426,33,33,3,9,
16005,9623,771426,19,19,3,8,
16006,10492,771426,3,4,4,9,
16007,2690,771426,3,4,4,8,
16008,9906,771426,23,23,3,8,
16009,1925,771426,3,4,4,9,
16010,12364,771426,27,27,3,8,
16011,9770,771426,3,4,4,8,
16012,1740,771426,3,4,4,9,
16013,11417,771426,3,4,4,9,
16014,12796,771426,29,29,3,8,
16015,2431,771426,3,4,4,9,
16016,5711,771426,13,13,3,8,
16017,1984,771426,3,4,4,9,
16018,3724,771426,3,4,4,9,
16019,9678,771426,21,21,3,8,
16020,10371,771426,3,4,4,9,
16021,1305,771426,3,4,4,8,
16022,5034,771426,15,15,3,8,
16023,5447,771426,3,4,4,8,
16024,19177,771426,33,33,3,8,
16025,4864,771426,13,13,3,8,
16026,5133,771426,3,4,4,8,
16027,1287,771426,3,4,4,8,
16028,1617,771426,3,4,4,7,
16029,1783,771426,3,4,4,7,
16030,15098,771426,25,25,3,7,
16031,2929,771426,3,4,4,7,
16032,2468,771426,3,4,4,7,
16033,2138,771426,3,4,4,7,
16034,13249,771426,15,15,3,7,
16035,13211,771426,21,21,3,7,
16036,2465,771426,3,4,4,8,
16037,15492,771426,21,21,3,8,
16038,2425,771426,3,4,4,7,
16039,11811,771426,15,15,3,6,
16040,11983,771426,23,23,3,7,
16041,14620,771426,23,23,3,9,
16042,15358,771426,3,4,4,9,
16043,9889,771426,17,17,3,7,
16044,14134,771426,27,27,3,7,
16045,15247,771426,3,4,4,6,
16046,10779,771426,29,29,3,7,
16047,11958,771426,3,4,4,7,
16048,13982,771426,25,25,3,7,
16049,2635,771426,3,4,4,8,
16050,15256,771426,33,33,3,8,
16051,7647,771426,21,21,3,8,
16052,4723,771426,13,13,3,8,
16053,7631,771426,3,4,4,9,
16054,9424,771426,27,27,3,9,
16055,6502,771426,3,4,4,8,
16056,1947,771426,3,4,4,8,
16057,7754,771426,21,21,3,9,
16058,8003,771426,3,4,4,9,
16059,11034,771426,25,25,3,9,
16060,11309,771426,3,4,4,8,
16061,20233,771426,33,33,3,9,
16062,12054,771426,27,27,3,8,
16063,18036,771426,27,27,3,8,
16064,17169,771426,27,27,3,8,
16065,11844,771426,3,4,4,8,
16066,19728,771426,33,33,3,9,
16067,1710,771426,3,4,4,9,
16068,1599,771426,3,4,4,9,
16069,2344,771426,3,4,4,8,
16070,2291,771426,3,4,4,8,
16071,13735,771426,25,25,3,8,
16072,1348,771426,3,4,4,8,
16073,13479,771426,3,4,4,8,
16074,11273,771426,19,19,3,8,
16075,8010,771426,13,13,3,9,
16076,2539,771426,3,4,4,9,
16077,12553,771426,27,27,3,9,
16078,12389,771426,3,4,4,9,
16079,1792,771426,3,4,4,8,
16080,4175,771426,3,4,4,8,
16081,10480,771426,23,23,3,9,
16082,14358,771426,23,23,3,8,
16083,17859,771426,33,33,3,9,
16084,1869,771426,3,4,4,8,
16085,13470,771426,3,4,4,8,
16086,2449,771426,3,4,4,8,
16087,12833,771426,17,17,3,8,
16088,24088,771426,33,33,3,8,
16089,11549,771426,19,19,3,8,
16090,14399,771426,25,25,3,8,
16091,13193,771426,27,27,3,9,
16092,6044,771426,17,17,3,9,
16093,11047,771426,17,17,3,9,
16094,12831,771426,23,23,3,8,
16095,12219,771426,21,21,3,9,
16096,11974,771426,3,4,4,8,
16097,13870,771426,25,25,3,8,
16098,13097,771426,3,4,4,8,
16099,12653,771426,21,21,3,9,
16100,8566,771426,15,15,3,8,
16101,17245,771426,29,29,3,8,
16102,11554,771426,3,4,4,9,
16103,1089,771426,3,4,4,8,
16104,9404,771426,15,15,3,9,
16105,9435,771426,21,21,3,8,
16106,1726,771426,3,4,4,9,
16107,10505,771426,3,4,4,8,
16108,1899,771426,3,4,4,8,
16109,20088,771426,33,33,3,8,
16110,15339,771426,13,13,3,9,
16111,17152,771426,31,31,3,9,
16112,15117,771426,3,4,4,9,
16113,12625,771426,19,19,3,9,
16114,10019,771426,23,23,3,9,
16115,14403,771426,25,25,3,8,
16116,14546,771426,3,4,4,8,
16117,2563,771426,3,4,4,9,
16118,1048,771426,3,4,4,9,
16119,1453,771426,3,4,4,9,
16120,20129,771426,27,27,3,9,
16121,19770,771426,3,4,4,9,
16122,9341,771426,15,15,3,8,
16123,13403,771426,27,27,3,9,
16124,2511,771426,3,4,4,8,
16125,16680,771426,29,29,3,8,
16126,2625,771426,3,4,4,8,
16127,6658,771426,13,13,3,9,
16128,25234,771426,31,31,3,9,
16129,26281,771426,3,4,4,8,
16130,1679,771426,3,4,4,9,
16131,11751,771426,17,17,3,8,
16132,6556,771426,3,4,4,9,
16133,21488,771426,31,31,3,8,
16134,15094,771426,21,21,3,9,
16135,27114,771426,29,29,3,8,
16136,29310,771426,3,4,4,9,
16137,2181,771426,3,4,4,9,
16138,2377,771426,3,4,4,8,
16139,29320,771426,25,25,3,9,
16140,12752,771426,17,17,3,8,
16141,17353,771426,25,25,3,8,
16142,13259,771426,3,4,4,9,
16143,13291,771426,23,23,3,8,
16144,4497,771426,3,4,4,8,
16145,20717,771426,27,27,3,8,
16146,11417,771426,21,21,3,8,
16147,4864,771426,3,4,4,8,
16148,5727,771426,3,4,4,8,
16149,8630,771426,3,4,4,8,
16150,15224,771426,3,4,4,8,
16151,19175,771426,21,21,3,9,
16152,8971,771426,23,23,3,8,
16153,17494,771426,3,4,4,8,
16154,7113,771426,13,13,3,9,
16155,1848,771426,3,4,4,8,
16156,5114,771426,3,4,4,8,
16157,9385,771426,17,17,3,8,
16158,11545,771426,21,21,3,8,
16159,3619,771426,3,4,4,9,
16160,10167,771426,15,16,3,8,
16161,2946,771426,3,4,4,8,
16162,13317,771426,21,21,3,9,
16163,2089,771426,3,4,4,8,
16164,38036,771426,33,33,3,8,
16165,37355,771426,3,4,4,7,
16166,1719,771426,3,4,4,9,
16167,11277,771426,15,15,3,7,
16168,3167,771426,3,4,4,9,
16169,11461,771426,17,17,3,8,
16170,2102,771426,3,4,4,8,
16171,30014,771426,3,4,4,6,
16172,2317,771426,3,4,4,8,
16173,8057,771426,21,21,3,8,
16174,5039,771426,3,4,4,9,
16175,2552,771426,3,4,4,9,
16176,2570,771426,3,4,4,8,
16177,2231,771426,3,4,4,9,
16178,1487,771426,3,4,4,8,
16179,1989,771426,3,4,4,9,
16180,2082,771426,3,4,4,9,
16181,1927,771426,3,4,4,8,
16182,22190,771426,3,4,4,7,
16183,22739,771426,3,4,4,7,
16184,22816,771426,3,4,4,7,
16185,26837,771426,3,4,4,6,
16186,23694,771426,3,4,4,6,
16187,26063,771426,3,4,4,8,
16188,4449,771426,3,4,4,6,
16189,1753,771426,3,4,4,4,
16190,2838,771426,3,4,4,6,
16191,5080,771426,3,4,4,4,
16192,860,771426,3,4,4,6,
16193,5398,771426,19,19,3,3,
16194,1711,771426,3,4,4,6,
16195,1528,771426,3,4,4,7,
16196,7013,771426,29,29,3,4,
16197,1947,771426,3,4,4,5,
16198,1324,771426,3,4,4,6,
16199,2113,771426,3,4,4,4,
16200,3486,771426,23,23,3,0,
16201,1367,771426,3,4,4,3,
16202,23065,771426,33,33,3,5,
16203,921,771426,3,4,4,3,
16204,15316,771426,27,27,3,5,
16205,7078,771426,19,19,3,6,
16206,23414,771426,3,4,4,7,
16207,12778,771426,23,23,3,6,
16208,7664,771426,3,4,4,7,
16209,1437,771426,3,4,4,7,
16210,29555,771426,33,33,3,8,
16211,9895,771426,19,19,3,8,
16212,11117,771426,21,21,3,8,
16213,15961,771426,27,27,3,8,
16214,15305,771426,25,25,3,8,
16215,9016,771426,3,4,4,7,
16216,19302,771426,33,33,3,8,
16217,17967,771426,3,4,4,8,
16218,19831,771426,33,33,3,7,
16219,3946,771426,3,4,4,8,
16220,10692,771426,25,25,3,8,
16221,12980,771426,23,24,3,9,
16222,12949,771426,21,21,3,7,
16223,13081,771426,3,4,4,7,
16224,10760,771426,25,25,3,9,
16225,12679,771426,3,4,4,8,
16226,13365,771426,31,31,3,8,
16227,14456,771426,3,4,4,9,
16228,7879,771426,21,21,3,8,
16229,2495,771426,3,4,4,9,
16230,2397,771426,3,4,4,8,
16231,2124,771426,3,4,4,8,
16232,2222,771426,3,4,4,8,
16233,10505,771426,21,21,3,8,
16234,16568,771426,23,23,3,8,
16235,2051,771426,3,4,4,8,
16236,27319,771426,25,25,3,8,
16237,8253,771426,17,17,3,9,
16238,2557,771426,3,4,4,9,
16239,13980,771426,33,33,3,8,
16240,1970,771426,3,4,4,9,
16241,1836,771426,3,4,4,8,
16242,8098,771426,15,15,3,9,
16243,7579,771426,17,17,3,8,
16244,7681,771426,3,4,4,9,
16245,22741,771426,29,29,3,9,
16246,8099,771426,3,4,4,8,
16247,22527,771426,3,4,4,9,
16248,17960,771426,3,4,4,9,
16249,17883,771426,33,33,3,8,
16250,7803,771426,17,17,3,9,
16251,19993,771426,31,31,3,8,
16252,598,771426,3,4,4,7,
16253,9469,771426,15,15,3,8,
16254,10729,771426,17,18,3,8,
16255,9638,771426,15,15,3,9,
16256,15278,771426,25,25,3,9,
16257,8973,771426,15,15,3,8,
16258,1876,771426,3,4,4,9,
16259,14129,771426,33,33,3,8,
16260,8600,771426,21,21,3,8,
16261,9229,771426,3,4,4,8,
16262,28088,771426,27,27,3,9,
16263,7249,771426,3,4,4,8,
16264,2241,771426,3,4,4,9,
16265,12628,771426,29,29,3,9,
16266,11902,771426,3,4,4,8,
16267,7561,771426,17,17,3,8,
16268,13612,771426,19,19,3,9,
16269,6603,771426,3,4,4,9,
16270,1983,771426,3,4,4,8,
16271,12633,771426,23,23,3,9,
16272,2023,771426,3,4,4,9,
16273,12213,771426,27,27,3,9,
16274,12042,771426,3,4,4,9,
16275,16898,771426,3,4,4,8,
16276,18080,771426,29,29,3,8,
16277,18121,771426,27,27,3,8,
16278,1656,771426,3,4,4,9,
16279,14119,771426,21,21,3,8,
16280,15498,771426,33,33,3,8,
16281,9035,771426,19,19,3,8,
16282,10257,771426,3,4,4,7,
16283,8206,771426,13,13,3,8,
16284,15398,771426,21,21,3,8,
16285,2604,771426,3,4,4,8,
16286,12370,771426,17,17,3,8,
16287,7759,771426,13,13,3,8,
16288,4095,771426,3,4,4,8,
16289,13676,771426,25,25,3,7,
16290,9694,771426,19,19,3,8,
16291,571,771426,3,4,4,7,
16292,15478,771426,25,25,3,8,
16293,21265,771426,33,33,3,7,
16294,21821,771426,3,4,4,8,
16295,2329,771426,3,4,4,9,
16296,1722,771426,3,4,4,9,
16297,1115,771426,3,4,4,9,
16298,1454,771426,3,4,4,9,
16299,1930,771426,3,4,4,8,
16300,10253,771426,15,15,3,9,
16301,6643,771426,19,19,3,8,
16302,10050,771426,19,19,3,8,
16303,6402,771426,3,4,4,9,
16304,22080,771426,33,33,3,9,
16305,16719,771426,29,29,3,8,
16306,5271,771426,3,4,4,9,
16307,11720,771426,21,21,3,9,
16308,12918,771426,23,23,3,8,
16309,11228,771426,27,27,3,9,
16310,1940,771426,3,4,4,8,
16311,15233,771426,3,4,4,9,
16312,1073,771426,3,4,4,9,
16313,2020,771426,3,4,4,9,
16314,2855,771426,3,4,4,8,
16315,9627,771426,17,17,3,8,
16316,5566,771426,15,15,3,9,
16317,18434,771426,31,31,3,8,
16318,9116,771426,3,4,4,8,
16319,3251,771426,3,4,4,9,
16320,978,771426,3,4,4,7,
16321,9710,771426,19,19,3,9,
16322,14858,771426,3,4,4,8,
16323,11912,771426,21,21,3,8,
16324,14940,771426,29,29,3,8,
16325,15416,771426,33,33,3,8,
16326,10854,771426,25,25,3,8,
16327,1206,771426,3,4,4,9,
16328,10524,771426,3,4,4,8,
16329,1492,771426,3,4,4,9,
16330,1726,771426,3,4,4,9,
16331,2263,771426,3,4,4,8,
16332,1824,771426,3,4,4,8,
16333,7252,771426,3,4,4,6,
16334,6873,771426,19,19,3,7,
16335,7656,771426,3,4,4,7,
16336,6595,771426,3,4,4,8,
16337,1750,771426,3,4,4,8,
16338,2220,771426,3,4,4,9,
16339,1641,771426,3,4,4,6,
16340,12912,771426,19,19,3,8,
16341,10028,771426,17,17,3,8,
16342,2014,771426,3,4,4,9,
16343,11961,771426,3,4,4,6,
16344,7534,771426,13,13,3,7,
16345,2019,771426,3,4,4,7,
16346,18407,771426,27,27,3,8,
16347,2875,771426,3,4,4,8,
16348,2707,771426,3,4,4,8,
16349,2382,771426,3,4,4,8,
16350,14668,771426,27,27,3,8,
16351,12626,771426,25,25,3,9,
16352,4797,771426,15,15,3,8,
16353,15262,771426,31,31,3,9,
16354,5479,771426,3,4,4,9,
16355,10200,771426,3,4,4,9,
16356,13299,771426,19,19,3,8,
16357,7933,771426,15,15,3,9,
16358,16839,771426,23,23,3,8,
16359,1221,771426,3,4,4,8,
16360,1789,771426,3,4,4,9,
16361,19246,771426,29,29,3,9,
16362,17393,771426,23,23,3,9,
16363,8805,771426,15,15,3,9,
16364,7472,771426,15,15,3,8,
16365,6840,771426,15,15,3,8,
16366,19297,771426,23,23,3,8,
16367,7368,771426,3,4,4,8,
16368,6490,771426,3,4,4,9,
16369,5526,771426,3,4,4,9,
16370,15266,771426,27,27,3,8,
16371,9642,771426,19,19,3,8,
16372,2282,771426,3,4,4,9,
16373,14092,771426,27,27,3,8,
16374,8952,771426,13,13,3,9,
16375,8878,771426,3,4,4,8,
16376,8449,771426,13,13,3,8,
16377,8172,771426,13,13,3,9,
16378,1810,771426,3,4,4,9,
16379,11353,771426,27,27,3,9,
16380,10875,771426,3,4,4,9,
16381,6232,771426,3,4,4,9,
16382,15856,771426,29,29,3,9,
16383,12695,771426,33,33,3,8,
16384,15598,771426,3,4,4,7,
16385,8786,771426,19,19,3,8,
16386,14707,771426,31,31,3,8,
16387,13230,771426,3,4,4,8,
16388,10185,771426,25,25,3,9,
16389,10519,771426,3,4,4,8,
16390,1579,771426,3,4,4,8,
16391,2212,771426,3,4,4,9,
16392,2104,771426,3,4,4,9,
16393,4113,771426,3,4,4,8,
16394,8810,771426,17,17,3,9,
16395,7959,771426,3,4,4,9,
16396,1406,771426,3,4,4,8,
16397,12419,771426,25,25,3,8,
16398,1954,771426,3,4,4,9,
16399,16561,771426,29,29,3,8,
16400,2424,771426,3,4,4,8,
16401,11905,771426,3,4,4,8,
16402,12588,771426,25,25,3,7,
16403,10968,771426,29,29,3,8,
16404,16609,771426,33,33,3,8,
16405,11695,771426,3,4,4,8,
16406,7001,771426,19,19,3,9,
16407,8541,771426,13,13,3,8,
16408,9234,771426,3,4,4,9,
16409,8659,771426,3,4,4,9,
16410,7725,771426,21,21,3,8,
16411,22222,771426,29,29,3,8,
16412,7568,771426,3,4,4,8,
16413,2282,771426,3,4,4,8,
16414,18869,771426,25,25,3,8,
16415,26052,771426,13,13,3,8,
16416,23355,771426,33,33,3,9,
16417,8627,771426,15,15,3,8,
16418,17830,771426,3,4,4,9,
16419,13923,771426,21,21,3,9,
16420,19119,771426,33,33,3,8,
16421,1460,771426,3,4,4,8,
16422,991,771426,3,4,4,8,
16423,610,771426,3,4,4,8,
16424,1553,771426,3,4,4,8,
16425,1890,771426,3,4,4,9,
16426,13695,771426,3,4,4,8,
16427,1704,771426,3,4,4,9,
16428,1706,771426,3,4,4,9,
16429,14386,771426,19,19,3,9,
16430,14862,771426,3,4,4,9,
16431,17215,771426,33,33,3,8,
16432,15561,771426,27,27,3,9,
16433,15660,771426,3,4,4,8,
16434,5304,771426,3,4,4,9,
16435,13046,771426,33,33,3,8,
16436,14417,771426,27,27,3,8,
16437,13328,771426,3,4,4,8,
16438,6606,771426,13,13,3,9,
16439,9492,771426,21,21,3,8,
16440,16094,771426,33,33,3,9,
16441,16351,771426,3,4,4,9,
16442,4336,771426,3,4,4,8,
16443,18073,771426,33,33,3,9,
16444,3805,771426,3,4,4,7,
16445,17714,771426,3,4,4,8,
16446,6081,771426,13,13,3,9,
16447,3057,771426,3,4,4,8,
16448,9394,771426,19,19,3,9,
16449,2532,771426,3,4,4,7,
16450,19220,771426,33,33,3,9,
16451,8879,771426,21,21,3,8,
16452,7146,771426,15,15,3,8,
16453,12534,771426,25,25,3,8,
16454,4766,771426,3,4,4,9,
16455,1895,771426,3,4,4,8,
16456,1611,771426,3,4,4,9,
16457,12464,771426,33,33,3,8,
16458,2050,771426,3,4,4,8,
16459,13130,771426,3,4,4,9,
16460,1721,771426,3,4,4,8,
16461,6550,771426,3,4,4,9,
16462,1691,771426,3,4,4,8,
16463,12335,771426,25,25,3,8,
16464,12879,771426,29,29,3,8,
16465,12163,771426,3,4,4,8,
16466,1946,771426,3,4,4,8,
16467,7654,771426,19,19,3,8,
16468,12137,771426,27,27,3,8,
16469,8306,771426,3,4,4,8,
16470,12464,771426,3,4,4,8,
16471,7270,771426,3,4,4,9,
16472,1338,771426,3,4,4,9,
16473,9275,771426,19,19,3,8,
16474,11200,771426,21,21,3,9,
16475,21423,771426,33,33,3,8,
16476,15630,771426,27,27,3,8,
16477,20630,771426,3,4,4,8,
16478,3373,771426,3,4,4,8,
16479,12198,771426,27,27,3,9,
16480,3689,771426,3,4,4,8,
16481,1752,771426,3,4,4,9,
16482,2531,771426,3,4,4,8,
16483,2423,771426,3,4,4,9,
16484,2695,771426,3,4,4,8,
16485,12005,771426,25,25,3,8,
16486,3324,771426,3,4,4,9,
16487,11988,771426,3,4,4,8,
16488,13137,771426,31,31,3,8,
16489,13576,771426,3,4,4,8,
16490,2045,771426,3,4,4,9,
16491,1826,771426,3,4,4,9,
16492,10761,771426,25,25,3,8,
16493,6043,771426,17,17,3,8,
16494,7724,771426,21,21,3,9,
16495,7377,771426,3,4,4,8,
16496,9737,771426,21,21,3,8,
16497,12655,771426,27,27,3,9,
16498,9995,771426,3,4,4,8,
16499,16667,771426,29,29,3,9,
16500,17674,771426,3,4,4,8,
16501,10048,771426,19,20,3,8,
16502,8774,771426,17,17,3,8,
16503,8153,771426,23,23,3,8,
16504,9252,771426,3,4,4,8,
16505,9487,771426,3,4,4,8,
16506,27798,771426,33,33,3,8,
16507,28090,771426,3,4,4,7,
16508,2721,771426,3,4,4,8,
16509,6926,771426,17,17,3,8,
16510,12309,771426,29,29,3,8,
16511,1749,771426,3,4,4,8,
16512,1785,771426,3,4,4,8,
16513,1802,771426,3,4,4,9,
16514,11205,771426,15,15,3,8,
16515,1835,771426,3,4,4,9,
16516,12494,771426,29,29,3,8,
16517,1649,771426,3,4,4,9,
16518,15370,771426,23,23,3,9,
16519,2661,771426,3,4,4,9,
16520,14106,771426,29,29,3,8,
16521,6862,771426,3,4,4,8,
16522,8779,771426,19,19,3,9,
16523,14353,771426,25,25,3,9,
16524,12895,771426,31,31,3,8,
16525,20828,771426,27,27,3,8,
16526,7848,771426,15,15,3,8,
16527,10619,771426,17,17,3,9,
16528,6857,771426,3,4,4,9,
16529,1133,771426,3,4,4,8,
16530,9892,771426,19,19,3,9,
16531,8508,771426,17,17,3,8,
16532,4657,771426,3,4,4,7,
16533,1931,771426,3,4,4,9,
16534,2881,771426,3,4,4,8,
16535,12552,771426,25,25,3,8,
16536,2102,771426,3,4,4,8,
16537,10698,771426,19,19,3,9,
16538,6560,771426,15,15,3,7,
16539,14223,771426,26,27,3,8,
16540,11200,771426,3,4,4,8,
16541,9121,771426,3,4,4,8,
16542,8931,771426,15,15,3,9,
16543,626,771426,3,4,4,8,
16544,12210,771426,25,25,3,8,
16545,12995,771426,3,4,4,9,
16546,9583,771426,23,23,3,8,
16547,10467,771426,3,4,4,8,
16548,12736,771426,31,31,3,8,
16549,11700,771426,33,33,3,8,
16550,12683,771426,3,4,4,8,
16551,1951,771426,3,4,4,9,
16552,2032,771426,3,4,4,8,
16553,2252,771426,3,4,4,9,
16554,8881,771426,3,4,4,8,
16555,11252,771426,15,15,3,8,
16556,13864,771426,25,25,3,8,
16557,8127,771426,17,17,3,8,
16558,16622,771426,27,27,3,9,
16559,7510,771426,3,4,4,8,
16560,22631,771426,31,31,3,8,
16561,16207,771426,29,29,3,8,
16562,9270,771426,15,15,3,9,
16563,16874,771426,3,4,4,7,
16564,9977,771426,27,27,3,8,
16565,12303,771426,29,29,3,9,
16566,12751,771426,3,4,4,8,
16567,4206,771426,3,4,4,8,
16568,814,771426,3,4,4,8,
16569,25700,771426,31,31,3,8,
16570,25885,771426,3,4,4,8,
16571,7712,771426,21,21,3,8,
16572,17111,771426,29,29,3,8,
16573,10308,771426,21,21,3,9,
16574,2509,771426,3,4,4,8,
16575,1996,771426,3,4,4,7,
16576,6384,771426,13,13,3,9,
16577,1707,771426,3,4,4,8,
16578,5141,771426,3,4,4,7,
16579,12736,771426,31,31,3,8,
16580,12871,771426,23,23,3,8,
16581,14168,771426,19,19,3,8,
16582,15680,771426,27,27,3,9,
16583,1867,771426,3,4,4,8,
16584,14642,771426,23,23,3,8,
16585,11593,771426,19,19,3,8,
16586,10078,771426,19,20,3,8,
16587,4113,771426,3,4,4,9,
16588,9912,771426,15,15,3,8,
16589,20528,771426,29,29,3,9,
16590,6952,771426,13,13,3,8,
16591,14811,771426,29,29,3,8,
16592,19705,771426,33,33,3,8,
16593,20328,771426,3,4,4,8,
16594,1535,771426,3,4,4,9,
16595,5491,771426,3,4,4,8,
16596,1561,771426,3,4,4,9,
16597,12720,771426,19,19,3,9,
16598,21280,771426,29,29,3,8,
16599,18342,771426,27,27,3,8,
16600,10454,771426,19,19,3,9,
16601,13839,771426,25,25,3,8,
16602,12743,771426,27,27,3,9,
16603,8974,771426,15,15,3,8,
16604,12530,771426,27,27,3,9,
16605,5218,771426,3,4,4,8,
16606,6611,771426,3,4,4,9,
16607,1697,771426,3,4,4,9,
16608,3621,771426,3,4,4,9,
16609,2027,771426,3,4,4,8,
16610,2156,771426,3,4,4,8,
16611,14857,771426,31,31,3,8,
16612,2874,771426,3,4,4,8,
16613,15461,771426,33,33,3,8,
16614,14309,771426,3,4,4,8,
16615,12379,771426,17,17,3,8,
16616,2725,771426,3,4,4,9,
16617,23397,771426,25,25,3,9,
16618,10033,771426,21,21,3,8,
16619,7166,771426,15,15,3,8,
16620,10495,771426,19,19,3,8,
16621,4185,771426,13,13,3,9,
16622,5050,771426,3,4,4,9,
16623,15537,771426,27,27,3,8,
16624,1821,771426,3,4,4,9,
16625,9608,771426,15,15,3,9,
16626,9935,771426,3,4,4,8,
16627,8264,771426,17,17,3,8,
16628,5430,771426,13,13,3,8,
16629,14529,771426,31,31,3,8,
16630,8114,771426,21,21,3,8,
16631,8780,771426,3,4,4,8,
16632,10383,771426,3,4,4,9,
16633,2284,771427,3,4,4,9,
16634,2615,771427,3,4,4,8,
16635,2135,771427,3,4,4,8,
16636,8585,771427,19,19,3,8,
16637,10092,771427,23,23,3,8,
16638,12431,771427,31,31,3,9,
16639,8010,771427,3,4,4,7,
16640,9740,771427,3,4,4,9,
16641,4845,771427,3,4,4,8,
16642,24197,771427,29,29,3,9,
16643,13722,771427,33,33,3,8,
16644,13173,771427,3,4,4,9,
16645,2105,771427,3,4,4,8,
16646,12886,771427,27,27,3,8,
16647,6766,771427,21,21,3,8,
16648,11754,771427,3,4,4,8,
16649,8528,771427,3,4,4,9,
16650,1529,771427,3,4,4,9,
16651,8129,771427,21,21,3,9,
16652,7951,771427,3,4,4,9,
16653,14123,771427,3,4,4,8,
16654,2894,771427,3,4,4,8,
16655,12353,771427,31,31,3,8,
16656,9368,771427,17,17,3,8,
16657,34787,771427,29,30,3,8,
16658,39496,771427,3,4,4,5,
16659,1573,771427,3,4,4,8,
16660,1844,771427,3,4,4,8,
16661,2485,771427,3,4,4,9,
16662,34256,771427,29,29,3,7,
16663,10386,771427,23,23,3,8,
16664,38016,771427,3,4,4,7,
16665,3156,771427,13,13,3,8,
16666,1914,771427,3,4,4,8,
16667,26138,771427,3,4,4,8,
16668,2824,771427,3,4,4,8,
16669,29989,771427,33,33,3,7,
16670,29462,771427,33,33,3,6,
16671,26897,771427,19,19,3,7,
16672,28771,771427,3,4,4,6,
16673,33510,771427,21,21,3,9,
16674,3085,771427,3,4,4,6,
16675,12818,771427,31,31,3,6,
16676,11502,771427,15,15,3,6,
16677,7472,771427,3,4,4,7,
16678,638,771427,3,4,4,6,
16679,700,771427,3,4,4,6,
16680,12676,771427,23,23,3,8,
16681,12941,771427,29,29,3,7,
16682,1295,771427,3,4,4,8,
16683,13334,771427,25,25,3,8,
16684,13984,771427,3,4,4,8,
16685,11159,771427,29,29,3,8,
16686,12693,771427,3,4,4,8,
16687,12167,771427,27,27,3,8,
16688,11741,771427,3,4,4,8,
16689,3423,771427,3,4,4,8,
16690,1762,771427,3,4,4,8,
16691,1893,771427,3,4,4,8,
16692,7014,771427,13,13,3,8,
16693,2703,771427,3,4,4,8,
16694,14530,771427,21,21,3,8,
16695,8782,771427,25,25,3,8,
16696,11997,771427,25,25,3,7,
16697,14861,771427,3,4,4,8,
16698,2185,771427,3,4,4,8,
16699,8728,771427,3,4,4,9,
16700,2160,771427,3,4,4,8,
16701,6638,771427,15,15,3,8,
16702,1378,771427,3,4,4,9,
16703,15049,771427,33,33,3,8,
16704,6442,771427,3,4,4,9,
16705,15253,771427,3,4,4,9,
16706,6172,771427,19,19,3,8,
16707,7881,771427,19,19,3,9,
16708,7528,771427,3,4,4,8,
16709,2207,771427,3,4,4,8,
16710,10420,771427,21,21,3,8,
16711,990,771427,3,4,4,8,
16712,10635,771427,3,4,4,8,
16713,11668,771427,19,19,3,9,
16714,11572,771427,3,4,4,8,
16715,12839,771427,23,23,3,9,
16716,12621,771427,3,4,4,9,
16717,1946,771427,3,4,4,9,
16718,11038,771427,25,25,3,8,
16719,14949,771427,21,21,3,8,
16720,1652,771427,3,4,4,8,
16721,10103,771427,19,19,3,9,
16722,10136,771427,3,4,4,8,
16723,2781,771427,3,4,4,9,
16724,11350,771427,21,21,3,8,
16725,2185,771427,3,4,4,8,
16726,10532,771427,3,4,4,8,
16727,13881,771427,29,29,3,8,
16728,1747,771427,3,4,4,8,
16729,13712,771427,3,4,4,9,
16730,11586,771427,25,25,3,7,
16731,7032,771427,19,19,3,8,
16732,5866,771427,3,4,4,9,
16733,1929,771427,3,4,4,9,
16734,16069,771427,33,33,3,9,
16735,15983,771427,3,4,4,8,
16736,1596,771427,3,4,4,7,
16737,2420,771427,3,4,4,9,
16738,2033,771427,3,4,4,8,
16739,2213,771427,3,4,4,7,
16740,5255,771427,3,4,4,8,
16741,8155,771427,13,13,3,9,
16742,15056,771427,29,29,3,8,
16743,13841,771427,3,4,4,7,
16744,7634,771427,15,15,3,8,
16745,2061,771427,3,4,4,8,
16746,2673,771427,3,4,4,9,
16747,2394,771427,3,4,4,8,
16748,1902,771427,3,4,4,8,
16749,8344,771427,15,15,3,9,
16750,2277,771427,3,4,4,8,
16751,12201,771427,15,15,3,7,
16752,10134,771427,15,15,3,8,
16753,16521,771427,33,33,3,9,
16754,9169,771427,3,4,4,7,
16755,9043,771427,17,17,3,7,
16756,8433,771427,21,21,3,8,
16757,8426,771427,3,4,4,9,
16758,6715,771427,3,4,4,8,
16759,12982,771427,29,29,3,7,
16760,12044,771427,21,21,3,7,
16761,9023,771427,17,17,3,7,
16762,5039,771427,3,4,4,8,
16763,12913,771427,3,4,4,8,
16764,23192,771427,29,29,3,7,
16765,10049,771427,19,19,3,8,
16766,14209,771427,27,27,3,9,
16767,8314,771427,17,17,3,9,
16768,1562,771427,3,4,4,9,
16769,11083,771427,17,17,3,9,
16770,11219,771427,3,4,4,9,
16771,15588,771427,3,4,4,9,
16772,12189,771427,25,25,3,8,
16773,14910,771427,27,27,3,9,
16774,8535,771427,13,13,3,9,
16775,10372,771427,15,15,3,9,
16776,15221,771427,31,31,3,8,
16777,4796,771427,13,13,3,8,
16778,2137,771427,3,4,4,9,
16779,2515,771427,3,4,4,8,
16780,8423,771427,15,15,3,9,
16781,1471,771427,3,4,4,8,
16782,15251,771427,27,27,3,8,
16783,7431,771427,3,4,4,8,
16784,15065,771427,3,4,4,8,
16785,4474,771427,3,4,4,9,
16786,4830,771427,13,13,3,8,
16787,1460,771427,3,4,4,9,
16788,20570,771427,31,31,3,8,
16789,21270,771427,3,4,4,9,
16790,10911,771427,19,19,3,9,
16791,10318,771427,25,25,3,8,
16792,6163,771427,15,15,3,9,
16793,24058,771427,31,31,3,8,
16794,13447,771427,29,29,3,8,
16795,5021,771427,13,13,3,8,
16796,8948,771427,3,4,4,8,
16797,25445,771427,31,31,3,9,
16798,1668,771427,3,4,4,9,
16799,12509,771427,23,23,3,8,
16800,1732,771427,3,4,4,8,
16801,7619,771427,15,15,3,8,
16802,9035,771427,13,13,3,9,
16803,9058,771427,13,13,3,9,
16804,9775,771427,17,17,3,8,
16805,9247,771427,21,21,3,8,
16806,11379,771427,21,21,3,8,
16807,10286,771427,23,23,3,9,
16808,10689,771427,3,4,4,9,
16809,20267,771427,33,33,3,8,
16810,20790,771427,3,4,4,8,
16811,14695,771427,21,21,3,9,
16812,8933,771427,19,19,3,8,
16813,9476,771427,17,17,3,8,
16814,6877,771427,15,15,3,9,
16815,12988,771427,25,25,3,8,
16816,20178,771427,33,33,3,8,
16817,13767,771427,3,4,4,9,
16818,7151,771427,19,19,3,9,
16819,10062,771427,23,23,3,9,
16820,9532,771427,3,4,4,8,
16821,5222,771427,3,4,4,8,
16822,9421,771427,19,19,3,9,
16823,1458,771427,3,4,4,8,
16824,15581,771427,31,31,3,8,
16825,9803,771427,21,21,3,9,
16826,9672,771427,3,4,4,8,
16827,14340,771427,23,23,3,8,
16828,16903,771427,29,29,3,8,
16829,21550,771427,33,33,3,8,
16830,10973,771427,25,25,3,8,
16831,21519,771427,3,4,4,8,
16832,20384,771427,31,31,3,9,
16833,16627,771427,31,31,3,8,
16834,8018,771427,21,21,3,9,
16835,7365,771427,3,4,4,8,
16836,1965,771427,3,4,4,9,
16837,4501,771427,3,4,4,9,
16838,1373,771427,3,4,4,9,
16839,9349,771427,19,19,3,8,
16840,9438,771427,3,4,4,8,
16841,1651,771427,3,4,4,7,
16842,1959,771427,3,4,4,8,
16843,2757,771427,3,4,4,8,
16844,14828,771427,31,31,3,8,
16845,2605,771427,3,4,4,9,
16846,15000,771427,23,23,3,8,
16847,2041,771427,3,4,4,9,
16848,13491,771427,21,21,3,8,
16849,19760,771427,33,33,3,8,
16850,13072,771427,3,4,4,8,
16851,12039,771427,21,21,3,7,
16852,7402,771427,17,17,3,8,
16853,8169,771427,3,4,4,8,
16854,16443,771427,33,33,3,8,
16855,12157,771427,21,21,3,9,
16856,2012,771427,3,4,4,8,
16857,1962,771427,3,4,4,7,
16858,1065,771427,3,4,4,8,
16859,1568,771427,3,4,4,8,
16860,11276,771427,25,25,3,8,
16861,14908,771427,31,31,3,8,
16862,1057,771427,3,4,4,7,
16863,6487,771427,3,4,4,7,
16864,11227,771427,3,4,4,8,
16865,14722,771427,3,4,4,7,
16866,3656,771427,13,13,3,9,
16867,3955,771427,3,4,4,9,
16868,4275,771427,3,4,4,9,
16869,9947,771427,23,23,3,8,
16870,13317,771427,21,21,3,8,
16871,1973,771427,3,4,4,8,
16872,11357,771427,25,25,3,8,
16873,22401,771427,21,21,3,8,
16874,1331,771427,3,4,4,9,
16875,6369,771427,13,13,3,9,
16876,6850,771427,3,4,4,9,
16877,14957,771427,25,25,3,8,
16878,15328,771427,3,4,4,9,
16879,9715,771427,23,23,3,9,
16880,1591,771427,3,4,4,7,
16881,4861,771427,3,4,4,8,
16882,9152,771427,3,4,4,8,
16883,552,771427,3,4,4,8,
16884,8720,771427,21,21,3,8,
16885,10195,771427,3,4,4,8,
16886,11690,771427,29,29,3,9,
16887,8366,771427,21,21,3,8,
16888,12978,771427,19,19,3,9,
16889,8277,771427,13,13,3,9,
16890,8561,771427,3,4,4,8,
16891,2512,771427,3,4,4,8,
16892,2575,771427,3,4,4,8,
16893,3357,771427,3,4,4,9,
16894,9355,771427,19,19,3,8,
16895,6665,771427,13,13,3,9,
16896,3007,771427,3,4,4,7,
16897,9480,771427,3,4,4,8,
16898,1526,771427,3,4,4,8,
16899,1689,771427,3,4,4,9,
16900,18373,771427,33,33,3,8,
16901,9679,771427,19,19,3,9,
16902,10022,771427,3,4,4,8,
16903,7582,771427,19,19,3,9,
16904,1810,771427,3,4,4,8,
16905,7204,771427,17,17,3,8,
16906,10144,771427,25,25,3,9,
16907,7798,771427,3,4,4,8,
16908,10820,771427,3,4,4,9,
16909,13267,771427,27,27,3,9,
16910,13443,771427,3,4,4,9,
16911,6028,771427,15,15,3,8,
16912,2514,771427,3,4,4,9,
16913,2082,771427,3,4,4,8,
16914,3352,771427,3,4,4,9,
16915,1438,771427,3,4,4,8,
16916,12980,771427,21,21,3,8,
16917,10693,771427,17,17,3,9,
16918,15777,771427,21,21,3,8,
16919,22442,771427,29,29,3,9,
16920,16851,771427,33,33,3,8,
16921,18987,771427,27,27,3,8,
16922,3314,771427,3,4,4,9,
16923,18983,771427,27,27,3,9,
16924,11456,771427,21,21,3,8,
16925,1849,771427,3,4,4,9,
16926,19748,771427,29,29,3,9,
16927,15318,771427,29,29,3,8,
16928,5120,771427,17,17,3,9,
16929,7011,771427,3,4,4,9,
16930,7880,771427,3,4,4,8,
16931,8105,771427,17,17,3,8,
16932,6745,771427,3,4,4,8,
16933,17412,771427,25,25,3,8,
16934,15742,771427,25,25,3,9,
16935,4179,771427,3,4,4,9,
16936,1898,771427,3,4,4,8,
16937,18002,771427,23,23,3,8,
16938,11129,771427,19,19,3,7,
16939,3745,771427,3,4,4,8,
16940,2058,771427,3,4,4,8,
16941,16258,771427,23,23,3,8,
16942,8890,771427,17,17,3,9,
16943,16305,771427,31,31,3,9,
16944,16975,771427,3,4,4,8,
16945,11903,771427,15,15,3,9,
16946,6268,771427,15,15,3,8,
16947,8400,771427,3,4,4,8,
16948,12914,771427,33,33,3,8,
16949,6767,771427,19,19,3,7,
16950,8786,771427,25,25,3,8,
16951,7496,771427,3,4,4,9,
16952,9321,771427,3,4,4,9,
16953,5154,771427,13,13,3,8,
16954,2787,771427,3,4,4,8,
16955,8681,771427,17,17,3,8,
16956,2828,771427,3,4,4,9,
16957,2963,771427,3,4,4,9,
16958,13928,771427,25,25,3,8,
16959,8109,771427,3,4,4,8,
16960,10688,771427,21,21,3,9,
16961,1788,771427,3,4,4,8,
16962,17236,771427,13,13,3,8,
16963,11378,771427,33,33,3,8,
16964,8237,771427,17,17,3,8,
16965,11800,771427,3,4,4,9,
16966,14669,771427,33,33,3,9,
16967,14106,771427,3,4,4,8,
16968,11146,771427,25,25,3,8,
16969,11088,771427,3,4,4,9,
16970,11571,771427,27,27,3,8,
16971,13780,771427,31,31,3,9,
16972,5843,771427,3,4,4,8,
16973,1745,771427,3,4,4,9,
16974,1422,771427,3,4,4,9,
16975,9938,771427,23,23,3,9,
16976,19634,771427,19,19,3,9,
16977,12113,771427,21,21,3,8,
16978,1602,771427,3,4,4,8,
16979,14774,771427,29,29,3,9,
16980,1686,771427,3,4,4,8,
16981,12328,771427,3,4,4,8,
16982,15138,771427,3,4,4,9,
16983,16193,771427,31,32,3,8,
16984,7152,771427,19,19,3,9,
16985,2867,771427,3,4,4,9,
16986,14414,771427,23,23,3,8,
16987,22033,771427,21,21,3,8,
16988,17578,771427,23,23,3,9,
16989,24751,771427,29,29,3,8,
16990,18800,771427,31,31,3,9,
16991,9254,771427,13,13,3,9,
16992,13803,771427,21,21,3,9,
16993,10020,771427,25,25,3,8,
16994,15145,771427,13,13,3,8,
16995,15030,771427,23,23,3,8,
16996,4429,771427,3,4,4,9,
16997,10405,771427,19,19,3,8,
16998,7778,771427,15,16,3,8,
16999,12591,771427,17,17,3,8,
17000,6791,771427,13,13,3,8,
17001,6337,771427,3,4,4,8,
17002,10473,771427,21,21,3,9,
17003,3350,771427,3,4,4,8,
17004,7272,771427,3,4,4,7,
17005,13128,771427,31,31,3,8,
17006,1984,771427,3,4,4,7,
17007,18297,771427,33,33,3,8,
17008,5872,771427,3,4,4,8,
17009,1733,771427,3,4,4,8,
17010,16452,771427,27,27,3,7,
17011,18272,771427,3,4,4,7,
17012,1329,771427,3,4,4,9,
17013,1288,771427,3,4,4,9,
17014,10150,771427,23,23,3,9,
17015,13147,771427,27,27,3,8,
17016,11540,771427,33,33,3,9,
17017,1356,771427,3,4,4,8,
17018,12508,771427,3,4,4,8,
17019,10654,771427,23,23,3,8,
17020,11937,771427,3,4,4,8,
17021,11610,771427,25,25,3,9,
17022,4763,771427,3,4,4,8,
17023,2227,771427,3,4,4,8,
17024,7945,771427,3,4,4,8,
17025,8707,771427,15,15,3,9,
17026,9898,771427,23,23,3,8,
17027,13030,771427,27,27,3,8,
17028,1567,771427,3,4,4,8,
17029,10553,771427,3,4,4,8,
17030,7645,771427,3,4,4,8,
17031,1286,771427,3,4,4,8,
17032,12965,771427,3,4,4,9,
17033,8029,771427,19,19,3,8,
17034,8553,771427,3,4,4,8,
17035,1692,771427,3,4,4,8,
17036,5704,771427,13,13,3,8,
17037,2101,771427,3,4,4,8,
17038,17443,771427,19,19,3,9,
17039,16988,771427,23,23,3,8,
17040,2827,771427,3,4,4,8,
17041,21506,771427,19,19,3,8,
17042,6097,771427,13,13,3,9,
17043,1784,771427,3,4,4,8,
17044,20183,771427,29,29,3,8,
17045,1856,771427,3,4,4,7,
17046,2583,771427,3,4,4,8,
17047,24661,771427,33,33,3,8,
17048,15917,771427,13,13,3,9,
17049,12452,771427,15,15,3,8,
17050,19186,771427,27,27,3,8,
17051,14708,771427,31,31,3,9,
17052,13951,771427,21,21,3,8,
17053,23879,771427,23,23,3,8,
17054,6615,771427,3,4,4,7,
17055,4526,771427,3,4,4,8,
17056,5380,771427,3,4,4,8,
17057,2609,771427,3,4,4,7,
17058,1651,771427,3,4,4,8,
17059,3658,771427,3,4,4,8,
17060,13647,771427,23,23,3,8,
17061,14299,771427,27,27,3,8,
17062,10839,771427,17,17,3,7,
17063,3495,771427,3,4,4,7,
17064,9777,771427,21,21,3,8,
17065,13030,771427,3,4,4,9,
17066,10218,771427,17,17,3,8,
17067,9155,771427,15,15,3,9,
17068,7981,771427,3,4,4,8,
17069,12703,771427,3,4,4,9,
17070,13418,771427,25,25,3,8,
17071,14245,771427,23,23,3,9,
17072,19558,771427,29,29,3,8,
17073,15765,771427,27,27,3,8,
17074,13108,771427,3,4,4,8,
17075,9297,771427,15,15,3,8,
17076,1095,771427,3,4,4,9,
17077,1704,771427,3,4,4,8,
17078,3015,771427,3,4,4,9,
17079,3019,771427,3,4,4,8,
17080,3387,771427,3,4,4,8,
17081,2786,771427,3,4,4,8,
17082,1734,771427,3,4,4,9,
17083,2354,771427,3,4,4,8,
17084,8772,771427,13,13,3,8,
17085,10021,771427,21,21,3,8,
17086,1648,771427,3,4,4,9,
17087,10250,771427,23,23,3,8,
17088,7312,771427,17,17,3,9,
17089,10816,771427,3,4,4,8,
17090,4574,771427,3,4,4,8,
17091,6049,771427,17,17,3,8,
17092,6436,771427,3,4,4,8,
17093,1513,771427,3,4,4,8,
17094,2817,771427,3,4,4,7,
17095,1601,771427,3,4,4,8,
17096,2247,771427,3,4,4,8,
17097,2240,771427,3,4,4,7,
17098,2393,771427,3,4,4,8,
17099,15142,771427,19,19,3,8,
17100,2129,771427,3,4,4,8,
17101,2808,771427,3,4,4,8,
17102,12122,771427,25,25,3,9,
17103,12548,771427,23,23,3,8,
17104,2039,771427,3,4,4,8,
17105,3017,771427,3,4,4,8,
17106,14033,771427,3,4,4,8,
17107,13204,771427,27,27,3,8,
17108,14783,771427,23,23,3,7,
17109,12195,771427,3,4,4,8,
17110,6071,771427,13,13,3,9,
17111,15468,771427,27,27,3,9,
17112,11654,771427,25,25,3,8,
17113,13334,771427,13,13,3,9,
17114,4194,771427,3,4,4,8,
17115,2163,771427,3,4,4,9,
17116,1693,771427,3,4,4,8,
17117,2561,771427,3,4,4,7,
17118,13314,771427,27,27,3,8,
17119,6171,771427,17,17,3,8,
17120,16103,771427,21,21,3,8,
17121,6476,771427,15,15,3,7,
17122,6883,771427,3,4,4,8,
17123,12181,771427,3,4,4,7,
17124,11910,771427,17,17,3,8,
17125,20710,771427,33,33,3,9,
17126,12848,771427,23,23,3,9,
17127,2247,771427,3,4,4,9,
17128,1793,771427,3,4,4,8,
17129,13698,771427,31,31,3,8,
17130,1955,771427,3,4,4,9,
17131,13975,771427,3,4,4,8,
17132,1589,771427,3,4,4,9,
17133,9667,771427,21,21,3,9,
17134,10096,771427,3,4,4,8,
17135,1855,771427,3,4,4,9,
17136,34568,771427,27,27,3,8,
17137,35159,771427,25,25,3,8,
17138,35500,771427,3,4,4,7,
17139,31455,771427,23,23,3,8,
17140,6402,771427,3,4,4,8,
17141,31855,771427,21,21,3,5,
17142,35074,771427,29,29,3,8,
17143,29182,771427,13,13,3,6,
17144,27922,771427,3,4,4,6,
17145,34871,771427,3,4,4,8,
17146,18852,771427,3,4,4,6,
17147,600,771427,3,4,4,3,
17148,18418,771427,31,31,3,6,
17149,15890,771427,33,33,3,6,
17150,12228,771427,21,21,3,7,
17151,2412,771427,3,4,4,7,
17152,3375,771427,3,4,4,7,
17153,522,771427,3,4,4,8,
17154,9917,771427,21,21,3,8,
17155,8933,771427,17,17,3,8,
17156,33367,771427,29,29,3,9,
17157,2237,771427,3,4,4,8,
17158,14975,771427,23,23,3,8,
17159,2520,771427,3,4,4,9,
17160,2724,771427,3,4,4,8,
17161,20949,771427,31,31,3,9,
17162,1989,771427,3,4,4,9,
17163,20665,771427,29,29,3,9,
17164,20298,771427,27,27,3,8,
17165,23842,771427,29,29,3,9,
17166,9795,771427,23,23,3,9,
17167,12016,771427,15,15,3,8,
17168,9566,771427,19,19,3,9,
17169,17282,771427,3,4,4,9,
17170,4335,771427,13,13,3,9,
17171,11630,771427,21,21,3,8,
17172,14417,771427,23,23,3,8,
17173,4751,771427,15,15,3,8,
17174,4575,771427,3,4,4,8,
17175,13552,771427,21,21,3,8,
17176,17092,771427,31,31,3,7,
17177,2540,771427,3,4,4,8,
17178,16414,771427,3,4,4,6,
17179,9947,771427,23,23,3,9,
17180,14523,771427,33,33,3,6,
17181,7641,771427,15,15,3,9,
17182,11907,771427,21,21,3,7,
17183,7548,771427,3,4,4,8,
17184,11516,771427,3,4,4,6,
17185,10004,771427,31,31,3,6,
17186,10319,771427,3,4,4,7,
17187,2154,771427,3,4,4,8,
17188,6407,771427,3,4,4,5,
17189,784,771427,3,4,4,3,
17190,7515,771427,23,23,3,5,
17191,2136,771427,3,4,4,4,
17192,1371,771427,3,4,4,4,
17193,13811,771427,27,27,3,6,
17194,19567,771427,21,21,3,7,
17195,1487,771427,3,4,4,4,
17196,3765,771427,15,15,3,5,
17197,1446,771427,3,4,4,5,
17198,10588,771427,31,31,3,6,
17199,10893,771427,3,4,4,7,
17200,9740,771427,27,27,3,6,
17201,1977,771427,3,4,4,7,
17202,5394,771427,15,15,3,7,
17203,8955,771427,3,4,4,8,
17204,14494,771427,3,4,4,8,
17205,8221,771427,19,19,3,7,
17206,16435,771427,19,19,3,9,
17207,2034,771427,3,4,4,8,
17208,2174,771427,3,4,4,8,
17209,2710,771427,3,4,4,8,
17210,8564,771427,13,13,3,9,
17211,2356,771427,3,4,4,8,
17212,19020,771427,31,31,3,7,
17213,9233,771427,3,4,4,8,
17214,12100,771427,25,25,3,9,
17215,1961,771427,3,4,4,9,
17216,10875,771427,27,27,3,8,
17217,11055,771427,21,21,3,8,
17218,11790,771427,3,4,4,8,
17219,1867,771427,3,4,4,9,
17220,20779,771427,33,33,3,8,
17221,21131,771427,3,4,4,8,
17222,13214,771427,3,4,4,9,
17223,20614,771427,29,29,3,8,
17224,7364,771427,17,17,3,8,
17225,650,771427,3,4,4,7,
17226,1897,771427,3,4,4,7,
17227,991,771427,3,4,4,8,
17228,2014,771427,3,4,4,7,
17229,14671,771427,17,17,3,8,
17230,15505,771427,27,27,3,8,
17231,1085,771427,3,4,4,8,
17232,11877,771427,17,17,3,7,
17233,3257,771427,3,4,4,8,
17234,2309,771427,3,4,4,8,
17235,1661,771427,3,4,4,8,
17236,1496,771427,3,4,4,7,
17237,16243,771427,23,23,3,8,
17238,962,771427,3,4,4,7,
17239,15037,771427,3,4,4,8,
17240,19880,771427,33,33,3,6,
17241,10212,771427,19,19,3,8,
17242,15508,771427,27,27,3,7,
17243,1811,771427,3,4,4,8,
17244,15586,771427,3,4,4,5,
17245,14780,771427,27,27,3,6,
17246,2241,771427,3,4,4,9,
17247,13781,771427,3,4,4,4,
17248,2396,771427,3,4,4,8,
17249,10894,771427,23,23,3,5,
17250,11349,771427,3,4,4,4,
17251,6507,771427,15,15,3,8,
17252,10450,771427,21,21,3,4,
17253,9824,771427,19,19,3,5,
17254,722,771427,3,4,4,3,
17255,13241,771427,19,19,3,3,
17256,914,771427,3,4,4,4,
17257,1554,771427,3,4,4,4,
17258,10901,771427,23,23,3,5,
17259,933,771427,3,4,4,5,
17260,12039,771427,23,23,3,6,
17261,7301,771427,3,4,4,6,
17262,11773,771427,15,15,3,6,
17263,9399,771427,15,15,3,5,
17264,8845,771427,17,17,3,6,
17265,13355,771427,31,31,3,9,
17266,1063,771427,3,4,4,4,
17267,1923,771427,3,4,4,5,
17268,10805,771427,23,23,3,7,
17269,16558,771427,27,27,3,7,
17270,16888,771427,25,25,3,7,
17271,1178,771427,3,4,4,6,
17272,17597,771427,3,4,4,7,
17273,12220,771427,19,19,3,6,
17274,16671,771427,27,27,3,6,
17275,9797,771427,21,21,3,7,
17276,15557,771427,3,4,4,7,
17277,10168,771427,15,15,3,8,
17278,14697,771427,3,4,4,8,
17279,18639,771427,25,25,3,7,
17280,6287,771427,3,4,4,8,
17281,3839,771427,3,4,4,7,
17282,18096,771427,21,21,3,7,
17283,3998,771427,3,4,4,7,
17284,15107,771427,17,17,3,7,
17285,15249,771427,19,19,3,6,
17286,23366,771427,17,17,3,8,
17287,18219,771427,25,25,3,6,
17288,14343,771427,3,4,4,6,
17289,11748,771427,13,13,3,9,
17290,13185,771427,3,4,4,7,
17291,15444,771427,3,4,4,7,
17292,13328,771427,29,29,3,7,
17293,8477,771427,3,4,4,7,
17294,13940,771427,31,31,3,7,
17295,1023,771427,3,4,4,6,
17296,14973,771427,3,4,4,6,
17297,10392,771427,3,4,4,6,
17298,1071,771427,3,4,4,7,
17299,1569,771427,3,4,4,7,
17300,1630,771427,3,4,4,8,
17301,11967,771427,17,17,3,8,
17302,7657,771427,15,15,3,8,
17303,12359,771427,3,4,4,8,
17304,8167,771427,17,17,3,8,
17305,6964,771427,19,19,3,8,
17306,4030,771427,13,13,3,9,
17307,2353,771427,3,4,4,7,
17308,2896,771427,3,4,4,7,
17309,6962,771427,17,17,3,8,
17310,17081,771427,31,31,3,8,
17311,15830,771427,23,23,3,7,
17312,6005,771427,3,4,4,8,
17313,17889,771427,27,27,3,8,
17314,8146,771427,19,19,3,7,
17315,1381,771427,3,4,4,8,
17316,14682,771427,3,4,4,8,
17317,16271,771427,3,4,4,8,
17318,11250,771427,19,19,3,9,
17319,11753,771427,3,4,4,8,
17320,1893,771427,3,4,4,9,
17321,1781,771427,3,4,4,8,
17322,794,771427,3,4,4,8,
17323,19032,771427,27,27,3,9,
17324,13773,771427,25,25,3,8,
17325,7763,771427,21,21,3,9,
17326,13434,771427,17,17,3,7,
17327,11321,771427,17,17,3,8,
17328,12065,771427,17,17,3,8,
17329,19696,771427,31,31,3,8,
17330,6124,771427,13,13,3,8,
17331,12901,771427,27,27,3,8,
17332,5412,771427,13,13,3,8,
17333,6769,771427,3,4,4,9,
17334,20110,771427,29,29,3,8,
17335,4636,771427,3,4,4,8,
17336,11405,771427,23,23,3,8,
17337,11237,771427,3,4,4,8,
17338,12759,771427,29,29,3,8,
17339,14154,771427,27,27,3,8,
17340,16800,771427,3,4,4,8,
17341,5920,771427,13,13,3,8,
17342,14308,771427,3,4,4,8,
17343,14558,771427,21,21,3,9,
17344,1457,771427,3,4,4,7,
17345,2852,771427,3,4,4,8,
17346,1637,771427,3,4,4,9,
17347,9560,771427,15,15,3,8,
17348,16973,771427,27,27,3,8,
17349,9039,771427,3,4,4,9,
17350,10914,771427,25,25,3,8,
17351,14219,771427,27,27,3,9,
17352,1953,771427,3,4,4,8,
17353,2220,771427,3,4,4,8,
17354,6679,771427,15,15,3,8,
17355,11234,771427,19,19,3,8,
17356,6259,771427,3,4,4,9,
17357,8715,771427,3,4,4,6,
17358,11558,771427,3,4,4,9,
17359,6938,771427,19,19,3,7,
17360,8743,771427,17,17,3,8,
17361,15906,771427,33,33,3,8,
17362,1718,771427,3,4,4,9,
17363,2007,771427,3,4,4,8,
17364,8838,771427,21,21,3,8,
17365,916,771427,3,4,4,7,
17366,13640,771427,3,4,4,6,
17367,8395,771427,3,4,4,7,
17368,6553,771427,13,13,3,8,
17369,3261,771427,3,4,4,8,
17370,6826,771427,3,4,4,8,
17371,2234,771427,3,4,4,8,
17372,2950,771427,3,4,4,9,
17373,12412,771427,25,25,3,8,
17374,2024,771427,3,4,4,8,
17375,12405,771427,3,4,4,9,
17376,1932,771427,3,4,4,9,
17377,4945,771427,15,15,3,7,
17378,6046,771427,13,13,3,8,
17379,2042,771427,3,4,4,9,
17380,6189,771427,3,4,4,7,
17381,18645,771427,31,31,3,8,
17382,1127,771427,3,4,4,8,
17383,816,771427,3,4,4,8,
17384,2697,771427,3,4,4,8,
17385,10301,771427,23,23,3,8,
17386,2239,771427,3,4,4,8,
17387,18587,771427,27,27,3,9,
17388,16777,771427,25,25,3,8,
17389,8939,771427,3,4,4,8,
17390,8101,771427,13,13,3,8,
17391,8405,771427,3,4,4,8,
17392,16367,771427,25,25,3,8,
17393,7861,771427,17,17,3,8,
17394,9342,771427,19,19,3,9,
17395,1493,771427,3,4,4,8,
17396,1959,771427,3,4,4,8,
17397,16683,771427,29,29,3,8,
17398,22504,771427,33,33,3,9,
17399,23391,771427,3,4,4,8,
17400,14028,771427,25,25,3,8,
17401,15779,771427,3,4,4,9,
17402,12935,771427,3,4,4,8,
17403,7200,771427,23,23,3,9,
17404,1739,771427,3,4,4,9,
17405,17021,771427,29,29,3,8,
17406,23961,771427,27,27,3,9,
17407,9026,771427,21,21,3,8,
17408,12677,771427,19,19,3,8,
17409,12293,771427,23,23,3,9,
17410,2765,771427,3,4,4,8,
17411,15427,771427,27,27,3,8,
17412,1843,771427,3,4,4,8,
17413,14092,771427,3,4,4,8,
17414,1504,771427,3,4,4,9,
17415,14135,771427,31,31,3,8,
17416,21963,771427,15,15,3,9,
17417,1245,771427,3,4,4,8,
17418,18392,771427,33,33,3,8,
17419,13209,771427,27,27,3,8,
17420,8304,771427,15,15,3,8,
17421,13107,771427,17,17,3,9,
17422,19915,771427,31,31,3,9,
17423,9111,771427,17,17,3,8,
17424,20188,771427,33,33,3,8,
17425,9753,771427,3,4,4,8,
17426,23761,771427,33,33,3,9,
17427,9847,771427,3,4,4,9,
17428,1307,771427,3,4,4,9,
17429,22680,771427,33,33,3,8,
17430,17933,771427,33,33,3,8,
17431,13678,771427,21,21,3,9,
17432,15729,771427,3,4,4,8,
17433,22144,771427,31,31,3,8,
17434,8658,771427,23,23,3,8,
17435,13392,771427,25,26,3,9,
17436,4622,771427,3,4,4,8,
17437,10479,771427,23,23,3,8,
17438,6424,771427,3,4,4,8,
17439,10675,771427,3,4,4,8,
17440,16564,771427,25,25,3,9,
17441,2094,771427,3,4,4,8,
17442,10327,771427,15,15,3,9,
17443,14506,771427,31,31,3,8,
17444,21104,771427,33,33,3,8,
17445,6249,771427,15,15,3,8,
17446,19634,771427,3,4,4,8,
17447,5977,771427,3,4,4,9,
17448,13411,771427,25,25,3,7,
17449,9417,771427,21,21,3,8,
17450,8845,771427,3,4,4,9,
17451,7522,771427,15,15,3,9,
17452,9167,771427,23,23,3,8,
17453,9716,771427,3,4,4,9,
17454,2522,771427,3,4,4,8,
17455,2168,771427,3,4,4,8,
17456,9600,771427,13,13,3,9,
17457,15992,771427,33,33,3,9,
17458,2108,771427,3,4,4,9,
17459,3519,771427,3,4,4,8,
17460,8677,771427,21,21,3,9,
17461,3442,771427,3,4,4,6,
17462,2528,771427,3,4,4,8,
17463,10475,771427,25,25,3,9,
17464,1371,771427,3,4,4,7,
17465,2603,771427,3,4,4,8,
17466,20451,771427,33,33,3,7,
17467,13163,771427,21,21,3,7,
17468,21022,771427,3,4,4,8,
17469,8234,771427,13,13,3,8,
17470,14732,771427,3,4,4,8,
17471,21625,771427,21,21,3,9,
17472,17420,771427,33,33,3,9,
17473,7058,771427,19,19,3,9,
17474,5110,771427,13,13,3,9,
17475,4974,771427,3,4,4,8,
17476,15643,771427,21,21,3,8,
17477,11583,771427,21,21,3,9,
17478,9309,771427,19,19,3,8,
17479,14928,771427,29,29,3,8,
17480,12573,771427,21,21,3,8,
17481,8159,771427,3,4,4,9,
17482,9676,771427,21,21,3,8,
17483,20919,771427,33,33,3,9,
17484,20973,771427,3,4,4,9,
17485,9101,771427,3,4,4,8,
17486,2407,771427,3,4,4,8,
17487,2199,771427,3,4,4,9,
17488,11758,771427,17,17,3,8,
17489,2386,771427,3,4,4,8,
17490,14334,771427,25,25,3,8,
17491,3338,771427,3,4,4,8,
17492,13638,771427,19,19,3,8,
17493,2270,771427,3,4,4,8,
17494,9579,771427,19,19,3,8,
17495,1859,771427,3,4,4,8,
17496,1568,771427,3,4,4,8,
17497,1895,771427,3,4,4,8,
17498,12895,771427,27,27,3,8,
17499,1933,771427,3,4,4,8,
17500,18144,771427,25,25,3,8,
17501,18602,771427,25,25,3,9,
17502,14507,771427,23,23,3,9,
17503,21118,771427,31,31,3,9,
17504,2723,771427,3,4,4,9,
17505,10858,771427,19,19,3,8,
17506,1466,771427,3,4,4,8,
17507,14482,771427,23,23,3,9,
17508,2257,771427,3,4,4,9,
17509,13432,771427,25,25,3,7,
17510,2340,771427,3,4,4,9,
17511,13362,771427,23,23,3,8,
17512,13817,771427,29,29,3,8,
17513,13099,771427,3,4,4,8,
17514,6006,771427,19,19,3,8,
17515,9034,771427,3,4,4,8,
17516,8027,771427,3,4,4,9,
17517,4805,771427,3,4,4,8,
17518,7531,771427,13,13,3,8,
17519,17965,771427,27,27,3,8,
17520,18890,771427,3,4,4,8,
17521,11464,771427,23,23,3,8,
17522,3007,771427,3,4,4,8,
17523,938,771427,3,4,4,8,
17524,11216,771427,21,21,3,8,
17525,16518,771427,33,33,3,8,
17526,2871,771427,3,4,4,9,
17527,10644,771427,19,19,3,8,
17528,11077,771427,3,4,4,8,
17529,5376,771427,13,13,3,9,
17530,4736,771427,3,4,4,9,
17531,5070,771427,3,4,4,8,
17532,1004,771427,3,4,4,8,
17533,1218,771427,3,4,4,8,
17534,1406,771427,3,4,4,8,
17535,1136,771427,3,4,4,7,
17536,12943,771427,23,23,3,7,
17537,8814,771427,13,13,3,8,
17538,13238,771427,25,25,3,7,
17539,14002,771427,3,4,4,8,
17540,9341,771427,3,4,4,9,
17541,10906,771427,25,25,3,8,
17542,11283,771427,23,23,3,8,
17543,6871,771427,13,13,3,8,
17544,6230,771427,3,4,4,8,
17545,6731,771427,3,4,4,8,
17546,17417,771427,27,27,3,9,
17547,17206,771427,3,4,4,8,
17548,11746,771427,17,17,3,8,
17549,2075,771427,3,4,4,8,
17550,3832,771427,3,4,4,9,
17551,1781,771427,3,4,4,7,
17552,13679,771427,21,21,3,8,
17553,20877,771427,31,31,3,8,
17554,7532,771427,19,19,3,8,
17555,3318,771427,3,4,4,8,
17556,13425,771427,21,21,3,8,
17557,20772,771427,33,33,3,8,
17558,13390,771427,13,13,3,8,
17559,13532,771427,27,27,3,9,
17560,12233,771427,19,19,3,9,
17561,12316,771427,3,4,4,8,
17562,19493,771427,33,33,3,7,
17563,2816,771427,3,4,4,7,
17564,51721,771427,31,31,3,9,
17565,9851,771427,17,17,3,7,
17566,13839,771427,25,25,3,7,
17567,12725,771427,29,29,3,8,
17568,8960,771427,3,4,4,7,
17569,3334,771428,3,4,4,8,
17570,1865,771428,3,4,4,7,
17571,11722,771428,21,21,3,7,
17572,1887,771428,3,4,4,8,
17573,10431,771428,3,4,4,7,
17574,6271,771428,15,15,3,7,
17575,27828,771428,15,15,3,8,
17576,1324,771428,3,4,4,8,
17577,29183,771428,23,23,3,9,
17578,27215,771428,3,4,4,7,
17579,1472,771428,3,4,4,8,
17580,2292,771428,3,4,4,8,
17581,37244,771428,33,33,3,8,
17582,10550,771428,3,4,4,8,
17583,23319,771428,3,4,4,8,
17584,34698,771428,27,27,3,9,
17585,31687,771428,29,29,3,8,
17586,34660,771428,3,4,4,7,
17587,13002,771428,23,23,3,9,
17588,14233,771428,31,31,3,7,
17589,14425,771428,17,17,3,8,
17590,14425,771428,3,4,4,8,
17591,11609,771428,23,23,3,8,
17592,5600,771428,3,4,4,7,
17593,1230,771428,3,4,4,8,
17594,1092,771428,3,4,4,8,
17595,8028,771428,15,15,3,9,
17596,3066,771428,3,4,4,7,
17597,9515,771428,19,19,3,8,
17598,14363,771428,25,25,3,6,
17599,1243,771428,3,4,4,7,
17600,2219,771428,3,4,4,8,
17601,18979,771428,33,33,3,8,
17602,12917,771428,21,21,3,8,
17603,14174,771428,3,4,4,8,
17604,1762,771428,3,4,4,8,
17605,6153,771428,15,15,3,8,
17606,13312,771428,27,27,3,8,
17607,9990,771428,21,21,3,9,
17608,9398,771428,3,4,4,8,
17609,15035,771428,31,31,3,9,
17610,12134,771428,3,4,4,9,
17611,5387,771428,13,13,3,8,
17612,1148,771428,3,4,4,8,
17613,3291,771428,3,4,4,8,
17614,1913,771428,3,4,4,9,
17615,13710,771428,33,33,3,8,
17616,9717,771428,29,29,3,8,
17617,7099,771428,3,4,4,8,
17618,14300,771428,3,4,4,7,
17619,13896,771428,25,25,3,9,
17620,9882,771428,3,4,4,9,
17621,13706,771428,3,4,4,8,
17622,11182,771428,25,25,3,8,
17623,6370,771428,15,15,3,9,
17624,1912,771428,3,4,4,9,
17625,5692,771428,15,15,3,8,
17626,5899,771428,3,4,4,8,
17627,7226,771428,15,15,3,9,
17628,7573,771428,3,4,4,9,
17629,3715,771428,3,4,4,8,
17630,5593,771428,13,13,3,8,
17631,10853,771428,15,15,3,9,
17632,2919,771428,3,4,4,7,
17633,12922,771428,25,25,3,8,
17634,4607,771428,3,4,4,8,
17635,1546,771428,3,4,4,8,
17636,1765,771428,3,4,4,8,
17637,16581,771428,19,19,3,9,
17638,2449,771428,3,4,4,7,
17639,7988,771428,13,13,3,8,
17640,2292,771428,3,4,4,8,
17641,10257,771428,13,13,3,8,
17642,6872,771428,13,13,3,8,
17643,2300,771428,3,4,4,9,
17644,2427,771428,3,4,4,8,
17645,8878,771428,3,4,4,8,
17646,7908,771428,17,17,3,8,
17647,16656,771428,33,33,3,8,
17648,18295,771428,3,4,4,9,
17649,6640,771428,15,15,3,9,
17650,3142,771428,3,4,4,8,
17651,13682,771428,29,29,3,9,
17652,17363,771428,29,29,3,9,
17653,12842,771428,25,25,3,7,
17654,8990,771428,17,17,3,8,
17655,8629,771428,3,4,4,7,
17656,4978,771428,13,13,3,9,
17657,14444,771428,21,21,3,9,
17658,8038,771428,3,4,4,8,
17659,6870,771428,3,4,4,9,
17660,14818,771428,21,21,3,7,
17661,18396,771428,27,27,3,8,
17662,14308,771428,31,31,3,9,
17663,18932,771428,31,31,3,8,
17664,17662,771428,3,4,4,7,
17665,14523,771428,29,29,3,7,
17666,15470,771428,27,27,3,8,
17667,8498,771428,21,21,3,9,
17668,1714,771428,3,4,4,9,
17669,7549,771428,25,25,3,9,
17670,7152,771428,3,4,4,9,
17671,6710,771428,3,4,4,9,
17672,1729,771428,3,4,4,8,
17673,10954,771428,17,17,3,9,
17674,1145,771428,3,4,4,8,
17675,12727,771428,13,13,3,9,
17676,14484,771428,23,23,3,7,
17677,9729,771428,19,19,3,8,
17678,3023,771428,3,4,4,8,
17679,2584,771428,3,4,4,8,
17680,24529,771428,29,29,3,9,
17681,23724,771428,3,4,4,7,
17682,18634,771428,33,33,3,8,
17683,2058,771428,3,4,4,8,
17684,6682,771428,15,15,3,8,
17685,13015,771428,19,19,3,9,
17686,26529,771428,31,31,3,9,
17687,6629,771428,3,4,4,8,
17688,2069,771428,3,4,4,8,
17689,5590,771428,13,13,3,8,
17690,1681,771428,3,4,4,9,
17691,1747,771428,3,4,4,8,
17692,7583,771428,15,15,3,8,
17693,13552,771428,13,13,3,8,
17694,7153,771428,19,19,3,8,
17695,12002,771428,17,17,3,8,
17696,5644,771428,3,4,4,9,
17697,17847,771428,31,31,3,9,
17698,1501,771428,3,4,4,8,
17699,12823,771428,27,27,3,9,
17700,16380,771428,31,31,3,8,
17701,12139,771428,3,4,4,8,
17702,6592,771428,13,13,3,9,
17703,13469,771428,19,19,3,8,
17704,14690,771428,3,4,4,8,
17705,18196,771428,29,29,3,7,
17706,6748,771428,13,13,3,8,
17707,8996,771428,17,17,3,9,
17708,4066,771428,3,4,4,8,
17709,1265,771428,3,4,4,8,
17710,2616,771428,3,4,4,8,
17711,1788,771428,3,4,4,8,
17712,6808,771428,25,25,3,8,
17713,7237,771428,13,13,3,8,
17714,8576,771428,17,17,3,8,
17715,7819,771428,3,4,4,7,
17716,6330,771428,3,4,4,8,
17717,1752,771428,3,4,4,8,
17718,7324,771428,19,19,3,7,
17719,5789,771428,13,13,3,8,
17720,5514,771428,3,4,4,8,
17721,7126,771428,3,4,4,9,
17722,4383,771428,3,4,4,8,
17723,1957,771428,3,4,4,8,
17724,1575,771428,3,4,4,7,
17725,9759,771428,23,23,3,7,
17726,2661,771428,3,4,4,7,
17727,1949,771428,3,4,4,7,
17728,10868,771428,3,4,4,8,
17729,10944,771428,23,23,3,7,
17730,7288,771428,17,17,3,8,
17731,2979,771428,3,4,4,8,
17732,1818,771428,3,4,4,8,
17733,23354,771428,25,25,3,9,
17734,1498,771428,3,4,4,7,
17735,6687,771428,3,4,4,8,
17736,6584,771428,19,19,3,7,
17737,8939,771428,21,21,3,8,
17738,5981,771428,3,4,4,8,
17739,8679,771428,3,4,4,9,
17740,11005,771428,19,19,3,9,
17741,11272,771428,3,4,4,8,
17742,15922,771428,25,25,3,7,
17743,1158,771428,3,4,4,7,
17744,12176,771428,21,21,3,9,
17745,17682,771428,27,27,3,7,
17746,11507,771428,23,23,3,8,
17747,11084,771428,3,4,4,8,
17748,2100,771428,3,4,4,9,
17749,16211,771428,29,29,3,9,
17750,13525,771428,23,23,3,9,
17751,8960,771428,21,21,3,8,
17752,8915,771428,3,4,4,9,
17753,1175,771428,3,4,4,8,
17754,2550,771428,3,4,4,8,
17755,1483,771428,3,4,4,8,
17756,10287,771428,19,19,3,8,
17757,8804,771428,19,19,3,7,
17758,17669,771428,17,17,3,8,
17759,1615,771428,3,4,4,8,
17760,10799,771428,25,25,3,9,
17761,9996,771428,3,4,4,8,
17762,1178,771428,3,4,4,7,
17763,2088,771428,3,4,4,8,
17764,6490,771428,3,4,4,9,
17765,819,771428,3,4,4,9,
17766,2173,771428,3,4,4,8,
17767,867,771428,3,4,4,8,
17768,809,771428,3,4,4,8,
17769,2061,771428,3,4,4,8,
17770,1337,771428,3,4,4,9,
17771,1945,771428,3,4,4,8,
17772,9794,771428,21,21,3,9,
17773,10536,771428,23,23,3,8,
17774,9324,771428,3,4,4,8,
17775,2042,771428,3,4,4,8,
17776,10906,771428,3,4,4,8,
17777,9255,771428,3,4,4,8,
17778,1646,771428,3,4,4,8,
17779,1977,771428,3,4,4,8,
17780,1412,771428,3,4,4,8,
17781,1813,771428,3,4,4,9,
17782,14949,771428,31,31,3,8,
17783,15995,771428,27,27,3,7,
17784,8831,771428,17,17,3,9,
17785,6704,771428,13,13,3,9,
17786,2279,771428,3,4,4,9,
17787,24270,771428,31,31,3,9,
17788,15448,771428,29,29,3,8,
17789,3147,771428,3,4,4,8,
17790,8899,771428,19,19,3,8,
17791,12087,771428,13,13,3,7,
17792,3128,771428,3,4,4,9,
17793,9010,771428,3,4,4,7,
17794,1937,771428,3,4,4,9,
17795,6025,771428,3,4,4,8,
17796,17262,771428,21,21,3,8,
17797,11810,771428,19,19,3,8,
17798,1402,771428,3,4,4,7,
17799,7943,771428,17,17,3,7,
17800,963,771428,3,4,4,7,
17801,2008,771428,3,4,4,6,
17802,8472,771428,3,4,4,8,
17803,17403,771428,31,31,3,7,
17804,9270,771428,17,17,3,8,
17805,6718,771428,13,13,3,8,
17806,12273,771428,21,21,3,8,
17807,7999,771428,3,4,4,8,
17808,5375,771428,3,4,4,8,
17809,1308,771428,3,4,4,8,
17810,10364,771428,19,19,3,8,
17811,8230,771428,13,13,3,9,
17812,11216,771428,3,4,4,8,
17813,19814,771428,27,27,3,8,
17814,18391,771428,25,25,3,8,
17815,20881,771428,31,31,3,9,
17816,4801,771428,3,4,4,9,
17817,15396,771428,25,25,3,9,
17818,2638,771428,3,4,4,9,
17819,10883,771428,13,13,3,9,
17820,18448,771428,25,25,3,8,
17821,10271,771428,3,4,4,7,
17822,17676,771428,29,29,3,8,
17823,2453,771428,3,4,4,9,
17824,8642,771428,21,21,3,8,
17825,11809,771428,25,25,3,9,
17826,16486,771428,33,33,3,9,
17827,9462,771428,15,15,3,7,
17828,11134,771428,3,4,4,7,
17829,16204,771428,3,4,4,8,
17830,3511,771428,3,4,4,8,
17831,5438,771428,15,15,3,9,
17832,7310,771428,15,15,3,9,
17833,6598,771428,3,4,4,8,
17834,8863,771428,21,21,3,9,
17835,7088,771428,13,13,3,8,
17836,2184,771428,3,4,4,9,
17837,2303,771428,3,4,4,9,
17838,11961,771428,27,27,3,8,
17839,2639,771428,3,4,4,9,
17840,8318,771428,21,21,3,9,
17841,12486,771428,3,4,4,7,
17842,9068,771428,3,4,4,8,
17843,1028,771428,3,4,4,9,
17844,10633,771428,23,23,3,8,
17845,10569,771428,31,31,3,8,
17846,8110,771428,17,17,3,9,
17847,8592,771428,3,4,4,9,
17848,1590,771428,3,4,4,9,
17849,2472,771428,3,4,4,8,
17850,2174,771428,3,4,4,9,
17851,9753,771428,19,19,3,8,
17852,9970,771428,25,25,3,8,
17853,10863,771428,3,4,4,8,
17854,9750,771428,3,4,4,9,
17855,3538,771428,3,4,4,9,
17856,6034,771428,13,13,3,9,
17857,6512,771428,3,4,4,8,
17858,7644,771428,21,21,3,7,
17859,6109,771428,15,15,3,8,
17860,12608,771428,29,29,3,9,
17861,6156,771428,3,4,4,8,
17862,2506,771428,3,4,4,7,
17863,10266,771428,15,15,3,8,
17864,11795,771428,19,19,3,8,
17865,16448,771428,33,33,3,8,
17866,7849,771428,17,17,3,8,
17867,16036,771428,33,33,3,7,
17868,11397,771428,3,4,4,7,
17869,9568,771428,19,19,3,8,
17870,12280,771428,21,21,3,8,
17871,15564,771428,3,4,4,8,
17872,4619,771428,3,4,4,9,
17873,7659,771428,3,4,4,8,
17874,9472,771428,3,4,4,8,
17875,2083,771428,3,4,4,8,
17876,6350,771428,13,13,3,8,
17877,2510,771428,3,4,4,8,
17878,19018,771428,33,33,3,9,
17879,2309,771428,3,4,4,8,
17880,2339,771428,3,4,4,7,
17881,2878,771428,3,4,4,8,
17882,10850,771428,17,17,3,7,
17883,2182,771428,3,4,4,7,
17884,9703,771428,21,21,3,7,
17885,9238,771428,13,13,3,8,
17886,7374,771428,13,13,3,8,
17887,7726,771428,3,4,4,8,
17888,14350,771428,3,4,4,8,
17889,10782,771428,21,21,3,8,
17890,9113,771428,3,4,4,8,
17891,8430,771428,3,4,4,8,
17892,10560,771428,17,17,3,8,
17893,11573,771428,3,4,4,9,
17894,3079,771428,3,4,4,8,
17895,17261,771428,27,27,3,9,
17896,1853,771428,3,4,4,7,
17897,29327,771428,29,29,3,9,
17898,3053,771428,3,4,4,8,
17899,20065,771428,23,23,3,8,
17900,18023,771428,25,25,3,8,
17901,25736,771428,21,21,3,9,
17902,1890,771428,3,4,4,8,
17903,20543,771428,27,27,3,9,
17904,1271,771428,3,4,4,9,
17905,2024,771428,3,4,4,8,
17906,10398,771428,13,13,3,7,
17907,14347,771428,21,21,3,8,
17908,9646,771428,17,17,3,9,
17909,9589,771428,3,4,4,9,
17910,15537,771428,19,19,3,8,
17911,1591,771428,3,4,4,8,
17912,10919,771428,17,17,3,9,
17913,16857,771428,29,29,3,8,
17914,17357,771428,29,29,3,8,
17915,16794,771428,3,4,4,8,
17916,11373,771428,3,4,4,9,
17917,8409,771428,3,4,4,8,
17918,5796,771428,3,4,4,9,
17919,4271,771428,3,4,4,8,
17920,11850,771428,23,23,3,9,
17921,1941,771428,3,4,4,9,
17922,3292,771428,3,4,4,8,
17923,2684,771428,3,4,4,8,
17924,7876,771428,13,13,3,9,
17925,2761,771428,3,4,4,8,
17926,16434,771428,33,33,3,9,
17927,17014,771428,33,33,3,8,
17928,15672,771428,3,4,4,8,
17929,2235,771428,3,4,4,9,
17930,10637,771428,27,27,3,8,
17931,8532,771428,21,21,3,9,
17932,16563,771428,17,17,3,7,
17933,8747,771428,3,4,4,8,
17934,3755,771428,3,4,4,9,
17935,11158,771428,3,4,4,8,
17936,12990,771428,31,31,3,8,
17937,21373,771428,17,17,3,9,
17938,8098,771428,21,21,3,8,
17939,7915,771428,3,4,4,8,
17940,7373,771428,3,4,4,9,
17941,2146,771428,3,4,4,9,
17942,10746,771428,17,17,3,8,
17943,1019,771428,3,4,4,8,
17944,7010,771428,13,13,3,9,
17945,7685,771428,19,19,3,8,
17946,7059,771428,3,4,4,8,
17947,12677,771428,3,4,4,8,
17948,8527,771428,15,15,3,8,
17949,16059,771428,33,33,3,8,
17950,9105,771428,3,4,4,8,
17951,5530,771428,15,15,3,9,
17952,8023,771428,15,15,3,8,
17953,10126,771428,21,21,3,8,
17954,1775,771428,3,4,4,9,
17955,9929,771428,3,4,4,8,
17956,1307,771428,3,4,4,9,
17957,2096,771428,3,4,4,9,
17958,3223,771428,3,4,4,8,
17959,1968,771428,3,4,4,8,
17960,11649,771428,23,23,3,8,
17961,2230,771428,3,4,4,8,
17962,2664,771428,3,4,4,8,
17963,2386,771428,3,4,4,8,
17964,11192,771428,3,4,4,8,
17965,2655,771428,3,4,4,8,
17966,4713,771428,3,4,4,8,
17967,2873,771428,3,4,4,8,
17968,2485,771428,3,4,4,8,
17969,11431,771428,19,19,3,8,
17970,10204,771428,21,21,3,8,
17971,17731,771428,29,29,3,7,
17972,2181,771428,3,4,4,8,
17973,10329,771428,3,4,4,8,
17974,9702,771428,21,21,3,8,
17975,2713,771428,3,4,4,8,
17976,10322,771428,23,23,3,9,
17977,1949,771428,3,4,4,9,
17978,1869,771428,3,4,4,8,
17979,8822,771428,21,21,3,9,
17980,13923,771428,31,31,3,8,
17981,8772,771428,3,4,4,8,
17982,13885,771428,3,4,4,8,
17983,5544,771428,15,15,3,8,
17984,10193,771428,27,27,3,8,
17985,6108,771428,3,4,4,8,
17986,10663,771428,3,4,4,8,
17987,12270,771428,29,29,3,9,
17988,2100,771428,3,4,4,9,
17989,14834,771428,31,31,3,8,
17990,12783,771428,25,25,3,9,
17991,12892,771428,3,4,4,8,
17992,25710,771428,27,27,3,8,
17993,20699,771428,31,31,3,9,
17994,12182,771428,23,23,3,8,
17995,1095,771428,3,4,4,7,
17996,7086,771428,13,13,3,8,
17997,1156,771428,3,4,4,8,
17998,16405,771428,31,31,3,8,
17999,12505,771428,27,27,3,9,
18000,14825,771428,3,4,4,8,
18001,2735,771428,3,4,4,8,
18002,3803,771428,3,4,4,9,
18003,7583,771428,15,15,3,8,
18004,10998,771428,15,15,3,8,
18005,7800,771428,3,4,4,8,
18006,16635,771428,31,31,3,9,
18007,9195,771428,15,15,3,8,
18008,3263,771428,3,4,4,8,
18009,9505,771428,13,13,3,8,
18010,2003,771428,3,4,4,8,
18011,1707,771428,3,4,4,7,
18012,14482,771428,25,25,3,8,
18013,2430,771428,3,4,4,8,
18014,15472,771428,15,15,3,8,
18015,14045,771428,19,19,3,8,
18016,20252,771428,21,21,3,8,
18017,2287,771428,3,4,4,9,
18018,2020,771428,3,4,4,8,
18019,15287,771428,17,17,3,8,
18020,13204,771428,15,15,3,9,
18021,9833,771428,27,27,3,8,
18022,8923,771428,25,25,3,8,
18023,6498,771428,3,4,4,8,
18024,14035,771428,27,27,3,9,
18025,968,771428,3,4,4,7,
18026,8326,771428,23,23,3,8,
18027,8917,771428,3,4,4,8,
18028,1610,771428,3,4,4,8,
18029,3384,771428,3,4,4,8,
18030,38277,771428,33,33,3,7,
18031,38379,771428,29,29,3,7,
18032,8673,771428,3,4,4,8,
18033,34311,771428,33,33,3,9,
18034,2191,771428,3,4,4,9,
18035,41227,771428,23,23,3,9,
18036,32425,771428,25,25,3,8,
18037,36787,771428,3,4,4,8,
18038,2116,771428,3,4,4,8,
18039,2796,771428,3,4,4,9,
18040,31232,771428,25,25,3,8,
18041,32875,771428,3,4,4,8,
18042,29947,771428,27,27,3,8,
18043,32884,771428,33,33,3,9,
18044,16988,771428,33,33,3,6,
18045,16009,771428,31,31,3,7,
18046,15255,771428,33,33,3,8,
18047,16877,771428,29,29,3,7,
18048,13392,771428,21,21,3,8,
18049,4558,771428,3,4,4,8,
18050,14782,771428,3,4,4,8,
18051,6165,771428,13,13,3,9,
18052,11837,771428,27,27,3,8,
18053,11758,771428,3,4,4,8,
18054,12137,771428,3,4,4,8,
18055,9988,771428,19,19,3,8,
18056,1763,771428,3,4,4,8,
18057,2577,771428,3,4,4,8,
18058,7346,771428,19,19,3,7,
18059,2955,771428,3,4,4,8,
18060,3078,771428,3,4,4,7,
18061,13036,771428,23,23,3,8,
18062,6688,771428,3,4,4,7,
18063,5122,771428,13,13,3,8,
18064,15793,771428,27,27,3,8,
18065,18631,771428,19,19,3,8,
18066,1494,771428,3,4,4,8,
18067,8684,771428,19,19,3,8,
18068,582,771428,3,4,4,8,
18069,2360,771428,3,4,4,8,
18070,8468,771428,17,17,3,9,
18071,27806,771428,33,33,3,8,
18072,10486,771428,23,23,3,8,
18073,10781,771428,3,4,4,8,
18074,691,771428,3,4,4,8,
18075,7546,771428,23,23,3,9,
18076,8009,771428,3,4,4,9,
18077,5892,771428,3,4,4,8,
18078,21175,771428,3,4,4,8,
18079,6218,771428,13,13,3,8,
18080,8000,771428,17,17,3,9,
18081,8206,771428,3,4,4,8,
18082,23926,771428,29,29,3,8,
18083,2114,771428,3,4,4,9,
18084,20807,771428,31,32,3,7,
18085,14241,771428,23,23,3,9,
18086,14380,771428,29,29,3,8,
18087,1444,771428,3,4,4,9,
18088,20889,771428,29,29,3,9,
18089,16263,771428,27,27,3,8,
18090,14169,771428,21,21,3,8,
18091,12850,771428,23,23,3,8,
18092,9383,771428,25,25,3,8,
18093,12066,771428,25,25,3,8,
18094,12891,771428,3,4,4,8,
18095,5539,771428,3,4,4,9,
18096,4246,771428,3,4,4,7,
18097,1388,771428,3,4,4,7,
18098,9179,771428,19,19,3,8,
18099,12980,771428,23,23,3,8,
18100,12338,771428,3,4,4,8,
18101,6289,771428,13,13,3,8,
18102,10697,771428,23,23,3,9,
18103,3011,771428,3,4,4,9,
18104,10287,771428,3,4,4,8,
18105,2618,771428,3,4,4,8,
18106,2004,771428,3,4,4,8,
18107,16225,771428,23,23,3,7,
18108,10517,771428,23,23,3,8,
18109,2240,771428,3,4,4,8,
18110,10439,771428,19,19,3,8,
18111,10624,771428,3,4,4,8,
18112,8148,771428,13,13,3,9,
18113,5922,771428,15,15,3,9,
18114,14759,771428,25,25,3,8,
18115,1163,771428,3,4,4,8,
18116,1546,771428,3,4,4,8,
18117,14462,771428,3,4,4,8,
18118,12568,771428,29,29,3,9,
18119,28062,771428,25,25,3,8,
18120,1510,771428,3,4,4,9,
18121,2639,771428,3,4,4,8,
18122,2448,771428,3,4,4,8,
18123,2650,771428,3,4,4,8,
18124,5187,771428,3,4,4,9,
18125,1498,771428,3,4,4,9,
18126,1838,771428,3,4,4,8,
18127,2116,771428,3,4,4,8,
18128,1907,771428,3,4,4,8,
18129,11835,771428,23,23,3,8,
18130,2223,771428,3,4,4,7,
18131,10154,771428,19,19,3,8,
18132,1726,771428,3,4,4,8,
18133,18627,771428,19,19,3,8,
18134,15398,771428,23,23,3,9,
18135,18111,771428,3,4,4,8,
18136,16048,771428,23,23,3,8,
18137,19788,771428,33,33,3,8,
18138,18566,771428,33,33,3,9,
18139,20275,771428,31,31,3,9,
18140,18404,771428,25,25,3,8,
18141,19634,771428,3,4,4,8,
18142,3007,771428,3,4,4,9,
18143,2621,771428,3,4,4,8,
18144,15741,771428,25,25,3,9,
18145,2818,771428,3,4,4,7,
18146,6367,771428,15,15,3,8,
18147,9156,771428,13,13,3,8,
18148,14842,771428,27,27,3,9,
18149,10098,771428,15,15,3,8,
18150,18987,771428,33,33,3,7,
18151,17363,771428,27,27,3,9,
18152,9533,771428,13,13,3,8,
18153,8484,771428,3,4,4,8,
18154,1066,771428,3,4,4,8,
18155,10384,771428,3,4,4,8,
18156,13865,771428,25,25,3,9,
18157,10277,771428,15,15,3,8,
18158,18624,771428,25,25,3,9,
18159,6852,771428,15,15,3,8,
18160,21739,771428,31,31,3,8,
18161,23422,771428,33,33,3,8,
18162,16055,771428,27,27,3,8,
18163,1131,771428,3,4,4,8,
18164,19753,771428,25,25,3,7,
18165,11081,771428,27,27,3,8,
18166,11483,771428,3,4,4,8,
18167,5592,771428,17,17,3,8,
18168,11980,771428,25,25,3,9,
18169,13169,771428,23,23,3,9,
18170,13679,771428,3,4,4,9,
18171,8234,771428,3,4,4,8,
18172,2142,771428,3,4,4,8,
18173,8252,771428,17,17,3,7,
18174,2210,771428,3,4,4,9,
18175,4631,771428,3,4,4,8,
18176,1328,771428,3,4,4,9,
18177,13226,771428,31,31,3,8,
18178,5802,771428,3,4,4,8,
18179,14370,771428,3,4,4,9,
18180,11323,771428,23,23,3,8,
18181,2317,771428,3,4,4,8,
18182,11135,771428,3,4,4,8,
18183,13005,771428,29,29,3,7,
18184,13298,771428,33,33,3,8,
18185,18160,771428,15,15,3,8,
18186,1904,771428,3,4,4,9,
18187,13444,771428,3,4,4,8,
18188,1702,771428,3,4,4,9,
18189,9563,771428,25,25,3,9,
18190,14979,771428,31,31,3,8,
18191,1955,771428,3,4,4,8,
18192,2459,771428,3,4,4,9,
18193,1904,771428,3,4,4,8,
18194,13616,771428,29,29,3,9,
18195,2435,771428,3,4,4,8,
18196,13862,771428,3,4,4,9,
18197,8196,771428,3,4,4,8,
18198,2605,771428,3,4,4,8,
18199,6652,771428,3,4,4,9,
18200,16764,771428,21,21,3,8,
18201,2270,771428,3,4,4,9,
18202,16254,771428,3,4,4,8,
18203,1814,771428,3,4,4,9,
18204,15955,771428,25,25,3,9,
18205,12471,771428,21,21,3,9,
18206,22805,771428,27,27,3,7,
18207,2728,771428,3,4,4,9,
18208,22903,771428,3,4,4,8,
18209,1319,771428,3,4,4,9,
18210,9709,771428,13,13,3,9,
18211,6229,771428,15,15,3,9,
18212,1966,771428,3,4,4,9,
18213,13137,771428,25,25,3,8,
18214,12581,771428,3,4,4,8,
18215,3918,771428,3,4,4,9,
18216,10896,771428,21,21,3,7,
18217,9613,771428,23,23,3,9,
18218,10730,771428,3,4,4,7,
18219,6518,771428,15,15,3,9,
18220,17473,771428,33,33,3,8,
18221,5791,771428,3,4,4,8,
18222,2444,771428,3,4,4,7,
18223,1607,771428,3,4,4,7,
18224,2388,771428,3,4,4,8,
18225,2899,771428,3,4,4,8,
18226,10426,771428,25,25,3,7,
18227,1599,771428,3,4,4,7,
18228,9877,771428,3,4,4,7,
18229,5685,771428,13,13,3,8,
18230,2080,771428,3,4,4,8,
18231,10190,771428,3,4,4,7,
18232,2028,771428,3,4,4,8,
18233,12077,771428,25,25,3,9,
18234,5611,771428,3,4,4,8,
18235,13961,771428,29,29,3,9,
18236,7743,771428,17,17,3,9,
18237,13282,771428,3,4,4,9,
18238,1732,771428,3,4,4,8,
18239,957,771428,3,4,4,8,
18240,11922,771428,33,33,3,8,
18241,11453,771428,27,27,3,8,
18242,12291,771428,3,4,4,8,
18243,11188,771428,29,29,3,8,
18244,11795,771428,3,4,4,8,
18245,2973,771428,3,4,4,8,
18246,11573,771428,3,4,4,9,
18247,918,771428,3,4,4,9,
18248,13643,771428,31,31,3,9,
18249,13638,771428,3,4,4,8,
18250,2058,771428,3,4,4,9,
18251,2086,771428,3,4,4,9,
18252,5597,771428,13,13,3,8,
18253,6089,771428,3,4,4,8,
18254,5320,771428,15,15,3,8,
18255,13495,771428,33,33,3,8,
18256,1921,771428,3,4,4,8,
18257,5092,771428,3,4,4,7,
18258,13364,771428,3,4,4,9,
18259,1622,771428,3,4,4,9,
18260,1217,771428,3,4,4,8,
18261,2617,771428,3,4,4,8,
18262,1857,771428,3,4,4,9,
18263,2770,771428,3,4,4,7,
18264,2903,771428,3,4,4,7,
18265,14550,771428,33,33,3,8,
18266,11805,771428,25,25,3,8,
18267,2573,771428,3,4,4,8,
18268,14530,771428,3,4,4,8,
18269,954,771428,3,4,4,7,
18270,10681,771428,23,23,3,7,
18271,15738,771428,33,33,3,8,
18272,10092,771428,21,21,3,8,
18273,10304,771428,3,4,4,8,
18274,9515,771428,3,4,4,9,
18275,11154,771428,25,25,3,8,
18276,12377,771428,3,4,4,9,
18277,7810,771428,3,4,4,7,
18278,4352,771428,13,13,3,8,
18279,1517,771428,3,4,4,9,
18280,5638,771428,3,4,4,8,
18281,1195,771428,3,4,4,8,
18282,2063,771428,3,4,4,9,
18283,14190,771428,23,23,3,8,
18284,2042,771428,3,4,4,8,
18285,14605,771428,3,4,4,9,
18286,18815,771428,33,33,3,8,
18287,2912,771428,3,4,4,8,
18288,17599,771428,29,29,3,8,
18289,17684,771428,33,33,3,8,
18290,8219,771428,13,13,3,8,
18291,8682,771428,17,17,3,8,
18292,17973,771428,25,25,3,7,
18293,16995,771428,3,4,4,8,
18294,13367,771428,23,23,3,9,
18295,8370,771428,15,15,3,8,
18296,8865,771428,13,13,3,8,
18297,1834,771428,3,4,4,9,
18298,9295,771428,15,15,3,9,
18299,9458,771428,3,4,4,9,
18300,1228,771428,3,4,4,7,
18301,7532,771428,15,15,3,8,
18302,17104,771428,19,19,3,8,
18303,2519,771428,3,4,4,8,
18304,51591,771428,33,33,3,8,
18305,33173,771428,31,31,3,8,
18306,799,771428,3,4,4,7,
18307,5654,771428,3,4,4,8,
18308,7762,771428,15,15,3,8,
18309,21973,771428,27,27,3,8,
18310,22435,771428,3,4,4,8,
18311,1271,771428,3,4,4,8,
18312,1089,771428,3,4,4,8,
18313,4919,771428,13,13,3,8,
18314,9422,771428,17,17,3,8,
18315,4889,771428,3,4,4,9,
18316,12320,771428,17,17,3,8,
18317,12724,771428,17,17,3,8,
18318,1943,771428,3,4,4,9,
18319,1434,771428,3,4,4,8,
18320,21950,771428,27,27,3,7,
18321,17656,771428,25,25,3,9,
18322,19117,771428,17,17,3,8,
18323,17666,771428,23,23,3,8,
18324,11822,771428,3,4,4,8,
18325,18862,771428,25,25,3,8,
18326,973,771428,3,4,4,8,
18327,19449,771428,27,27,3,8,
18328,11015,771428,13,13,3,9,
18329,20488,771428,29,29,3,8,
18330,10345,771428,3,4,4,8,
18331,18275,771428,25,25,3,8,
18332,8089,771428,13,13,3,7,
18333,12513,771428,19,19,3,8,
18334,18481,771428,3,4,4,8,
18335,6358,771428,3,4,4,8,
18336,13230,771428,29,29,3,8,
18337,30278,771428,29,29,3,8,
18338,1627,771428,3,4,4,8,
18339,12767,771428,3,4,4,8,
18340,2569,771428,3,4,4,8,
18341,10707,771428,17,17,3,8,
18342,10059,771428,3,4,4,8,
18343,2493,771428,3,4,4,8,
18344,1408,771428,3,4,4,8,
18345,25438,771428,29,29,3,8,
18346,2998,771428,3,4,4,8,
18347,22750,771428,3,4,4,9,
18348,37380,771428,33,33,3,8,
18349,14396,771428,15,15,3,8,
18350,21735,771428,27,27,3,8,
18351,2208,771428,3,4,4,8,
18352,23506,771428,21,21,3,8,
18353,1623,771428,3,4,4,8,
18354,7099,771428,15,15,3,8,
18355,18981,771428,21,21,3,8,
18356,7283,771428,3,4,4,9,
18357,21948,771428,27,27,3,9,
18358,12913,771428,17,17,3,8,
18359,9240,771428,3,4,4,8,
18360,20306,771428,23,23,3,9,
18361,10435,771428,13,13,3,9,
18362,18227,771428,27,27,3,8,
18363,28257,771428,33,33,3,9,
18364,32676,771428,31,31,3,7,
18365,11059,771428,17,17,3,8,
18366,31882,771428,3,4,4,8,
18367,7329,771428,3,4,4,8,
18368,23452,771428,25,25,3,8,
18369,12836,771428,25,25,3,8,
18370,14447,771428,21,21,3,9,
18371,18582,771428,25,25,3,8,
18372,24370,771428,31,31,3,8,
18373,17055,771428,3,4,4,8,
18374,14673,771428,3,4,4,8,
18375,16938,771428,33,33,3,9,
18376,20034,771428,21,21,3,9,
18377,21307,771428,31,31,3,9,
18378,2039,771428,3,4,4,7,
18379,17457,771428,15,15,3,7,
18380,2289,771428,3,4,4,8,
18381,9726,771428,19,19,3,8,
18382,19677,771428,33,33,3,8,
18383,2204,771428,3,4,4,8,
18384,39381,771428,27,27,3,8,
18385,19466,771428,29,29,3,7,
18386,21178,771428,3,4,4,7,
18387,14897,771428,29,29,3,9,
18388,5241,771428,3,4,4,9,
18389,7038,771428,3,4,4,9,
18390,11277,771428,19,19,3,9,
18391,11761,771428,3,4,4,9,
18392,3931,771428,3,4,4,8,
18393,2359,771428,3,4,4,8,
18394,3724,771428,3,4,4,9,
18395,16960,771428,23,23,3,8,
18396,4093,771428,3,4,4,8,
18397,21240,771428,31,31,3,7,
18398,17845,771428,3,4,4,9,
18399,2514,771428,3,4,4,8,
18400,2810,771428,3,4,4,8,
18401,24778,771428,21,21,3,8,
18402,14526,771428,21,21,3,8,
18403,6469,771428,3,4,4,9,
18404,16540,771428,15,15,3,8,
18405,27996,771428,15,15,3,7,
18406,5755,771428,3,4,4,9,
18407,11594,771428,13,13,3,9,
18408,12095,771428,3,4,4,9,
18409,3622,771428,3,4,4,8,
18410,14114,771428,15,15,3,8,
18411,5172,771428,3,4,4,8,
18412,12616,771428,3,4,4,6,
18413,17992,771428,19,19,3,8,
18414,27722,771428,33,33,3,9,
18415,12756,771428,19,19,3,9,
18416,26273,771428,29,29,3,8,
18417,8286,771428,15,15,3,8,
18418,26238,771428,3,4,4,9,
18419,5987,771428,3,4,4,8,
18420,8430,771428,15,15,3,7,
18421,11430,771428,15,15,3,8,
18422,3274,771428,3,4,4,8,
18423,9689,771428,3,4,4,9,
18424,3408,771428,3,4,4,8,
18425,8612,771428,13,13,3,8,
18426,1738,771428,3,4,4,9,
18427,10465,771428,3,4,4,8,
18428,19217,771428,31,31,3,9,
18429,20537,771428,3,4,4,8,
18430,15761,771428,25,25,3,8,
18431,10464,771428,15,15,3,8,
18432,1440,771428,3,4,4,8,
18433,774,771428,3,4,4,8,
18434,9262,771428,17,17,3,9,
18435,9834,771428,3,4,4,9,
18436,1442,771428,3,4,4,8,
18437,2110,771428,3,4,4,8,
18438,2735,771428,3,4,4,8,
18439,1834,771428,3,4,4,9,
18440,2864,771428,3,4,4,8,
18441,1548,771428,3,4,4,8,
18442,2121,771428,3,4,4,8,
18443,31737,771428,19,19,3,8,
18444,2486,771428,3,4,4,8,
18445,8841,771428,15,15,3,8,
18446,3755,771428,3,4,4,8,
18447,3443,771428,3,4,4,8,
18448,33419,771428,23,23,3,8,
18449,3576,771428,3,4,4,8,
18450,35090,771428,3,4,4,7,
18451,8759,771428,17,17,3,9,
18452,3841,771428,3,4,4,8,
18453,33260,771428,29,29,3,8,
18454,34679,771428,23,23,3,6,
18455,31781,771428,27,27,3,7,
18456,2239,771428,3,4,4,8,
18457,22412,771428,13,13,3,8,
18458,28517,771428,23,23,3,8,
18459,26517,771428,23,23,3,8,
18460,27291,771428,19,19,3,7,
18461,6620,771428,3,4,4,6,
18462,8377,771428,3,4,4,7,
18463,4300,771428,3,4,4,7,
18464,5777,771428,3,4,4,7,
18465,1250,771428,3,4,4,5,
18466,1526,771428,3,4,4,5,
18467,8758,771428,19,19,3,6,
18468,6625,771428,15,15,3,6,
18469,9640,771428,17,17,3,5,
18470,13304,771428,25,25,3,6,
18471,11399,771428,3,4,4,6,
18472,10627,771428,21,21,3,5,
18473,16486,771428,27,27,3,7,
18474,11660,771428,3,4,4,6,
18475,905,771428,3,4,4,6,
18476,8534,771428,21,21,3,6,
18477,2221,771428,3,4,4,5,
18478,10965,771428,15,15,3,8,
18479,1614,771428,3,4,4,6,
18480,15124,771428,19,19,3,7,
18481,2432,771428,3,4,4,8,
18482,10330,771428,15,15,3,8,
18483,1330,771428,3,4,4,7,
18484,14940,771428,13,13,3,7,
18485,9901,771428,3,4,4,8,
18486,1129,771428,3,4,4,8,
18487,1360,771428,3,4,4,8,
18488,8572,771428,15,15,3,8,
18489,18743,771428,33,33,3,8,
18490,11611,771428,17,17,3,8,
18491,12981,771428,19,19,3,9,
18492,13824,771428,3,4,4,9,
18493,11512,771428,25,25,3,9,
18494,12269,771428,23,23,3,8,
18495,12202,771428,3,4,4,9,
18496,14024,771429,33,33,3,8,
18497,11488,771429,21,21,3,9,
18498,8094,771429,3,4,4,8,
18499,10958,771429,3,4,4,9,
18500,2209,771429,3,4,4,8,
18501,2209,771429,3,4,4,9,
18502,13980,771429,29,29,3,8,
18503,11557,771429,27,27,3,9,
18504,11323,771429,3,4,4,9,
18505,2373,771429,3,4,4,8,
18506,13703,771429,25,25,3,9,
18507,13931,771429,3,4,4,7,
18508,1460,771429,3,4,4,9,
18509,11549,771429,23,23,3,8,
18510,14921,771429,33,33,3,9,
18511,11033,771429,3,4,4,8,
18512,1538,771429,3,4,4,9,
18513,10281,771429,23,23,3,8,
18514,9516,771429,3,4,4,9,
18515,13331,771429,29,29,3,9,
18516,13793,771429,3,4,4,9,
18517,8202,771429,25,25,3,9,
18518,7747,771429,19,19,3,8,
18519,14589,771429,29,30,3,9,
18520,24547,771429,31,31,3,8,
18521,15081,771429,3,4,4,8,
18522,11149,771429,27,27,3,9,
18523,11824,771429,3,4,4,8,
18524,2632,771429,3,4,4,9,
18525,7362,771429,15,15,3,9,
18526,7070,771429,3,4,4,8,
18527,11932,771429,23,23,3,9,
18528,14818,771429,21,21,3,9,
18529,7448,771429,17,17,3,8,
18530,12743,771429,21,21,3,8,
18531,1426,771429,3,4,4,8,
18532,15594,771429,23,23,3,8,
18533,2199,771429,3,4,4,8,
18534,3412,771429,3,4,4,8,
18535,11795,771429,23,23,3,9,
18536,2591,771429,3,4,4,8,
18537,12251,771429,21,21,3,9,
18538,5965,771429,3,4,4,8,
18539,2124,771429,3,4,4,9,
18540,2043,771429,3,4,4,8,
18541,6527,771429,3,4,4,8,
18542,14691,771429,33,33,3,9,
18543,14893,771429,3,4,4,9,
18544,2150,771429,3,4,4,9,
18545,7937,771429,17,17,3,9,
18546,12107,771429,31,31,3,8,
18547,4590,771429,3,4,4,9,
18548,7040,771429,3,4,4,8,
18549,10633,771429,25,25,3,8,
18550,3048,771429,3,4,4,8,
18551,9349,771429,17,17,3,8,
18552,2050,771429,3,4,4,9,
18553,2025,771429,3,4,4,8,
18554,9711,771429,3,4,4,9,
18555,9604,771429,17,17,3,9,
18556,1583,771429,3,4,4,8,
18557,9624,771429,3,4,4,8,
18558,8565,771429,19,19,3,9,
18559,8398,771429,3,4,4,9,
18560,12980,771429,31,31,3,9,
18561,21008,771429,21,21,3,8,
18562,1144,771429,3,4,4,8,
18563,11973,771429,21,21,3,9,
18564,7258,771429,19,19,3,8,
18565,11953,771429,27,27,3,9,
18566,20888,771429,25,25,3,9,
18567,4706,771429,13,13,3,8,
18568,7723,771429,13,13,3,8,
18569,5067,771429,3,4,4,9,
18570,7727,771429,3,4,4,9,
18571,7808,771429,19,19,3,8,
18572,15228,771429,21,21,3,9,
18573,14980,771429,3,4,4,8,
18574,19805,771429,29,29,3,9,
18575,5814,771429,3,4,4,8,
18576,5074,771429,13,13,3,9,
18577,11872,771429,3,4,4,9,
18578,15843,771429,33,33,3,9,
18579,1566,771429,3,4,4,9,
18580,13000,771429,3,4,4,8,
18581,17283,771429,17,17,3,8,
18582,16264,771429,29,29,3,8,
18583,17020,771429,23,23,3,8,
18584,12426,771429,15,15,3,8,
18585,1658,771429,3,4,4,9,
18586,13828,771429,21,21,3,8,
18587,1517,771429,3,4,4,9,
18588,1820,771429,3,4,4,9,
18589,2188,771429,3,4,4,9,
18590,3434,771429,3,4,4,9,
18591,13863,771429,21,21,3,9,
18592,14189,771429,13,13,3,9,
18593,8766,771429,17,17,3,8,
18594,13850,771429,27,27,3,9,
18595,10295,771429,25,25,3,8,
18596,1126,771429,3,4,4,8,
18597,16382,771429,31,31,3,9,
18598,11746,771429,19,19,3,9,
18599,19904,771429,13,13,3,8,
18600,15490,771429,23,23,3,8,
18601,13523,771429,29,29,3,8,
18602,5823,771429,13,13,3,9,
18603,2182,771429,3,4,4,8,
18604,6476,771429,17,17,3,9,
18605,6506,771429,3,4,4,8,
18606,1506,771429,3,4,4,9,
18607,8390,771429,3,4,4,8,
18608,1927,771429,3,4,4,8,
18609,1702,771429,3,4,4,9,
18610,8172,771429,21,21,3,8,
18611,1776,771429,3,4,4,8,
18612,12566,771429,19,19,3,8,
18613,1379,771429,3,4,4,8,
18614,12114,771429,3,4,4,8,
18615,1881,771429,3,4,4,8,
18616,6031,771429,3,4,4,8,
18617,9424,771429,19,19,3,8,
18618,4986,771429,3,4,4,8,
18619,17001,771429,33,33,3,8,
18620,9367,771429,3,4,4,9,
18621,13778,771429,29,29,3,9,
18622,2211,771429,3,4,4,9,
18623,2359,771429,3,4,4,9,
18624,11468,771429,21,21,3,8,
18625,1341,771429,3,4,4,8,
18626,2359,771429,3,4,4,8,
18627,11270,771429,17,17,3,8,
18628,10789,771429,25,25,3,8,
18629,10372,771429,3,4,4,8,
18630,2402,771429,3,4,4,8,
18631,6802,771429,15,15,3,9,
18632,2097,771429,3,4,4,8,
18633,6627,771429,3,4,4,8,
18634,2339,771429,3,4,4,9,
18635,6761,771429,13,13,3,8,
18636,6225,771429,3,4,4,9,
18637,11090,771429,23,23,3,9,
18638,2217,771429,3,4,4,8,
18639,1979,771429,3,4,4,8,
18640,2020,771429,3,4,4,8,
18641,9499,771429,3,4,4,8,
18642,16183,771429,31,31,3,8,
18643,11454,771429,33,33,3,9,
18644,12219,771429,3,4,4,8,
18645,11700,771429,21,21,3,9,
18646,21929,771429,25,25,3,8,
18647,11368,771429,29,29,3,8,
18648,5346,771429,15,15,3,9,
18649,6489,771429,3,4,4,8,
18650,16404,771429,33,33,3,8,
18651,17836,771429,33,33,3,7,
18652,18739,771429,3,4,4,8,
18653,12934,771429,33,33,3,9,
18654,16273,771429,33,33,3,8,
18655,14223,771429,33,33,3,9,
18656,16594,771429,3,4,4,8,
18657,14060,771429,3,4,4,8,
18658,7597,771429,3,4,4,8,
18659,9849,771429,27,27,3,8,
18660,1868,771429,3,4,4,9,
18661,11557,771429,23,23,3,8,
18662,27902,771429,33,33,3,9,
18663,16246,771429,13,13,3,9,
18664,1696,771429,3,4,4,8,
18665,7892,771429,13,13,3,8,
18666,16876,771429,33,33,3,8,
18667,12357,771429,25,25,3,8,
18668,7738,771429,15,15,3,8,
18669,15358,771429,25,25,3,8,
18670,7234,771429,3,4,4,9,
18671,20190,771429,3,4,4,8,
18672,13274,771429,31,31,3,7,
18673,11964,771429,23,23,3,8,
18674,2514,771429,3,4,4,9,
18675,2588,771429,3,4,4,9,
18676,1715,771429,3,4,4,8,
18677,6600,771429,19,19,3,8,
18678,9681,771429,3,4,4,8,
18679,7284,771429,3,4,4,9,
18680,7074,771429,3,4,4,8,
18681,987,771429,3,4,4,8,
18682,1699,771429,3,4,4,9,
18683,6143,771429,15,15,3,9,
18684,5461,771429,13,13,3,8,
18685,2018,771429,3,4,4,8,
18686,2147,771429,3,4,4,9,
18687,6871,771429,15,15,3,8,
18688,10529,771429,25,25,3,8,
18689,19671,771429,27,27,3,7,
18690,7283,771429,3,4,4,9,
18691,19734,771429,3,4,4,8,
18692,10509,771429,3,4,4,9,
18693,8395,771429,13,13,3,9,
18694,1510,771429,3,4,4,9,
18695,13605,771429,33,33,3,8,
18696,13054,771429,25,25,3,9,
18697,13684,771429,25,25,3,9,
18698,13122,771429,31,31,3,9,
18699,13074,771429,3,4,4,9,
18700,12415,771429,33,33,3,9,
18701,6784,771429,3,4,4,9,
18702,7510,771429,13,13,3,8,
18703,13094,771429,27,27,3,8,
18704,1885,771429,3,4,4,8,
18705,14147,771429,3,4,4,8,
18706,8730,771429,21,21,3,8,
18707,4230,771429,3,4,4,7,
18708,11995,771429,23,23,3,8,
18709,9448,771429,3,4,4,9,
18710,1950,771429,3,4,4,9,
18711,6348,771429,15,15,3,9,
18712,2366,771429,3,4,4,9,
18713,2795,771429,3,4,4,8,
18714,2302,771429,3,4,4,8,
18715,12684,771429,25,25,3,8,
18716,13972,771429,29,29,3,9,
18717,13698,771429,3,4,4,8,
18718,13293,771429,21,21,3,8,
18719,9970,771429,27,27,3,7,
18720,2229,771429,3,4,4,9,
18721,7642,771429,13,13,3,8,
18722,7632,771429,3,4,4,8,
18723,13312,771429,31,31,3,8,
18724,6853,771429,3,4,4,8,
18725,12622,771429,3,4,4,8,
18726,3049,771429,3,4,4,7,
18727,2085,771429,3,4,4,7,
18728,11017,771429,29,29,3,9,
18729,1786,771429,3,4,4,7,
18730,1744,771429,3,4,4,7,
18731,10376,771429,3,4,4,9,
18732,6948,771429,15,15,3,7,
18733,2843,771429,3,4,4,8,
18734,14140,771429,23,24,3,9,
18735,10559,771429,23,23,3,8,
18736,2693,771429,3,4,4,8,
18737,13252,771429,3,4,4,9,
18738,1594,771429,3,4,4,9,
18739,4844,771429,15,15,3,8,
18740,1539,771429,3,4,4,9,
18741,5050,771429,3,4,4,8,
18742,13472,771429,21,21,3,9,
18743,13565,771429,3,4,4,8,
18744,18428,771429,29,29,3,9,
18745,1690,771429,3,4,4,8,
18746,17456,771429,33,33,3,8,
18747,2159,771429,3,4,4,9,
18748,21869,771429,27,27,3,8,
18749,27320,771429,33,33,3,8,
18750,15052,771429,21,21,3,8,
18751,16318,771429,29,29,3,9,
18752,1579,771429,3,4,4,9,
18753,1099,771429,3,4,4,9,
18754,11672,771429,17,17,3,9,
18755,13690,771429,21,21,3,9,
18756,1477,771429,3,4,4,9,
18757,1423,771429,3,4,4,9,
18758,21668,771429,29,29,3,8,
18759,21671,771429,33,33,3,9,
18760,8171,771429,17,17,3,9,
18761,19044,771429,31,31,3,7,
18762,7808,771429,3,4,4,9,
18763,14505,771429,27,27,3,9,
18764,14625,771429,31,31,3,8,
18765,9880,771429,19,19,3,9,
18766,14362,771429,3,4,4,9,
18767,1952,771429,3,4,4,9,
18768,2992,771429,3,4,4,9,
18769,17073,771429,25,25,3,8,
18770,16667,771429,3,4,4,8,
18771,5877,771429,17,17,3,8,
18772,15128,771429,25,25,3,9,
18773,14367,771429,3,4,4,8,
18774,2341,771429,3,4,4,9,
18775,3314,771429,3,4,4,8,
18776,860,771429,3,4,4,8,
18777,13255,771429,19,19,3,9,
18778,6830,771429,15,15,3,7,
18779,7239,771429,15,15,3,8,
18780,4822,771429,13,13,3,9,
18781,5198,771429,3,4,4,9,
18782,19298,771429,29,29,3,9,
18783,2095,771429,3,4,4,8,
18784,15591,771429,15,15,3,8,
18785,16770,771429,33,33,3,9,
18786,5824,771429,3,4,4,9,
18787,7971,771429,19,19,3,8,
18788,20242,771429,29,29,3,8,
18789,12985,771429,23,23,3,8,
18790,1653,771429,3,4,4,9,
18791,1638,771429,3,4,4,8,
18792,5872,771429,13,13,3,9,
18793,1384,771429,3,4,4,8,
18794,1378,771429,3,4,4,8,
18795,5183,771429,3,4,4,8,
18796,1797,771429,3,4,4,9,
18797,14204,771429,27,27,3,8,
18798,9656,771429,17,17,3,8,
18799,7189,771429,3,4,4,9,
18800,1503,771429,3,4,4,9,
18801,11723,771429,23,23,3,9,
18802,12113,771429,3,4,4,9,
18803,6974,771429,13,13,3,9,
18804,9239,771429,23,23,3,8,
18805,1662,771429,3,4,4,8,
18806,9602,771429,13,13,3,9,
18807,14866,771429,27,27,3,7,
18808,16454,771429,3,4,4,8,
18809,14774,771429,29,29,3,9,
18810,9170,771429,27,27,3,8,
18811,5053,771429,3,4,4,8,
18812,13783,771429,3,4,4,9,
18813,30338,771429,33,33,3,9,
18814,7152,771429,3,4,4,8,
18815,16079,771429,27,27,3,9,
18816,20680,771429,25,25,3,9,
18817,20629,771429,3,4,4,9,
18818,24304,771429,31,31,3,8,
18819,12990,771429,33,33,3,8,
18820,9714,771429,15,15,3,8,
18821,9133,771429,3,4,4,8,
18822,10351,771429,15,15,3,8,
18823,23173,771429,27,27,3,9,
18824,11839,771429,21,21,3,9,
18825,1146,771429,3,4,4,9,
18826,21470,771429,33,33,3,8,
18827,21901,771429,3,4,4,7,
18828,11695,771429,3,4,4,8,
18829,14533,771429,3,4,4,8,
18830,1710,771429,3,4,4,9,
18831,2803,771429,3,4,4,9,
18832,12185,771429,17,17,3,9,
18833,13777,771429,31,31,3,9,
18834,9995,771429,15,15,3,8,
18835,12186,771429,23,23,3,8,
18836,10772,771429,15,15,3,7,
18837,10778,771429,3,4,4,9,
18838,1618,771429,3,4,4,8,
18839,3128,771429,3,4,4,8,
18840,28613,771429,21,21,3,8,
18841,2266,771429,3,4,4,7,
18842,3630,771429,3,4,4,8,
18843,3026,771429,3,4,4,8,
18844,24711,771429,19,19,3,7,
18845,27430,771429,3,4,4,8,
18846,30447,771429,27,27,3,7,
18847,34017,771429,33,33,3,8,
18848,24385,771429,3,4,4,8,
18849,11064,771429,3,4,4,8,
18850,28405,771429,21,21,3,8,
18851,26184,771429,19,19,3,9,
18852,19941,771429,3,4,4,9,
18853,2722,771429,3,4,4,9,
18854,2935,771429,3,4,4,9,
18855,18209,771429,31,31,3,8,
18856,2260,771429,3,4,4,8,
18857,3083,771429,3,4,4,8,
18858,3473,771429,3,4,4,9,
18859,10108,771429,19,19,3,9,
18860,14565,771429,31,31,3,8,
18861,10171,771429,23,23,3,9,
18862,3096,771429,3,4,4,8,
18863,14368,771429,3,4,4,8,
18864,9407,771429,3,4,4,9,
18865,5053,771429,3,4,4,9,
18866,25381,771429,33,33,3,8,
18867,7655,771429,13,13,3,9,
18868,1947,771429,3,4,4,8,
18869,11640,771429,15,15,3,8,
18870,19564,771429,25,25,3,8,
18871,24388,771429,31,32,3,9,
18872,6498,771429,15,15,3,8,
18873,12092,771429,27,27,3,9,
18874,7704,771429,13,13,3,9,
18875,2253,771429,3,4,4,8,
18876,11939,771429,29,29,3,9,
18877,2040,771429,3,4,4,8,
18878,1751,771429,3,4,4,8,
18879,6402,771429,3,4,4,8,
18880,1185,771429,3,4,4,8,
18881,1214,771429,3,4,4,8,
18882,14129,771429,25,25,3,8,
18883,14471,771429,3,4,4,9,
18884,8813,771429,3,4,4,8,
18885,6775,771429,13,13,3,8,
18886,942,771429,3,4,4,8,
18887,21880,771429,33,33,3,9,
18888,22153,771429,3,4,4,9,
18889,1930,771429,3,4,4,8,
18890,21607,771429,27,27,3,7,
18891,1794,771429,3,4,4,8,
18892,748,771429,3,4,4,8,
18893,2164,771429,3,4,4,8,
18894,12654,771429,23,23,3,8,
18895,12199,771429,15,15,3,9,
18896,16621,771429,25,25,3,7,
18897,15655,771429,29,29,3,8,
18898,16738,771429,21,21,3,8,
18899,14757,771429,31,31,3,8,
18900,14911,771429,25,25,3,9,
18901,17302,771429,27,27,3,8,
18902,20678,771429,33,33,3,8,
18903,2092,771429,3,4,4,9,
18904,9630,771429,23,23,3,8,
18905,13032,771429,3,4,4,8,
18906,16533,771429,3,4,4,8,
18907,12572,771429,23,23,3,8,
18908,3757,771429,13,13,3,9,
18909,993,771429,3,4,4,8,
18910,12597,771429,3,4,4,9,
18911,14283,771429,29,29,3,9,
18912,6458,771429,17,17,3,9,
18913,9871,771429,27,27,3,8,
18914,15218,771429,25,25,3,8,
18915,9433,771429,23,23,3,8,
18916,5897,771429,15,15,3,9,
18917,5813,771429,3,4,4,9,
18918,2950,771429,3,4,4,8,
18919,11109,771429,21,21,3,8,
18920,11014,771429,3,4,4,8,
18921,6111,771429,17,17,3,9,
18922,6418,771429,3,4,4,8,
18923,10543,771429,3,4,4,8,
18924,3167,771429,3,4,4,9,
18925,11802,771429,25,25,3,9,
18926,12338,771429,3,4,4,8,
18927,2047,771429,3,4,4,8,
18928,2737,771429,3,4,4,9,
18929,11795,771429,19,19,3,8,
18930,1580,771429,3,4,4,8,
18931,11760,771429,29,29,3,9,
18932,6416,771429,19,19,3,8,
18933,6197,771429,3,4,4,8,
18934,10203,771429,19,20,3,8,
18935,12729,771429,31,31,3,9,
18936,10311,771429,3,4,4,9,
18937,12658,771429,3,4,4,8,
18938,13706,771429,31,31,3,8,
18939,1110,771429,3,4,4,8,
18940,10840,771429,29,29,3,8,
18941,13197,771429,3,4,4,9,
18942,10907,771429,3,4,4,8,
18943,12403,771429,27,27,3,8,
18944,4730,771429,15,15,3,8,
18945,8673,771429,21,21,3,8,
18946,8186,771429,3,4,4,8,
18947,6527,771429,13,13,3,8,
18948,7485,771429,3,4,4,8,
18949,6521,771429,3,4,4,8,
18950,13137,771429,33,33,3,8,
18951,13567,771429,3,4,4,9,
18952,2098,771429,3,4,4,8,
18953,13754,771429,33,33,3,8,
18954,1832,771429,3,4,4,8,
18955,13707,771429,3,4,4,8,
18956,2198,771429,3,4,4,7,
18957,6525,771429,15,15,3,8,
18958,7971,771429,19,19,3,8,
18959,2491,771429,3,4,4,9,
18960,14440,771429,33,33,3,8,
18961,7269,771429,3,4,4,8,
18962,11142,771429,21,21,3,8,
18963,18124,771429,19,19,3,9,
18964,10097,771429,3,4,4,9,
18965,5729,771429,13,13,3,9,
18966,12336,771429,19,19,3,8,
18967,1464,771429,3,4,4,9,
18968,20178,771429,29,29,3,9,
18969,17361,771429,31,31,3,8,
18970,23277,771429,31,31,3,8,
18971,10584,771429,21,21,3,8,
18972,9363,771429,3,4,4,9,
18973,18362,771429,29,29,3,9,
18974,1699,771429,3,4,4,9,
18975,6982,771429,13,13,3,9,
18976,10243,771429,21,21,3,9,
18977,11776,771429,3,4,4,8,
18978,8805,771429,17,17,3,8,
18979,16808,771429,33,33,3,8,
18980,12430,771429,3,4,4,9,
18981,5190,771429,3,4,4,9,
18982,10975,771429,29,29,3,8,
18983,2556,771429,3,4,4,9,
18984,11080,771429,23,23,3,8,
18985,1797,771429,3,4,4,8,
18986,10003,771429,3,4,4,8,
18987,6896,771429,13,13,3,9,
18988,2027,771429,3,4,4,8,
18989,7739,771429,3,4,4,9,
18990,1489,771429,3,4,4,9,
18991,11594,771429,21,21,3,8,
18992,2249,771429,3,4,4,9,
18993,13932,771429,29,29,3,8,
18994,2128,771429,3,4,4,8,
18995,1562,771429,3,4,4,8,
18996,3379,771429,3,4,4,6,
18997,8296,771429,19,19,3,8,
18998,9439,771429,3,4,4,8,
18999,1584,771429,3,4,4,7,
19000,1847,771429,3,4,4,8,
19001,11729,771429,17,17,3,7,
19002,2172,771429,3,4,4,6,
19003,8299,771429,17,17,3,7,
19004,8723,771429,3,4,4,7,
19005,20147,771429,29,29,3,7,
19006,18938,771429,33,33,3,8,
19007,12012,771429,21,21,3,8,
19008,4296,771429,3,4,4,9,
19009,11925,771429,17,17,3,9,
19010,16380,771429,33,33,3,8,
19011,19576,771429,33,33,3,9,
19012,5812,771429,13,13,3,9,
19013,10578,771429,15,15,3,8,
19014,17542,771429,25,25,3,9,
19015,16425,771429,3,4,4,8,
19016,12748,771429,3,4,4,8,
19017,3837,771429,13,13,3,9,
19018,6453,771429,3,4,4,8,
19019,2704,771429,3,4,4,8,
19020,3745,771429,3,4,4,8,
19021,1580,771429,3,4,4,9,
19022,9074,771429,17,17,3,8,
19023,8040,771429,19,19,3,8,
19024,6432,771429,15,15,3,9,
19025,11394,771429,23,23,3,8,
19026,8779,771429,3,4,4,8,
19027,8127,771429,3,4,4,9,
19028,2270,771429,3,4,4,9,
19029,13724,771429,31,31,3,8,
19030,6130,771429,19,19,3,8,
19031,22070,771429,23,23,3,8,
19032,6205,771429,3,4,4,8,
19033,12912,771429,29,29,3,9,
19034,12374,771429,21,21,3,8,
19035,1086,771429,3,4,4,8,
19036,7564,771429,19,19,3,8,
19037,16370,771429,29,29,3,9,
19038,16916,771429,3,4,4,8,
19039,1255,771429,3,4,4,9,
19040,7893,771429,3,4,4,8,
19041,12629,771429,27,27,3,8,
19042,11932,771429,23,23,3,8,
19043,9970,771429,3,4,4,8,
19044,3267,771429,3,4,4,9,
19045,8351,771429,15,15,3,8,
19046,6202,771429,13,13,3,8,
19047,9179,771429,17,17,3,8,
19048,7192,771429,13,13,3,8,
19049,1993,771429,3,4,4,7,
19050,3847,771429,3,4,4,8,
19051,1767,771429,3,4,4,7,
19052,2940,771429,3,4,4,8,
19053,14714,771429,23,23,3,8,
19054,7558,771429,15,15,3,8,
19055,3183,771429,3,4,4,8,
19056,10530,771429,17,17,3,8,
19057,13537,771429,17,17,3,7,
19058,7102,771429,3,4,4,8,
19059,16497,771429,21,21,3,8,
19060,2249,771429,3,4,4,8,
19061,23135,771429,31,31,3,8,
19062,8025,771429,17,17,3,9,
19063,17739,771429,25,25,3,8,
19064,10672,771429,19,19,3,9,
19065,14116,771429,25,25,3,9,
19066,8269,771429,13,13,3,9,
19067,8806,771429,3,4,4,9,
19068,6278,771429,21,21,3,9,
19069,4384,771429,3,4,4,8,
19070,11784,771429,3,4,4,9,
19071,6101,771429,3,4,4,9,
19072,10530,771429,19,19,3,8,
19073,2292,771429,3,4,4,8,
19074,13799,771429,29,29,3,9,
19075,8162,771429,17,17,3,9,
19076,13509,771429,3,4,4,8,
19077,7421,771429,3,4,4,8,
19078,8292,771429,21,21,3,8,
19079,8326,771429,21,21,3,8,
19080,14137,771429,27,27,3,9,
19081,8222,771429,19,19,3,8,
19082,8602,771429,3,4,4,8,
19083,1389,771429,3,4,4,8,
19084,3381,771429,3,4,4,9,
19085,12934,771429,23,23,3,8,
19086,8251,771429,3,4,4,8,
19087,6702,771429,15,15,3,8,
19088,2278,771429,3,4,4,8,
19089,2774,771429,3,4,4,8,
19090,16516,771429,31,31,3,8,
19091,3829,771429,3,4,4,8,
19092,16719,771429,3,4,4,8,
19093,4753,771429,13,13,3,8,
19094,2567,771429,3,4,4,8,
19095,4240,771429,3,4,4,8,
19096,2566,771429,3,4,4,8,
19097,6533,771429,3,4,4,8,
19098,7532,771429,13,13,3,8,
19099,1941,771429,3,4,4,7,
19100,12879,771429,25,25,3,8,
19101,8691,771429,21,21,3,8,
19102,11794,771429,25,25,3,7,
19103,8767,771429,3,4,4,8,
19104,11056,771429,3,4,4,7,
19105,1293,771429,3,4,4,8,
19106,16549,771429,29,29,3,9,
19107,16916,771429,3,4,4,8,
19108,6413,771429,3,4,4,8,
19109,20770,771429,23,23,3,8,
19110,11867,771429,17,17,3,8,
19111,21817,771429,33,33,3,9,
19112,18005,771429,19,19,3,8,
19113,19081,771429,27,27,3,9,
19114,14628,771429,23,23,3,7,
19115,19788,771429,31,31,3,8,
19116,13838,771429,21,21,3,9,
19117,13516,771429,23,23,3,7,
19118,11414,771429,19,19,3,8,
19119,14600,771429,3,4,4,8,
19120,3326,771429,3,4,4,8,
19121,14156,771429,15,15,3,8,
19122,6333,771429,3,4,4,8,
19123,2919,771429,3,4,4,8,
19124,1811,771429,3,4,4,8,
19125,3331,771429,3,4,4,8,
19126,1750,771429,3,4,4,8,
19127,7432,771429,17,17,3,8,
19128,13659,771429,17,17,3,8,
19129,20768,771429,33,33,3,8,
19130,1657,771429,3,4,4,7,
19131,13307,771429,3,4,4,8,
19132,15941,771429,15,15,3,7,
19133,21745,771429,33,33,3,8,
19134,13339,771429,23,23,3,8,
19135,9165,771429,23,23,3,8,
19136,39048,771429,33,33,3,9,
19137,3048,771429,3,4,4,9,
19138,10517,771429,19,19,3,8,
19139,22748,771429,17,17,3,9,
19140,1970,771429,3,4,4,8,
19141,13094,771429,3,4,4,9,
19142,1648,771429,3,4,4,9,
19143,958,771429,3,4,4,8,
19144,1404,771429,3,4,4,8,
19145,5665,771429,3,4,4,8,
19146,1388,771429,3,4,4,8,
19147,16568,771429,21,21,3,8,
19148,1222,771429,3,4,4,9,
19149,3280,771429,3,4,4,8,
19150,15028,771429,3,4,4,9,
19151,3673,771429,3,4,4,7,
19152,3388,771429,3,4,4,8,
19153,16307,771429,21,21,3,8,
19154,19997,771429,23,23,3,8,
19155,25930,771429,27,27,3,8,
19156,14544,771429,15,15,3,8,
19157,19093,771429,25,25,3,8,
19158,9568,771429,15,15,3,9,
19159,9646,771429,19,19,3,8,
19160,12096,771429,3,4,4,8,
19161,9322,771429,3,4,4,8,
19162,20130,771429,21,21,3,8,
19163,5466,771429,3,4,4,7,
19164,16172,771429,23,23,3,9,
19165,13506,771429,3,4,4,7,
19166,19764,771429,25,25,3,8,
19167,4566,771429,3,4,4,8,
19168,1333,771429,3,4,4,7,
19169,23541,771429,29,29,3,8,
19170,2378,771429,3,4,4,8,
19171,13070,771429,17,17,3,8,
19172,17030,771429,19,19,3,9,
19173,9939,771429,15,15,3,8,
19174,16211,771429,3,4,4,9,
19175,7808,771429,3,4,4,9,
19176,1624,771429,3,4,4,7,
19177,21528,771429,31,31,3,8,
19178,11344,771429,19,19,3,9,
19179,21267,771429,3,4,4,7,
19180,11281,771429,3,4,4,7,
19181,1906,771429,3,4,4,9,
19182,17274,771429,27,27,3,8,
19183,9929,771429,23,23,3,9,
19184,6730,771429,3,4,4,8,
19185,2097,771429,3,4,4,9,
19186,16026,771429,33,33,3,9,
19187,15639,771429,3,4,4,9,
19188,8139,771429,17,17,3,7,
19189,1985,771429,3,4,4,7,
19190,2885,771429,3,4,4,8,
19191,8824,771429,3,4,4,8,
19192,6356,771429,3,4,4,8,
19193,1360,771429,3,4,4,8,
19194,790,771429,3,4,4,8,
19195,2415,771429,3,4,4,9,
19196,18172,771429,27,27,3,9,
19197,16868,771429,3,4,4,7,
19198,21871,771429,29,29,3,8,
19199,25007,771429,29,29,3,8,
19200,1643,771429,3,4,4,7,
19201,13263,771429,23,23,3,8,
19202,20156,771429,33,33,3,8,
19203,10686,771429,19,19,3,8,
19204,21029,771429,3,4,4,9,
19205,1962,771429,3,4,4,9,
19206,3050,771429,3,4,4,9,
19207,8303,771429,15,15,3,8,
19208,7807,771429,3,4,4,8,
19209,12541,771429,3,4,4,8,
19210,11346,771429,15,15,3,8,
19211,1214,771429,3,4,4,8,
19212,1379,771429,3,4,4,7,
19213,2316,771429,3,4,4,8,
19214,3670,771429,3,4,4,8,
19215,60217,771429,33,33,3,7,
19216,2472,771429,3,4,4,8,
19217,2578,771429,3,4,4,8,
19218,14069,771429,25,25,3,8,
19219,16305,771429,19,19,3,8,
19220,6291,771429,3,4,4,8,
19221,2631,771429,3,4,4,8,
19222,49528,771429,27,27,3,8,
19223,2095,771429,3,4,4,8,
19224,2503,771429,3,4,4,9,
19225,53375,771429,29,29,3,8,
19226,3293,771429,3,4,4,8,
19227,4449,771429,3,4,4,8,
19228,37944,771429,13,13,3,9,
19229,51287,771429,23,23,3,8,
19230,3109,771429,3,4,4,8,
19231,42839,771429,33,33,3,8,
19232,49471,771429,23,23,3,8,
19233,48317,771429,21,21,3,8,
19234,47543,771429,3,4,4,8,
19235,44407,771429,3,4,4,9,
19236,5518,771429,3,4,4,6,
19237,26184,771429,33,33,3,8,
19238,10780,771429,17,17,3,8,
19239,11736,771429,21,21,3,9,
19240,11373,771429,3,4,4,8,
19241,15948,771429,33,33,3,8,
19242,3785,771429,3,4,4,9,
19243,15762,771429,3,4,4,9,
19244,7540,771429,3,4,4,8,
19245,15358,771429,27,27,3,8,
19246,2234,771429,3,4,4,9,
19247,2742,771429,3,4,4,9,
19248,2077,771429,3,4,4,9,
19249,18812,771429,19,19,3,8,
19250,11455,771429,21,21,3,8,
19251,2853,771429,3,4,4,9,
19252,14821,771429,23,23,3,8,
19253,2794,771429,3,4,4,9,
19254,11202,771429,15,15,3,8,
19255,10577,771429,14,15,3,8,
19256,8631,771429,17,17,3,8,
19257,10000,771429,19,19,3,8,
19258,11123,771429,3,4,4,9,
19259,6921,771429,3,4,4,8,
19260,14503,771429,33,33,3,9,
19261,6614,771429,17,17,3,8,
19262,3403,771429,3,4,4,8,
19263,7364,771429,3,4,4,9,
19264,12759,771429,21,21,3,8,
19265,11596,771429,27,27,3,8,
19266,16807,771429,33,33,3,8,
19267,1889,771429,3,4,4,8,
19268,10885,771429,3,4,4,8,
19269,14555,771429,15,15,3,8,
19270,1659,771429,3,4,4,8,
19271,12163,771429,21,21,3,8,
19272,1638,771429,3,4,4,8,
19273,18531,771429,19,19,3,9,
19274,9489,771429,19,19,3,9,
19275,8998,771429,3,4,4,9,
19276,6579,771429,3,4,4,9,
19277,1174,771429,3,4,4,8,
19278,19881,771429,33,33,3,9,
19279,15453,771429,25,25,3,8,
19280,16548,771429,3,4,4,8,
19281,12070,771429,23,23,3,9,
19282,12242,771429,29,29,3,8,
19283,12026,771429,3,4,4,8,
19284,1612,771429,3,4,4,9,
19285,1697,771429,3,4,4,8,
19286,15446,771429,3,4,4,9,
19287,2192,771429,3,4,4,9,
19288,1708,771429,3,4,4,9,
19289,15042,771429,29,29,3,9,
19290,7760,771429,19,19,3,9,
19291,8676,771429,17,17,3,9,
19292,15628,771429,29,29,3,8,
19293,11858,771429,15,15,3,8,
19294,7695,771429,17,17,3,8,
19295,12634,771429,27,27,3,8,
19296,6901,771429,3,4,4,8,
19297,10710,771429,3,4,4,9,
19298,2360,771429,3,4,4,9,
19299,4805,771429,3,4,4,8,
19300,5716,771429,13,13,3,9,
19301,5165,771429,3,4,4,8,
19302,8808,771429,25,25,3,8,
19303,1147,771429,3,4,4,9,
19304,8672,771429,3,4,4,8,
19305,7649,771429,19,19,3,8,
19306,8553,771429,3,4,4,8,
19307,1701,771429,3,4,4,8,
19308,13386,771429,21,21,3,8,
19309,1894,771429,3,4,4,8,
19310,13183,771429,3,4,4,8,
19311,10824,771429,23,23,3,8,
19312,15183,771429,27,27,3,8,
19313,13701,771429,25,25,3,8,
19314,7788,771429,17,17,3,9,
19315,12111,771429,29,29,3,7,
19316,8263,771429,21,21,3,9,
19317,12513,771429,3,4,4,8,
19318,7859,771429,3,4,4,9,
19319,6302,771429,3,4,4,8,
19320,5005,771429,3,4,4,8,
19321,2108,771429,3,4,4,8,
19322,9612,771429,25,25,3,9,
19323,2870,771429,3,4,4,8,
19324,21212,771429,29,29,3,8,
19325,8799,771429,15,15,3,8,
19326,2672,771429,3,4,4,8,
19327,2047,771429,3,4,4,7,
19328,2644,771429,3,4,4,7,
19329,14597,771429,29,29,3,8,
19330,11215,771429,15,15,3,8,
19331,14524,771429,17,17,3,9,
19332,15379,771429,31,32,3,8,
19333,10394,771429,23,23,3,8,
19334,6705,771429,13,13,3,8,
19335,16301,771429,3,4,4,8,
19336,19757,771429,31,31,3,8,
19337,9101,771429,3,4,4,8,
19338,9016,771429,19,19,3,8,
19339,1927,771429,3,4,4,9,
19340,2664,771429,3,4,4,9,
19341,9425,771429,19,19,3,8,
19342,9371,771429,21,21,3,8,
19343,8264,771429,15,15,3,9,
19344,8643,771429,3,4,4,8,
19345,9204,771429,3,4,4,9,
19346,1227,771429,3,4,4,8,
19347,8769,771429,3,4,4,8,
19348,8187,771429,21,21,3,8,
19349,11542,771429,29,29,3,8,
19350,11798,771429,3,4,4,9,
19351,9183,771429,21,21,3,8,
19352,5545,771429,13,13,3,8,
19353,2363,771429,3,4,4,9,
19354,4926,771429,3,4,4,9,
19355,9307,771429,23,23,3,8,
19356,1332,771429,3,4,4,8,
19357,9135,771429,3,4,4,8,
19358,6863,771429,15,15,3,8,
19359,6233,771429,3,4,4,8,
19360,7818,771429,3,4,4,9,
19361,2077,771429,3,4,4,8,
19362,1878,771429,3,4,4,8,
19363,21378,771429,31,31,3,9,
19364,21675,771429,3,4,4,8,
19365,8741,771429,17,17,3,9,
19366,8752,771429,15,15,3,7,
19367,8392,771429,15,16,3,8,
19368,16577,771429,25,25,3,8,
19369,13239,771429,25,25,3,8,
19370,1669,771429,3,4,4,9,
19371,21753,771429,19,19,3,8,
19372,14107,771429,29,29,3,9,
19373,15636,771429,25,25,3,9,
19374,1471,771429,3,4,4,8,
19375,2453,771429,3,4,4,8,
19376,14525,771429,24,25,3,9,
19377,1569,771429,3,4,4,9,
19378,15335,771429,23,23,3,8,
19379,13562,771429,31,31,3,9,
19380,9651,771429,17,17,3,8,
19381,12320,771429,27,27,3,8,
19382,6761,771429,3,4,4,8,
19383,1886,771429,3,4,4,9,
19384,11153,771429,3,4,4,9,
19385,14908,771429,33,33,3,9,
19386,14552,771429,3,4,4,8,
19387,1970,771429,3,4,4,9,
19388,11497,771429,27,27,3,7,
19389,10581,771429,29,29,3,8,
19390,12652,771429,3,4,4,9,
19391,10743,771429,3,4,4,8,
19392,6868,771429,13,13,3,8,
19393,15282,771429,27,27,3,8,
19394,2063,771429,3,4,4,9,
19395,14737,771429,33,33,3,5,
19396,14040,771429,3,4,4,4,
19397,9946,771429,3,4,4,7,
19398,8965,771429,21,21,3,6,
19399,9634,771429,19,19,3,4,
19400,8680,771429,15,15,3,5,
19401,2201,771429,3,4,4,8,
19402,7312,771429,15,15,3,6,
19403,825,771429,3,4,4,0,
19404,995,771429,3,4,4,1,
19405,15855,771429,33,33,3,4,
19406,1395,771429,3,4,4,3,
19407,13041,771429,21,21,3,5,
19408,11128,771429,13,13,3,5,
19409,8783,771429,17,17,3,6,
19410,1288,771429,3,4,4,6,
19411,8669,771429,3,4,4,7,
19412,2395,771429,3,4,4,7,
19413,11714,771429,3,4,4,7,
19414,1384,771429,3,4,4,7,
19415,7485,771429,21,21,3,8,
19416,877,771429,3,4,4,8,
19417,1467,771429,3,4,4,8,
19418,7692,771429,3,4,4,8,
19419,8950,771429,21,21,3,8,
19420,11797,771429,19,19,3,8,
19421,1248,771429,3,4,4,8,
19422,10008,771429,17,17,3,8,
19423,1211,771429,3,4,4,8,
19424,16122,771429,31,31,3,8,
19425,8811,771429,17,17,3,8,
19426,1871,771429,3,4,4,8,
19427,2104,771429,3,4,4,8,
19428,3511,771430,3,4,4,8,
19429,7971,771430,3,4,4,8,
19430,5002,771430,3,4,4,8,
19431,12454,771430,25,25,3,9,
19432,2673,771430,3,4,4,8,
19433,12516,771430,3,4,4,8,
19434,1916,771430,3,4,4,8,
19435,2727,771430,3,4,4,7,
19436,2593,771430,3,4,4,8,
19437,18541,771430,25,25,3,8,
19438,14252,771430,23,23,3,9,
19439,8697,771430,3,4,4,8,
19440,1933,771430,3,4,4,8,
19441,17799,771430,3,4,4,8,
19442,8152,771430,15,15,3,8,
19443,8148,771430,21,21,3,9,
19444,10824,771430,21,21,3,8,
19445,1533,771430,3,4,4,9,
19446,6981,771430,15,15,3,8,
19447,17305,771430,29,29,3,8,
19448,18133,771430,3,4,4,8,
19449,7022,771430,17,17,3,8,
19450,7265,771430,17,17,3,8,
19451,4522,771430,3,4,4,9,
19452,8640,771430,17,17,3,8,
19453,1345,771430,3,4,4,8,
19454,1717,771430,3,4,4,8,
19455,14855,771430,29,29,3,8,
19456,5902,771430,15,15,3,9,
19457,14804,771430,3,4,4,8,
19458,5875,771430,3,4,4,8,
19459,11576,771430,27,27,3,8,
19460,5613,771430,15,15,3,8,
19461,4380,771430,3,4,4,9,
19462,10614,771430,23,23,3,7,
19463,15493,771430,33,33,3,8,
19464,1723,771430,3,4,4,8,
19465,10373,771430,3,4,4,8,
19466,1858,771430,3,4,4,8,
19467,1323,771430,3,4,4,8,
19468,2122,771430,3,4,4,8,
19469,7450,771430,19,19,3,8,
19470,5006,771430,13,13,3,8,
19471,8024,771430,3,4,4,8,
19472,4686,771430,3,4,4,8,
19473,10717,771430,3,4,4,8,
19474,1844,771430,3,4,4,8,
19475,8112,771430,13,13,3,9,
19476,1724,771430,3,4,4,8,
19477,9747,771430,29,29,3,8,
19478,8423,771430,15,15,3,8,
19479,13123,771430,33,33,3,8,
19480,9358,771430,3,4,4,8,
19481,2192,771430,3,4,4,9,
19482,12901,771430,3,4,4,8,
19483,1642,771430,3,4,4,9,
19484,2027,771430,3,4,4,8,
19485,5992,771430,13,13,3,8,
19486,10630,771430,23,23,3,8,
19487,5730,771430,3,4,4,9,
19488,8217,771430,21,21,3,8,
19489,10734,771430,3,4,4,9,
19490,8520,771430,13,13,3,8,
19491,6726,771430,3,4,4,8,
19492,8517,771430,3,4,4,8,
19493,14472,771430,23,23,3,9,
19494,8401,771430,19,19,3,9,
19495,2964,771430,3,4,4,9,
19496,24069,771430,27,27,3,8,
19497,4019,771430,3,4,4,8,
19498,13817,771430,27,27,3,8,
19499,18151,771430,31,31,3,9,
19500,3812,771430,3,4,4,9,
19501,11107,771430,17,17,3,8,
19502,10721,771430,25,25,3,8,
19503,11460,771430,3,4,4,8,
19504,2424,771430,3,4,4,9,
19505,5015,771430,3,4,4,9,
19506,20929,771430,33,33,3,9,
19507,16541,771430,27,27,3,8,
19508,1729,771430,3,4,4,9,
19509,2015,771430,3,4,4,9,
19510,2045,771430,3,4,4,9,
19511,2358,771430,3,4,4,7,
19512,2820,771430,3,4,4,7,
19513,2097,771430,3,4,4,8,
19514,3152,771430,3,4,4,8,
19515,1992,771430,3,4,4,8,
19516,1699,771430,3,4,4,8,
19517,1792,771430,3,4,4,7,
19518,10487,771430,21,21,3,8,
19519,2562,771430,3,4,4,8,
19520,12127,771430,19,19,3,8,
19521,2223,771430,3,4,4,8,
19522,12627,771430,3,4,4,8,
19523,9908,771430,3,4,4,9,
19524,7655,771430,13,13,3,8,
19525,1599,771430,3,4,4,9,
19526,7741,771430,13,13,3,9,
19527,8208,771430,3,4,4,9,
19528,9883,771430,17,17,3,7,
19529,9378,771430,19,19,3,8,
19530,12824,771430,29,29,3,8,
19531,1829,771430,3,4,4,8,
19532,6843,771430,3,4,4,9,
19533,1707,771430,3,4,4,8,
19534,1984,771430,3,4,4,8,
19535,2753,771430,3,4,4,9,
19536,2404,771430,3,4,4,8,
19537,7914,771430,17,17,3,8,
19538,2913,771430,3,4,4,8,
19539,2068,771430,3,4,4,7,
19540,7241,771430,3,4,4,9,
19541,2944,771430,3,4,4,8,
19542,12515,771430,19,19,3,8,
19543,2194,771430,3,4,4,7,
19544,2649,771430,3,4,4,7,
19545,10995,771430,15,15,3,8,
19546,13287,771430,27,27,3,9,
19547,1672,771430,3,4,4,8,
19548,21276,771430,25,25,3,8,
19549,14204,771430,31,31,3,8,
19550,21219,771430,3,4,4,8,
19551,8933,771430,21,21,3,9,
19552,1556,771430,3,4,4,8,
19553,1837,771430,3,4,4,9,
19554,6664,771430,3,4,4,8,
19555,2008,771430,3,4,4,9,
19556,1849,771430,3,4,4,9,
19557,1128,771430,3,4,4,9,
19558,20532,771430,31,31,3,9,
19559,20944,771430,3,4,4,8,
19560,16031,771430,29,29,3,8,
19561,15305,771430,27,27,3,9,
19562,8569,771430,17,17,3,8,
19563,9426,771430,17,17,3,8,
19564,10894,771430,21,21,3,9,
19565,11877,771430,25,25,3,9,
19566,8908,771430,19,19,3,9,
19567,5155,771430,3,4,4,8,
19568,1662,771430,3,4,4,8,
19569,1498,771430,3,4,4,9,
19570,2141,771430,3,4,4,8,
19571,2894,771430,3,4,4,9,
19572,3268,771430,3,4,4,8,
19573,2230,771430,3,4,4,8,
19574,10986,771430,19,19,3,8,
19575,9431,771430,17,17,3,9,
19576,10692,771430,3,4,4,8,
19577,5944,771430,13,13,3,9,
19578,13628,771430,29,29,3,7,
19579,6259,771430,3,4,4,8,
19580,13901,771430,29,29,3,8,
19581,2217,771430,3,4,4,9,
19582,13908,771430,25,25,3,8,
19583,2349,771430,3,4,4,9,
19584,10378,771430,21,21,3,8,
19585,10591,771430,3,4,4,9,
19586,10499,771430,25,25,3,8,
19587,10881,771430,3,4,4,9,
19588,16530,771430,25,25,3,9,
19589,9941,771430,27,27,3,8,
19590,10101,771430,3,4,4,9,
19591,12357,771430,25,25,3,8,
19592,2552,771430,3,4,4,8,
19593,11428,771430,3,4,4,9,
19594,12231,771430,3,4,4,8,
19595,24068,771430,27,27,3,8,
19596,20582,771430,31,31,3,9,
19597,13975,771430,27,27,3,9,
19598,8873,771430,21,21,3,8,
19599,1822,771430,3,4,4,9,
19600,1940,771430,3,4,4,9,
19601,2516,771430,3,4,4,8,
19602,16406,771430,17,17,3,9,
19603,17365,771430,27,27,3,8,
19604,13395,771430,25,25,3,8,
19605,11949,771430,23,23,3,9,
19606,1890,771430,3,4,4,8,
19607,11243,771430,3,4,4,8,
19608,2088,771430,3,4,4,9,
19609,14928,771430,27,27,3,8,
19610,15608,771430,25,25,3,9,
19611,9487,771430,17,17,3,8,
19612,34581,771430,19,19,3,8,
19613,5014,771430,3,4,4,8,
19614,1722,771430,3,4,4,8,
19615,36993,771430,3,4,4,8,
19616,2380,771430,3,4,4,8,
19617,34080,771430,23,23,3,7,
19618,2161,771430,3,4,4,8,
19619,32130,771430,17,17,3,8,
19620,39052,771430,29,29,3,8,
19621,1230,771430,3,4,4,8,
19622,33409,771430,17,17,3,8,
19623,37993,771430,3,4,4,8,
19624,33486,771430,3,4,4,8,
19625,27265,771430,3,4,4,9,
19626,5095,771430,3,4,4,8,
19627,4093,771430,3,4,4,8,
19628,15323,771430,31,31,3,8,
19629,13232,771430,25,25,3,8,
19630,13272,771430,3,4,4,8,
19631,19925,771430,29,29,3,8,
19632,15151,771430,3,4,4,9,
19633,14826,771430,33,33,3,8,
19634,2171,771430,3,4,4,9,
19635,2651,771430,3,4,4,9,
19636,2117,771430,3,4,4,8,
19637,1746,771430,3,4,4,8,
19638,12801,771430,31,32,3,9,
19639,12969,771430,3,4,4,8,
19640,17627,771430,31,31,3,8,
19641,4330,771430,15,15,3,9,
19642,1815,771430,3,4,4,8,
19643,8955,771430,17,17,3,9,
19644,12689,771430,19,19,3,9,
19645,19385,771430,33,33,3,8,
19646,11902,771430,3,4,4,8,
19647,7851,771430,17,17,3,8,
19648,15898,771430,33,33,3,9,
19649,1719,771430,3,4,4,9,
19650,7215,771430,15,15,3,7,
19651,13185,771430,3,4,4,9,
19652,7913,771430,17,17,3,9,
19653,3298,771430,3,4,4,9,
19654,10930,771430,3,4,4,8,
19655,2044,771430,3,4,4,8,
19656,2866,771430,3,4,4,9,
19657,1027,771430,3,4,4,8,
19658,2237,771430,3,4,4,7,
19659,1610,771430,3,4,4,8,
19660,17399,771430,23,23,3,8,
19661,2904,771430,3,4,4,8,
19662,1526,771430,3,4,4,8,
19663,16438,771430,27,27,3,7,
19664,2289,771430,3,4,4,8,
19665,686,771430,3,4,4,8,
19666,19516,771430,23,23,3,8,
19667,6981,771430,17,17,3,8,
19668,14358,771430,25,25,3,8,
19669,2473,771430,3,4,4,8,
19670,15428,771430,25,25,3,9,
19671,1914,771430,3,4,4,9,
19672,17072,771430,23,23,3,9,
19673,2540,771430,3,4,4,9,
19674,28247,771430,31,31,3,8,
19675,21212,771430,31,31,3,9,
19676,16674,771430,25,25,3,8,
19677,13533,771430,25,25,3,8,
19678,8884,771430,15,15,3,8,
19679,3829,771430,13,13,3,8,
19680,17000,771430,25,26,3,8,
19681,3354,771430,3,4,4,9,
19682,16785,771430,19,19,3,8,
19683,14509,771430,19,19,3,9,
19684,14690,771430,19,19,3,8,
19685,19162,771430,27,27,3,8,
19686,19946,771430,27,27,3,9,
19687,22785,771430,31,31,3,8,
19688,6887,771430,15,15,3,9,
19689,6269,771430,3,4,4,9,
19690,1976,771430,3,4,4,8,
19691,18515,771430,31,31,3,8,
19692,4151,771430,3,4,4,8,
19693,9099,771430,15,15,3,9,
19694,14451,771430,21,21,3,8,
19695,13968,771430,25,25,3,8,
19696,2314,771430,3,4,4,8,
19697,15694,771430,27,27,3,9,
19698,1253,771430,3,4,4,9,
19699,11429,771430,19,19,3,8,
19700,11503,771430,3,4,4,8,
19701,8564,771430,3,4,4,9,
19702,7751,771430,17,17,3,9,
19703,13447,771430,33,33,3,9,
19704,4217,771430,3,4,4,8,
19705,1623,771430,3,4,4,8,
19706,8989,771430,3,4,4,9,
19707,2037,771430,3,4,4,8,
19708,2719,771430,3,4,4,7,
19709,13036,771430,33,33,3,9,
19710,2422,771430,3,4,4,8,
19711,1457,771430,3,4,4,8,
19712,13260,771430,3,4,4,8,
19713,2588,771430,3,4,4,8,
19714,11675,771430,29,29,3,8,
19715,14341,771430,31,31,3,9,
19716,6777,771430,13,13,3,8,
19717,28391,771430,29,29,3,8,
19718,20652,771430,15,15,3,8,
19719,14146,771430,33,33,3,9,
19720,9135,771430,25,25,3,9,
19721,15542,771430,33,33,3,9,
19722,9155,771430,3,4,4,8,
19723,2393,771430,3,4,4,8,
19724,18451,771430,3,4,4,9,
19725,1832,771430,3,4,4,8,
19726,17166,771430,25,25,3,8,
19727,1840,771430,3,4,4,9,
19728,17358,771430,31,31,3,8,
19729,1094,771430,3,4,4,8,
19730,19090,771430,29,29,3,8,
19731,1258,771430,3,4,4,8,
19732,19250,771430,3,4,4,8,
19733,10040,771430,23,23,3,9,
19734,13986,771430,27,27,3,9,
19735,9965,771430,3,4,4,8,
19736,11436,771430,23,23,3,9,
19737,9380,771430,19,19,3,8,
19738,11004,771430,27,27,3,8,
19739,22101,771430,31,31,3,8,
19740,9475,771430,19,19,3,9,
19741,9886,771430,3,4,4,9,
19742,2273,771430,3,4,4,8,
19743,13757,771430,25,25,3,8,
19744,1762,771430,3,4,4,9,
19745,2061,771430,3,4,4,8,
19746,7857,771430,15,15,3,8,
19747,1712,771430,3,4,4,8,
19748,7773,771430,3,4,4,8,
19749,16659,771430,33,33,3,7,
19750,8236,771430,17,17,3,8,
19751,6237,771430,13,13,3,9,
19752,1491,771430,3,4,4,8,
19753,12454,771430,3,4,4,9,
19754,1684,771430,3,4,4,9,
19755,10300,771430,29,29,3,8,
19756,8548,771430,21,21,3,9,
19757,10708,771430,3,4,4,7,
19758,9150,771430,3,4,4,7,
19759,10529,771430,3,4,4,8,
19760,10908,771430,27,27,3,8,
19761,12141,771430,3,4,4,9,
19762,1978,771430,3,4,4,8,
19763,14625,771430,33,33,3,8,
19764,14205,771430,3,4,4,7,
19765,11717,771430,23,23,3,7,
19766,1844,771430,3,4,4,8,
19767,1832,771430,3,4,4,8,
19768,10499,771430,23,23,3,8,
19769,10638,771430,3,4,4,8,
19770,11416,771430,27,27,3,8,
19771,10658,771430,3,4,4,8,
19772,5113,771430,13,13,3,9,
19773,2037,771430,3,4,4,9,
19774,4989,771430,15,15,3,9,
19775,17788,771430,29,29,3,9,
19776,6081,771430,3,4,4,8,
19777,15062,771430,3,4,4,9,
19778,12711,771430,23,23,3,8,
19779,17068,771430,31,31,3,8,
19780,10252,771430,15,15,3,9,
19781,20448,771430,23,23,3,8,
19782,1941,771430,3,4,4,8,
19783,12077,771430,27,27,3,8,
19784,14332,771430,17,17,3,8,
19785,13733,771430,19,19,3,8,
19786,14942,771430,33,33,3,8,
19787,15836,771430,31,31,3,9,
19788,1877,771430,3,4,4,8,
19789,10156,771430,3,4,4,9,
19790,8210,771430,19,19,3,8,
19791,4041,771430,3,4,4,9,
19792,8164,771430,3,4,4,9,
19793,10465,771430,23,23,3,7,
19794,8022,771430,19,19,3,8,
19795,11897,771430,25,25,3,9,
19796,12819,771430,3,4,4,8,
19797,9629,771430,3,4,4,9,
19798,15454,771430,23,23,3,8,
19799,13273,771430,19,19,3,9,
19800,12624,771430,29,29,3,8,
19801,18243,771430,33,33,3,8,
19802,2809,771430,3,4,4,9,
19803,2740,771430,3,4,4,8,
19804,1042,771430,3,4,4,8,
19805,21165,771430,26,27,3,9,
19806,12403,771430,21,21,3,8,
19807,30430,771430,21,21,3,8,
19808,12960,771430,21,21,3,8,
19809,11473,771430,3,4,4,8,
19810,14731,771430,33,33,3,9,
19811,6678,771430,3,4,4,8,
19812,12319,771430,21,21,3,9,
19813,13151,771430,29,29,3,8,
19814,1891,771430,3,4,4,8,
19815,11455,771430,21,21,3,8,
19816,8489,771430,17,17,3,9,
19817,11211,771430,3,4,4,8,
19818,3928,771430,3,4,4,9,
19819,14576,771430,33,33,3,9,
19820,1717,771430,3,4,4,8,
19821,1941,771430,3,4,4,8,
19822,6861,771430,13,13,3,8,
19823,3085,771430,3,4,4,9,
19824,10441,771430,3,4,4,8,
19825,8662,771430,21,21,3,8,
19826,9108,771430,3,4,4,8,
19827,14055,771430,31,31,3,9,
19828,14113,771430,3,4,4,8,
19829,16366,771430,31,31,3,9,
19830,22368,771430,33,33,3,8,
19831,5143,771430,3,4,4,9,
19832,12577,771430,19,19,3,8,
19833,15330,771430,21,21,3,8,
19834,5456,771430,13,13,3,8,
19835,13369,771430,21,21,3,8,
19836,18045,771430,23,23,3,8,
19837,14189,771430,17,17,3,9,
19838,12798,771430,17,17,3,8,
19839,16917,771430,23,23,3,8,
19840,14619,771430,23,23,3,9,
19841,8276,771430,3,4,4,8,
19842,13205,771430,17,17,3,9,
19843,14039,771430,23,23,3,9,
19844,1915,771430,3,4,4,9,
19845,1664,771430,3,4,4,9,
19846,1155,771430,3,4,4,8,
19847,3193,771430,3,4,4,8,
19848,1732,771430,3,4,4,9,
19849,10516,771430,17,17,3,8,
19850,3339,771430,3,4,4,8,
19851,5041,771430,3,4,4,8,
19852,13437,771430,27,27,3,9,
19853,10892,771430,19,19,3,8,
19854,12785,771430,3,4,4,8,
19855,1706,771430,3,4,4,8,
19856,2143,771430,3,4,4,8,
19857,12176,771430,21,21,3,8,
19858,15045,771430,17,17,3,9,
19859,17762,771430,29,29,3,9,
19860,13951,771430,3,4,4,9,
19861,3956,771430,13,13,3,9,
19862,13206,771430,19,19,3,9,
19863,24430,771430,33,33,3,9,
19864,12528,771430,3,4,4,9,
19865,4854,771430,13,13,3,9,
19866,10617,771430,19,19,3,8,
19867,13799,771430,25,25,3,9,
19868,22896,771430,33,33,3,8,
19869,12112,771430,23,23,3,8,
19870,9407,771430,23,23,3,8,
19871,9819,771430,3,4,4,7,
19872,2477,771430,3,4,4,8,
19873,16428,771430,31,31,3,8,
19874,12240,771430,23,23,3,8,
19875,9983,771430,17,17,3,8,
19876,11772,771430,3,4,4,9,
19877,5541,771430,3,4,4,7,
19878,1229,771430,3,4,4,8,
19879,6736,771430,15,15,3,8,
19880,16146,771430,27,27,3,9,
19881,15984,771430,3,4,4,9,
19882,11241,771430,23,23,3,8,
19883,1851,771430,3,4,4,8,
19884,14881,771430,31,31,3,8,
19885,6196,771430,13,13,3,7,
19886,15647,771430,3,4,4,8,
19887,4792,771430,15,15,3,7,
19888,8600,771430,3,4,4,9,
19889,642,771430,3,4,4,8,
19890,1621,771430,3,4,4,9,
19891,2550,771430,3,4,4,8,
19892,1721,771430,3,4,4,8,
19893,1057,771430,3,4,4,8,
19894,1433,771430,3,4,4,8,
19895,13469,771430,31,31,3,8,
19896,2222,771430,3,4,4,9,
19897,13566,771430,3,4,4,9,
19898,15644,771430,27,27,3,9,
19899,16312,771430,29,29,3,8,
19900,14665,771430,3,4,4,9,
19901,9995,771430,19,19,3,8,
19902,2298,771430,3,4,4,9,
19903,1928,771430,3,4,4,9,
19904,2076,771430,3,4,4,8,
19905,2324,771430,3,4,4,8,
19906,2105,771430,3,4,4,8,
19907,19151,771430,33,33,3,8,
19908,8985,771430,13,13,3,8,
19909,8350,771430,15,15,3,8,
19910,8602,771430,3,4,4,9,
19911,2048,771430,3,4,4,8,
19912,21043,771430,27,27,3,9,
19913,11599,771430,23,23,3,8,
19914,16526,771430,25,25,3,9,
19915,1687,771430,3,4,4,8,
19916,19010,771430,31,31,3,8,
19917,17961,771430,29,29,3,8,
19918,10422,771430,3,4,4,8,
19919,18363,771430,3,4,4,8,
19920,1413,771430,3,4,4,9,
19921,11285,771430,21,21,3,9,
19922,4410,771430,13,13,3,9,
19923,12569,771430,23,23,3,8,
19924,15510,771430,25,25,3,9,
19925,11249,771430,21,21,3,9,
19926,10715,771430,3,4,4,8,
19927,6232,771430,17,17,3,8,
19928,43896,771430,33,33,3,9,
19929,12553,771430,19,19,3,9,
19930,9725,771430,21,21,3,8,
19931,11663,771430,3,4,4,8,
19932,9902,771430,3,4,4,8,
19933,10529,771430,23,23,3,8,
19934,43216,771430,31,31,3,9,
19935,44443,771430,31,31,3,8,
19936,7015,771430,19,19,3,8,
19937,8607,771430,3,4,4,9,
19938,2754,771430,3,4,4,8,
19939,1419,771430,3,4,4,7,
19940,36609,771430,31,31,3,7,
19941,38841,771430,29,29,3,8,
19942,2530,771430,3,4,4,8,
19943,39666,771430,25,25,3,8,
19944,2356,771430,3,4,4,8,
19945,33924,771430,17,17,3,9,
19946,29223,771430,13,13,3,9,
19947,24964,771430,3,4,4,8,
19948,12717,771430,17,17,3,9,
19949,16039,771430,31,31,3,8,
19950,7564,771430,3,4,4,8,
19951,8824,771430,3,4,4,8,
19952,13683,771430,3,4,4,9,
19953,13774,771430,31,31,3,8,
19954,3185,771430,3,4,4,8,
19955,14518,771430,3,4,4,9,
19956,2105,771430,3,4,4,8,
19957,2098,771430,3,4,4,8,
19958,12621,771430,31,31,3,9,
19959,18910,771430,33,33,3,6,
19960,1621,771430,3,4,4,8,
19961,16695,771430,23,23,3,8,
19962,1869,771430,3,4,4,8,
19963,12292,771430,21,21,3,8,
19964,1431,771430,3,4,4,9,
19965,1790,771430,3,4,4,9,
19966,10319,771430,19,19,3,8,
19967,13056,771430,23,23,3,8,
19968,1574,771430,3,4,4,9,
19969,22798,771430,33,33,3,9,
19970,15102,771430,23,23,3,8,
19971,2743,771430,3,4,4,9,
19972,2134,771430,3,4,4,9,
19973,6146,771430,3,4,4,9,
19974,1848,771430,3,4,4,8,
19975,1711,771430,3,4,4,8,
19976,11458,771430,21,21,3,8,
19977,2184,771430,3,4,4,8,
19978,4083,771430,3,4,4,8,
19979,2221,771430,3,4,4,8,
19980,12145,771430,15,15,3,8,
19981,3201,771430,3,4,4,9,
19982,13308,771430,23,23,3,7,
19983,2038,771430,3,4,4,7,
19984,8152,771430,3,4,4,8,
19985,8900,771430,15,15,3,9,
19986,17541,771430,27,27,3,9,
19987,12915,771430,21,21,3,8,
19988,16996,771430,3,4,4,9,
19989,8260,771430,15,15,3,9,
19990,23778,771430,31,31,3,9,
19991,20945,771430,33,33,3,9,
19992,12158,771430,27,28,3,9,
19993,12270,771430,29,29,3,9,
19994,15332,771430,23,23,3,8,
19995,11254,771430,3,4,4,9,
19996,11999,771430,17,17,3,9,
19997,14405,771430,21,21,3,9,
19998,1585,771430,3,4,4,9,
19999,20462,771430,31,31,3,9,
20000,19963,771430,3,4,4,8,
20001,4947,771430,13,13,3,9,
20002,13493,771430,33,33,3,9,
20003,13474,771430,3,4,4,8,
20004,5786,771430,15,15,3,9,
20005,10329,771430,25,25,3,8,
20006,6528,771430,3,4,4,9,
20007,2090,771430,3,4,4,9,
20008,7727,771430,3,4,4,7,
20009,12430,771430,21,21,3,9,
20010,12840,771430,21,21,3,9,
20011,5338,771430,15,15,3,7,
20012,6355,771430,3,4,4,9,
20013,1090,771430,3,4,4,7,
20014,1054,771430,3,4,4,6,
20015,9483,771430,15,15,3,8,
20016,17504,771430,23,23,3,8,
20017,2415,771430,3,4,4,8,
20018,10514,771430,15,15,3,8,
20019,16524,771430,25,25,3,7,
20020,1745,771430,3,4,4,8,
20021,3056,771430,3,4,4,8,
20022,7665,771430,15,15,3,9,
20023,8209,771430,3,4,4,8,
20024,17275,771430,31,31,3,9,
20025,1648,771430,3,4,4,9,
20026,16458,771430,3,4,4,9,
20027,24245,771430,31,31,3,9,
20028,7690,771430,13,13,3,9,
20029,8030,771430,15,15,3,8,
20030,9153,771430,13,13,3,8,
20031,8977,771430,15,15,3,8,
20032,17210,771430,31,31,3,9,
20033,20002,771430,33,33,3,8,
20034,1398,771430,3,4,4,8,
20035,17614,771430,31,31,3,8,
20036,12980,771430,23,23,3,8,
20037,12953,771430,3,4,4,8,
20038,19476,771430,33,33,3,9,
20039,15793,771430,3,4,4,8,
20040,1916,771430,3,4,4,9,
20041,2478,771430,3,4,4,9,
20042,10869,771430,19,19,3,9,
20043,11721,771430,21,21,3,8,
20044,10351,771430,3,4,4,8,
20045,11984,771430,29,29,3,8,
20046,8680,771430,13,13,3,8,
20047,8108,771430,3,4,4,8,
20048,3199,771430,3,4,4,8,
20049,10428,771430,25,25,3,8,
20050,5712,771430,13,13,3,9,
20051,5354,771430,3,4,4,8,
20052,14088,771430,31,31,3,8,
20053,13625,771430,3,4,4,9,
20054,1133,771430,3,4,4,9,
20055,10540,771430,29,29,3,8,
20056,2524,771430,3,4,4,8,
20057,11133,771430,3,4,4,8,
20058,3099,771430,3,4,4,9,
20059,12708,771430,33,33,3,8,
20060,13460,771430,3,4,4,9,
20061,3436,771430,3,4,4,8,
20062,2021,771430,3,4,4,9,
20063,13692,771430,33,33,3,9,
20064,13788,771430,3,4,4,8,
20065,1664,771430,3,4,4,9,
20066,1577,771430,3,4,4,9,
20067,9961,771430,21,21,3,8,
20068,9897,771430,3,4,4,8,
20069,2215,771430,3,4,4,8,
20070,2672,771430,3,4,4,8,
20071,7129,771430,15,15,3,8,
20072,2524,771430,3,4,4,8,
20073,11640,771430,27,27,3,8,
20074,16334,771430,29,29,3,8,
20075,1739,771430,3,4,4,8,
20076,10995,771430,3,4,4,8,
20077,2455,771430,3,4,4,8,
20078,15959,771430,27,28,3,7,
20079,11465,771430,23,23,3,8,
20080,7459,771430,19,19,3,8,
20081,11442,771430,3,4,4,8,
20082,15441,771430,3,4,4,8,
20083,13531,771430,29,29,3,9,
20084,8291,771430,13,13,3,9,
20085,8842,771430,3,4,4,8,
20086,6471,771430,15,15,3,8,
20087,7591,771430,3,4,4,9,
20088,15791,771430,25,25,3,9,
20089,9637,771430,23,23,3,9,
20090,9574,771430,3,4,4,8,
20091,10074,771430,23,23,3,8,
20092,15120,771430,31,31,3,8,
20093,11190,771430,15,15,3,8,
20094,1569,771430,3,4,4,8,
20095,10883,771430,3,4,4,8,
20096,10228,771430,19,19,3,8,
20097,13764,771430,3,4,4,8,
20098,17405,771430,33,33,3,9,
20099,1374,771430,3,4,4,8,
20100,1811,771430,3,4,4,8,
20101,8165,771430,21,21,3,7,
20102,7870,771430,17,17,3,7,
20103,17632,771430,29,29,3,9,
20104,6491,771430,3,4,4,9,
20105,1685,771430,3,4,4,8,
20106,9742,771430,3,4,4,8,
20107,2104,771430,3,4,4,9,
20108,1938,771430,3,4,4,8,
20109,6042,771430,15,15,3,9,
20110,6683,771430,15,15,3,8,
20111,13370,771430,25,25,3,6,
20112,5073,771430,3,4,4,7,
20113,1921,771430,3,4,4,8,
20114,11802,771430,3,4,4,9,
20115,20861,771430,29,29,3,8,
20116,23036,771430,3,4,4,8,
20117,2787,771430,3,4,4,9,
20118,13814,771430,23,23,3,9,
20119,15971,771430,31,31,3,8,
20120,2386,771430,3,4,4,8,
20121,7267,771430,15,15,3,8,
20122,21838,771430,33,33,3,9,
20123,21224,771430,3,4,4,8,
20124,1544,771430,3,4,4,9,
20125,11331,771430,29,29,3,8,
20126,8446,771430,15,15,3,7,
20127,1129,771430,3,4,4,8,
20128,11567,771430,21,21,3,8,
20129,11512,771430,3,4,4,9,
20130,7494,771430,3,4,4,8,
20131,6339,771430,3,4,4,8,
20132,6654,771430,19,19,3,7,
20133,2955,771430,3,4,4,7,
20134,9558,771430,13,13,3,7,
20135,14426,771430,23,23,3,8,
20136,10529,771430,19,19,3,9,
20137,11063,771430,19,19,3,8,
20138,10275,771430,3,4,4,8,
20139,2551,771430,3,4,4,8,
20140,2839,771430,3,4,4,8,
20141,14824,771430,21,21,3,8,
20142,1970,771430,3,4,4,8,
20143,2124,771430,3,4,4,8,
20144,2884,771430,3,4,4,8,
20145,10114,771430,19,19,3,8,
20146,14477,771430,33,33,3,9,
20147,20535,771430,29,29,3,9,
20148,20427,771430,3,4,4,8,
20149,9800,771430,27,27,3,8,
20150,2215,771430,3,4,4,9,
20151,20448,771430,33,33,3,8,
20152,2118,771430,3,4,4,9,
20153,19862,771430,3,4,4,8,
20154,16475,771430,33,33,3,9,
20155,16356,771430,3,4,4,9,
20156,8815,771430,21,21,3,9,
20157,11009,771430,27,27,3,8,
20158,9553,771430,19,19,3,8,
20159,13885,771430,33,33,3,9,
20160,10679,771430,3,4,4,8,
20161,10090,771430,19,19,3,8,
20162,1764,771430,3,4,4,8,
20163,6903,771430,17,17,3,9,
20164,1820,771430,3,4,4,8,
20165,12448,771430,31,31,3,8,
20166,2094,771430,3,4,4,8,
20167,12372,771430,3,4,4,8,
20168,1762,771430,3,4,4,8,
20169,1129,771430,3,4,4,9,
20170,13492,771430,31,31,3,8,
20171,1954,771430,3,4,4,8,
20172,14401,771430,3,4,4,8,
20173,8651,771430,19,19,3,8,
20174,9343,771430,19,19,3,8,
20175,12481,771430,27,27,3,9,
20176,7076,771430,15,15,3,8,
20177,8813,771430,3,4,4,8,
20178,21102,771430,33,33,3,8,
20179,2243,771430,3,4,4,8,
20180,5524,771430,3,4,4,8,
20181,17930,771430,3,4,4,8,
20182,10045,771430,21,21,3,8,
20183,10247,771430,27,27,3,8,
20184,12976,771430,33,33,3,8,
20185,9913,771430,3,4,4,8,
20186,13068,771430,21,21,3,9,
20187,2288,771430,3,4,4,8,
20188,14647,771430,3,4,4,8,
20189,2063,771430,3,4,4,9,
20190,9419,771430,21,21,3,9,
20191,10131,771430,3,4,4,8,
20192,7426,771430,23,23,3,7,
20193,1065,771430,3,4,4,8,
20194,1733,771430,3,4,4,9,
20195,2072,771430,3,4,4,8,
20196,2255,771430,3,4,4,8,
20197,5510,771430,13,13,3,9,
20198,12894,771430,23,23,3,8,
20199,2199,771430,3,4,4,8,
20200,14563,771430,29,29,3,8,
20201,19628,771430,33,33,3,8,
20202,1840,771430,3,4,4,7,
20203,11201,771430,3,4,4,8,
20204,19526,771430,33,33,3,7,
20205,18891,771430,27,27,3,8,
20206,16499,771430,21,21,3,8,
20207,16871,771430,29,29,3,8,
20208,18847,771430,3,4,4,8,
20209,21236,771430,23,23,3,9,
20210,1292,771430,3,4,4,9,
20211,18981,771430,25,25,3,9,
20212,5167,771430,13,13,3,8,
20213,3506,771430,15,15,3,9,
20214,8489,771430,17,17,3,9,
20215,7100,771430,3,4,4,8,
20216,14069,771430,3,4,4,7,
20217,8635,771430,19,19,3,9,
20218,2003,771430,3,4,4,9,
20219,12138,771430,29,29,3,8,
20220,1348,771430,3,4,4,8,
20221,12399,771430,3,4,4,8,
20222,9789,771430,25,25,3,8,
20223,11246,771430,3,4,4,8,
20224,1675,771430,3,4,4,8,
20225,12245,771430,31,31,3,8,
20226,6055,771430,15,15,3,7,
20227,12234,771430,3,4,4,8,
20228,11055,771430,25,25,3,9,
20229,14693,771430,33,33,3,8,
20230,10725,771430,25,25,3,8,
20231,9583,771430,21,21,3,7,
20232,4274,771430,13,13,3,8,
20233,14193,771430,3,4,4,8,
20234,9631,771430,3,4,4,8,
20235,10349,771430,3,4,4,9,
20236,7740,771430,17,17,3,9,
20237,12504,771430,25,25,3,9,
20238,10817,771430,25,25,3,8,
20239,13285,771430,3,4,4,9,
20240,3188,771430,3,4,4,8,
20241,1705,771430,3,4,4,8,
20242,2773,771430,3,4,4,7,
20243,2680,771430,3,4,4,8,
20244,8482,771430,17,17,3,9,
20245,10686,771430,29,29,3,8,
20246,14382,771430,33,33,3,8,
20247,8319,771430,3,4,4,8,
20248,13307,771430,29,29,3,9,
20249,14151,771430,3,4,4,9,
20250,13986,771430,3,4,4,9,
20251,8101,771430,3,4,4,9,
20252,34569,771430,33,33,3,8,
20253,10340,771430,19,19,3,9,
20254,2054,771430,3,4,4,9,
20255,8783,771430,17,17,3,9,
20256,22946,771430,29,29,3,8,
20257,22287,771430,27,27,3,9,
20258,32407,771430,3,4,4,7,
20259,27263,771430,25,25,3,7,
20260,2957,771430,3,4,4,9,
20261,28195,771430,3,4,4,7,
20262,2901,771430,3,4,4,9,
20263,25751,771430,25,25,3,8,
20264,2166,771430,3,4,4,9,
20265,24518,771430,3,4,4,7,
20266,1586,771430,3,4,4,9,
20267,19883,771430,13,13,3,7,
20268,24692,771430,33,33,3,8,
20269,7189,771430,3,4,4,7,
20270,2371,771430,3,4,4,6,
20271,20400,771430,15,15,3,7,
20272,6869,771430,15,15,3,7,
20273,20701,771430,21,21,3,7,
20274,17837,771430,13,13,3,6,
20275,1407,771430,3,4,4,7,
20276,9591,771430,17,18,3,8,
20277,23570,771430,31,31,3,8,
20278,16871,771430,23,23,3,9,
20279,8976,771430,3,4,4,8,
20280,3142,771430,3,4,4,8,
20281,12932,771430,25,25,3,8,
20282,14426,771430,17,17,3,8,
20283,7870,771430,23,23,3,9,
20284,13745,771430,29,29,3,8,
20285,13647,771430,3,4,4,8,
20286,9523,771430,27,27,3,9,
20287,4611,771430,13,13,3,8,
20288,8344,771430,17,17,3,7,
20289,6440,771430,3,4,4,8,
20290,7971,771430,3,4,4,8,
20291,8412,771430,3,4,4,9,
20292,3057,771430,3,4,4,9,
20293,7069,771430,17,17,3,9,
20294,7555,771430,3,4,4,8,
20295,9215,771430,23,23,3,8,
20296,2489,771430,3,4,4,9,
20297,3534,771430,3,4,4,8,
20298,3340,771430,3,4,4,8,
20299,10724,771430,23,23,3,8,
20300,14569,771430,27,27,3,8,
20301,15472,771430,29,29,3,8,
20302,3065,771430,3,4,4,9,
20303,13580,771430,19,19,3,8,
20304,17927,771430,23,23,3,8,
20305,11390,771430,21,21,3,9,
20306,2289,771430,3,4,4,9,
20307,11187,771430,3,4,4,9,
20308,11939,771430,21,21,3,8,
20309,12044,771430,3,4,4,8,
20310,16259,771430,23,23,3,9,
20311,11660,771430,19,19,3,9,
20312,1863,771430,3,4,4,8,
20313,823,771430,3,4,4,7,
20314,1550,771430,3,4,4,7,
20315,4957,771430,3,4,4,8,
20316,794,771430,3,4,4,8,
20317,1429,771430,3,4,4,7,
20318,14229,771430,29,29,3,8,
20319,22305,771430,31,31,3,8,
20320,14191,771430,17,17,3,7,
20321,17429,771430,27,27,3,8,
20322,19800,771430,19,19,3,8,
20323,8338,771430,17,17,3,9,
20324,19824,771430,33,33,3,9,
20325,20442,771430,3,4,4,8,
20326,8967,771430,13,13,3,9,
20327,17120,771430,31,31,3,8,
20328,14968,771430,33,33,3,8,
20329,12030,771430,21,21,3,8,
20330,11488,771430,3,4,4,8,
20331,9777,771430,21,21,3,9,
20332,8651,771430,3,4,4,8,
20333,1375,771430,3,4,4,8,
20334,15460,771430,25,25,3,9,
20335,1991,771430,3,4,4,8,
20336,11280,771430,17,17,3,8,
20337,11781,771430,15,15,3,8,
20338,2503,771430,3,4,4,8,
20339,18168,771430,25,25,3,8,
20340,2611,771430,3,4,4,8,
20341,3051,771430,3,4,4,8,
20342,7113,771430,15,15,3,8,
20343,12074,771430,23,23,3,6,
20344,18699,771430,29,29,3,7,
20345,2247,771430,3,4,4,9,
20346,14742,771430,25,25,3,8,
20347,1918,771430,3,4,4,9,
20348,10564,771430,17,17,3,7,
20349,10440,771430,3,4,4,7,
20350,2837,771430,3,4,4,9,
20351,3124,771430,3,4,4,8,
20352,1817,771430,3,4,4,8,
20353,8546,771430,15,15,3,7,
20354,574,771430,3,4,4,5,
20355,1603,771430,3,4,4,6,
20356,10776,771430,23,23,3,7,
20357,2746,771430,3,4,4,7,
20358,4005,771430,3,4,4,7,
20359,1749,771430,3,4,4,8,
20360,2674,771430,3,4,4,9,
20361,2777,771430,3,4,4,7,
20362,9198,771430,19,19,3,8,
20363,11901,771430,29,29,3,8,
20364,2003,771430,3,4,4,7,
20365,17431,771430,27,27,3,9,
20366,7809,771430,3,4,4,9,
20367,32919,771430,33,33,3,7,
20368,18793,771430,25,25,3,8,
20369,1132,771430,3,4,4,8,
20370,18955,771430,31,31,3,7,
20371,17162,771430,31,31,3,9,
20372,9570,771430,21,21,3,9,
20373,1117,771430,3,4,4,8,
20374,14340,771430,3,4,4,8,
20375,1554,771430,3,4,4,9,
20376,6413,771430,15,15,3,9,
20377,7027,771430,3,4,4,8,
20378,10944,771430,25,25,3,8,
20379,6713,771430,3,4,4,8,
20380,2291,771431,3,4,4,9,
20381,7259,771431,15,15,3,8,
20382,1645,771431,3,4,4,8,
20383,2269,771431,3,4,4,8,
20384,2409,771431,3,4,4,7,
20385,3147,771431,3,4,4,8,
20386,17025,771431,27,27,3,7,
20387,4068,771431,3,4,4,8,
20388,1430,771431,3,4,4,8,
20389,13435,771431,17,17,3,8,
20390,10782,771431,19,19,3,8,
20391,13357,771431,27,27,3,8,
20392,3489,771431,3,4,4,8,
20393,15865,771431,19,19,3,8,
20394,22994,771431,33,33,3,8,
20395,12625,771431,25,25,3,8,
20396,1135,771431,3,4,4,9,
20397,1276,771431,3,4,4,9,
20398,1506,771431,3,4,4,9,
20399,10569,771431,21,21,3,9,
20400,10823,771431,3,4,4,9,
20401,10422,771431,21,21,3,9,
20402,9096,771431,21,21,3,9,
20403,21740,771431,29,29,3,9,
20404,3477,771431,3,4,4,9,
20405,6136,771431,3,4,4,8,
20406,2270,771431,3,4,4,9,
20407,6349,771431,3,4,4,8,
20408,10123,771431,23,23,3,9,
20409,7006,771431,19,19,3,7,
20410,10073,771431,3,4,4,9,
20411,6736,771431,3,4,4,9,
20412,2281,771431,3,4,4,8,
20413,2611,771431,3,4,4,7,
20414,20232,771431,31,31,3,8,
20415,2684,771431,3,4,4,8,
20416,20477,771431,3,4,4,9,
20417,11252,771431,3,4,4,8,
20418,12931,771431,27,27,3,8,
20419,4801,771431,13,13,3,9,
20420,4794,771431,3,4,4,9,
20421,12586,771431,3,4,4,8,
20422,16164,771431,23,23,3,8,
20423,8843,771431,25,25,3,9,
20424,15840,771431,31,31,3,8,
20425,14438,771431,29,29,3,9,
20426,11575,771431,13,13,3,9,
20427,20497,771431,15,15,3,8,
20428,19637,771431,19,19,3,8,
20429,1343,771431,3,4,4,8,
20430,2417,771431,3,4,4,9,
20431,13770,771431,19,19,3,9,
20432,13644,771431,17,17,3,8,
20433,16641,771431,31,31,3,8,
20434,14581,771431,3,4,4,8,
20435,17047,771431,3,4,4,9,
20436,1785,771431,3,4,4,8,
20437,2326,771431,3,4,4,8,
20438,10146,771431,3,4,4,8,
20439,593,771431,3,4,4,8,
20440,1940,771431,3,4,4,8,
20441,2957,771431,3,4,4,9,
20442,2348,771431,3,4,4,7,
20443,2096,771431,3,4,4,7,
20444,6978,771431,13,13,3,8,
20445,2141,771431,3,4,4,8,
20446,7365,771431,17,17,3,7,
20447,1975,771431,3,4,4,7,
20448,8123,771431,3,4,4,7,
20449,6105,771431,3,4,4,7,
20450,11496,771431,21,21,3,8,
20451,2605,771431,3,4,4,8,
20452,12477,771431,3,4,4,8,
20453,1763,771431,3,4,4,8,
20454,1818,771431,3,4,4,8,
20455,1862,771431,3,4,4,8,
20456,2279,771431,3,4,4,7,
20457,2501,771431,3,4,4,8,
20458,3020,771431,3,4,4,7,
20459,3034,771431,3,4,4,7,
20460,2961,771431,3,4,4,7,
20461,1893,771431,3,4,4,7,
20462,13251,771431,13,13,3,8,
20463,3401,771431,3,4,4,9,
20464,2944,771431,3,4,4,7,
20465,1105,771431,3,4,4,8,
20466,28698,771431,31,31,3,7,
20467,1979,771431,3,4,4,8,
20468,11838,771431,3,4,4,8,
20469,16750,771431,17,17,3,8,
20470,2724,771431,3,4,4,9,
20471,57389,771431,33,33,3,8,
20472,25392,771431,19,19,3,8,
20473,1249,771431,3,4,4,8,
20474,33241,771431,25,25,3,9,
20475,1205,771431,3,4,4,8,
20476,542,771431,3,4,4,7,
20477,43231,771431,19,19,3,7,
20478,16800,771431,21,21,3,8,
20479,15381,771431,19,19,3,9,
20480,2502,771431,3,4,4,8,
20481,1545,771431,3,4,4,8,
20482,1859,771431,3,4,4,8,
20483,21460,771431,29,29,3,9,
20484,10444,771431,3,4,4,8,
20485,13290,771431,19,19,3,9,
20486,1899,771431,3,4,4,8,
20487,20944,771431,21,21,3,9,
20488,21923,771431,3,4,4,8,
20489,11475,771431,25,25,3,8,
20490,13710,771431,27,27,3,8,
20491,11559,771431,3,4,4,7,
20492,5309,771431,3,4,4,8,
20493,13936,771431,3,4,4,8,
20494,898,771431,3,4,4,8,
20495,1426,771431,3,4,4,8,
20496,5230,771431,13,13,3,7,
20497,6691,771431,3,4,4,7,
20498,27579,771431,33,33,3,8,
20499,30914,771431,3,4,4,8,
20500,16463,771431,23,23,3,8,
20501,3024,771431,3,4,4,8,
20502,22757,771431,33,33,3,7,
20503,13731,771431,27,27,3,8,
20504,21143,771431,33,33,3,7,
20505,2474,771431,3,4,4,8,
20506,15211,771431,21,21,3,8,
20507,1649,771431,3,4,4,9,
20508,16809,771431,31,31,3,8,
20509,21055,771431,31,31,3,9,
20510,10093,771431,15,15,3,7,
20511,11828,771431,3,4,4,8,
20512,4304,771431,3,4,4,9,
20513,1416,771431,3,4,4,8,
20514,3481,771431,3,4,4,8,
20515,4231,771431,3,4,4,7,
20516,20722,771431,25,25,3,7,
20517,9683,771431,15,15,3,7,
20518,4015,771431,3,4,4,7,
20519,17402,771431,25,25,3,8,
20520,28220,771431,27,27,3,8,
20521,3450,771431,3,4,4,7,
20522,6843,771431,13,13,3,7,
20523,18183,771431,3,4,4,8,
20524,21643,771431,19,19,3,7,
20525,16234,771431,27,27,3,8,
20526,2006,771431,3,4,4,8,
20527,2564,771431,3,4,4,9,
20528,1586,771431,3,4,4,8,
20529,9138,771431,13,13,3,8,
20530,13523,771431,3,4,4,7,
20531,20012,771431,21,21,3,8,
20532,9854,771431,3,4,4,8,
20533,12911,771431,3,4,4,8,
20534,2350,771431,3,4,4,9,
20535,1254,771431,3,4,4,7,
20536,41136,771431,33,33,3,8,
20537,2352,771431,3,4,4,8,
20538,29112,771431,33,33,3,7,
20539,17006,771431,21,21,3,8,
20540,23350,771431,21,21,3,7,
20541,24182,771431,3,4,4,8,
20542,16160,771431,3,4,4,8,
20543,8985,771431,17,17,3,9,
20544,2105,771431,3,4,4,8,
20545,11109,771431,15,15,3,8,
20546,22461,771431,29,29,3,8,
20547,22691,771431,3,4,4,8,
20548,9507,771431,17,17,3,9,
20549,20210,771431,17,17,3,8,
20550,21319,771431,29,29,3,8,
20551,2566,771431,3,4,4,8,
20552,6902,771431,13,13,3,8,
20553,8288,771431,3,4,4,9,
20554,2048,771431,3,4,4,8,
20555,18757,771431,19,19,3,9,
20556,19801,771431,23,23,3,8,
20557,25825,771431,29,29,3,8,
20558,1896,771431,3,4,4,8,
20559,1115,771431,3,4,4,8,
20560,2919,771431,3,4,4,8,
20561,22742,771431,29,29,3,7,
20562,12802,771431,15,15,3,8,
20563,20537,771431,27,27,3,9,
20564,12024,771431,15,15,3,9,
20565,1856,771431,3,4,4,8,
20566,10354,771431,3,4,4,7,
20567,12878,771431,15,15,3,9,
20568,13443,771431,3,4,4,8,
20569,10656,771431,3,4,4,8,
20570,1326,771431,3,4,4,8,
20571,523,771431,3,4,4,7,
20572,1008,771431,3,4,4,7,
20573,515,771431,3,4,4,7,
20574,1232,771431,3,4,4,8,
20575,11094,771431,21,21,3,8,
20576,933,771431,3,4,4,8,
20577,15556,771431,17,17,3,9,
20578,9614,771431,3,4,4,8,
20579,15336,771431,3,4,4,8,
20580,12019,771431,21,21,3,9,
20581,976,771431,3,4,4,6,
20582,12519,771431,3,4,4,7,
20583,1959,771431,3,4,4,8,
20584,16514,771431,27,27,3,8,
20585,26763,771431,33,33,3,8,
20586,15836,771431,3,4,4,9,
20587,25955,771431,3,4,4,8,
20588,514,771431,3,4,4,8,
20589,20775,771431,31,31,3,8,
20590,23219,771431,31,31,3,9,
20591,13640,771431,15,15,3,8,
20592,10675,771431,13,13,3,9,
20593,15666,771431,25,25,3,8,
20594,11519,771431,3,4,4,9,
20595,11836,771431,15,15,3,8,
20596,11927,771431,3,4,4,9,
20597,47139,771431,31,31,3,8,
20598,1608,771431,3,4,4,9,
20599,10270,771431,21,21,3,8,
20600,36554,771431,19,19,3,9,
20601,41104,771431,23,23,3,8,
20602,45231,771431,25,25,3,7,
20603,37467,771431,25,25,3,7,
20604,43698,771431,31,31,3,8,
20605,3477,771431,3,4,4,9,
20606,43562,771431,27,27,3,8,
20607,44622,771431,3,4,4,8,
20608,42245,771431,3,4,4,8,
20609,43950,771431,33,33,3,9,
20610,17317,771431,23,23,3,8,
20611,3821,771431,3,4,4,9,
20612,6108,771431,3,4,4,8,
20613,2331,771431,3,4,4,9,
20614,2151,771431,3,4,4,8,
20615,12694,771431,21,21,3,8,
20616,3690,771431,3,4,4,8,
20617,10661,771431,13,13,3,8,
20618,16253,771431,21,21,3,8,
20619,17127,771431,31,31,3,8,
20620,24417,771431,29,29,3,8,
20621,15200,771431,31,31,3,8,
20622,14135,771431,25,25,3,8,
20623,14438,771431,3,4,4,8,
20624,3730,771431,3,4,4,8,
20625,2351,771431,3,4,4,8,
20626,1258,771431,3,4,4,8,
20627,2997,771431,3,4,4,8,
20628,19479,771431,27,27,3,8,
20629,29649,771431,31,31,3,8,
20630,25689,771431,29,29,3,8,
20631,29389,771431,3,4,4,9,
20632,2123,771431,3,4,4,9,
20633,1797,771431,3,4,4,7,
20634,12931,771431,27,27,3,8,
20635,2137,771431,3,4,4,8,
20636,16717,771431,21,21,3,8,
20637,11885,771431,23,23,3,7,
20638,12863,771431,19,19,3,9,
20639,12014,771431,3,4,4,8,
20640,9620,771431,3,4,4,8,
20641,24468,771431,33,33,3,7,
20642,24818,771431,27,27,3,8,
20643,2100,771431,3,4,4,9,
20644,2037,771431,3,4,4,7,
20645,9558,771431,21,21,3,8,
20646,22282,771431,19,19,3,8,
20647,1402,771431,3,4,4,8,
20648,22000,771431,33,33,3,8,
20649,17044,771431,27,27,3,8,
20650,16314,771431,3,4,4,8,
20651,25632,771431,31,31,3,9,
20652,15460,771431,19,19,3,8,
20653,22683,771431,31,31,3,8,
20654,9025,771431,15,15,3,9,
20655,15997,771431,27,27,3,8,
20656,942,771431,3,4,4,8,
20657,19960,771431,33,33,3,8,
20658,20194,771431,3,4,4,8,
20659,10160,771431,3,4,4,8,
20660,9060,771431,3,4,4,8,
20661,15515,771431,21,21,3,8,
20662,13840,771431,23,23,3,8,
20663,14147,771431,21,21,3,8,
20664,1913,771431,3,4,4,8,
20665,17204,771431,33,33,3,8,
20666,10960,771431,25,25,3,8,
20667,11144,771431,3,4,4,8,
20668,14998,771431,31,31,3,8,
20669,3497,771431,3,4,4,8,
20670,1770,771431,3,4,4,8,
20671,13815,771431,23,23,3,9,
20672,1161,771431,3,4,4,8,
20673,13795,771431,3,4,4,9,
20674,2199,771431,3,4,4,9,
20675,20875,771431,21,21,3,8,
20676,14805,771431,25,25,3,9,
20677,10862,771431,15,15,3,9,
20678,15209,771431,25,25,3,8,
20679,14397,771431,19,19,3,8,
20680,24724,771431,31,31,3,9,
20681,29848,771431,33,33,3,8,
20682,22400,771431,33,33,3,9,
20683,2012,771431,3,4,4,9,
20684,19964,771431,33,33,3,9,
20685,2244,771431,3,4,4,8,
20686,1407,771431,3,4,4,8,
20687,3387,771431,3,4,4,8,
20688,19848,771431,31,31,3,9,
20689,13641,771431,23,23,3,8,
20690,12455,771431,3,4,4,9,
20691,15443,771431,13,13,3,8,
20692,16387,771431,3,4,4,8,
20693,21453,771431,29,30,3,9,
20694,2444,771431,3,4,4,8,
20695,14969,771431,19,19,3,8,
20696,7658,771431,3,4,4,8,
20697,12998,771431,29,29,3,8,
20698,16135,771431,25,25,3,9,
20699,9078,771431,13,13,3,9,
20700,16737,771431,15,15,3,9,
20701,20923,771431,31,31,3,7,
20702,22831,771431,19,19,3,9,
20703,1686,771431,3,4,4,9,
20704,20236,771431,31,31,3,8,
20705,16167,771431,23,23,3,8,
20706,1287,771431,3,4,4,9,
20707,2938,771431,3,4,4,9,
20708,16000,771431,31,31,3,7,
20709,11277,771431,21,21,3,8,
20710,14450,771431,23,23,3,6,
20711,15119,771431,3,4,4,8,
20712,12710,771431,19,19,3,7,
20713,9717,771431,3,4,4,8,
20714,2899,771431,3,4,4,6,
20715,3851,771431,3,4,4,8,
20716,3916,771431,3,4,4,8,
20717,20751,771431,33,33,3,7,
20718,2430,771431,3,4,4,7,
20719,8501,771431,21,21,3,7,
20720,1483,771431,3,4,4,7,
20721,8929,771431,15,15,3,8,
20722,2831,771431,3,4,4,8,
20723,9248,771431,19,19,3,8,
20724,15563,771431,31,31,3,8,
20725,8940,771431,3,4,4,8,
20726,19538,771431,3,4,4,8,
20727,1903,771431,3,4,4,9,
20728,8242,771431,3,4,4,8,
20729,918,771431,3,4,4,8,
20730,1223,771431,3,4,4,8,
20731,12541,771431,29,30,3,8,
20732,25863,771431,27,27,3,9,
20733,8690,771431,3,4,4,8,
20734,1996,771431,3,4,4,9,
20735,2081,771431,3,4,4,8,
20736,6841,771431,13,13,3,7,
20737,3033,771431,3,4,4,9,
20738,6852,771431,3,4,4,8,
20739,10764,771431,17,17,3,9,
20740,10201,771431,3,4,4,8,
20741,13173,771431,23,23,3,6,
20742,11765,771431,13,13,3,7,
20743,11909,771431,17,17,3,8,
20744,8522,771431,13,13,3,9,
20745,15739,771431,33,33,3,9,
20746,2240,771431,3,4,4,9,
20747,8650,771431,17,17,3,8,
20748,21567,771431,17,17,3,9,
20749,1266,771431,3,4,4,8,
20750,2357,771431,3,4,4,9,
20751,2103,771431,3,4,4,9,
20752,32076,771431,33,33,3,9,
20753,2165,771431,3,4,4,7,
20754,2430,771431,3,4,4,8,
20755,3275,771431,3,4,4,7,
20756,16379,771431,21,21,3,7,
20757,17655,771431,25,25,3,7,
20758,2238,771431,3,4,4,8,
20759,12126,771431,21,21,3,9,
20760,17411,771431,27,27,3,8,
20761,22257,771431,33,33,3,9,
20762,14286,771431,23,23,3,7,
20763,14074,771431,23,23,3,7,
20764,25752,771431,3,4,4,8,
20765,6143,771431,3,4,4,8,
20766,3364,771431,3,4,4,9,
20767,15046,771431,27,27,3,9,
20768,15099,771431,3,4,4,7,
20769,2036,771431,3,4,4,8,
20770,6740,771431,3,4,4,8,
20771,8806,771431,17,17,3,9,
20772,2328,771431,3,4,4,8,
20773,5230,771431,13,13,3,8,
20774,7739,771431,13,13,3,8,
20775,7557,771431,3,4,4,8,
20776,1197,771431,3,4,4,8,
20777,3848,771431,3,4,4,8,
20778,6285,771431,17,17,3,8,
20779,7575,771431,3,4,4,8,
20780,9086,771431,19,19,3,8,
20781,13282,771431,31,31,3,8,
20782,1644,771431,3,4,4,8,
20783,22465,771431,31,31,3,7,
20784,1648,771431,3,4,4,7,
20785,12988,771431,3,4,4,9,
20786,2394,771431,3,4,4,8,
20787,2650,771431,3,4,4,6,
20788,1358,771431,3,4,4,7,
20789,2576,771431,3,4,4,8,
20790,2778,771431,3,4,4,6,
20791,1854,771431,3,4,4,6,
20792,5423,771431,13,13,3,8,
20793,6466,771431,3,4,4,8,
20794,22156,771431,21,21,3,9,
20795,7714,771431,15,15,3,8,
20796,14540,771431,31,31,3,8,
20797,21378,771431,3,4,4,8,
20798,10897,771431,15,15,3,9,
20799,10941,771431,25,25,3,8,
20800,11996,771431,3,4,4,8,
20801,1880,771431,3,4,4,8,
20802,1236,771431,3,4,4,8,
20803,12828,771431,25,25,3,8,
20804,15861,771431,27,27,3,8,
20805,30436,771431,21,21,3,8,
20806,6854,771431,13,13,3,9,
20807,1689,771431,3,4,4,7,
20808,6322,771431,13,13,3,7,
20809,21532,771431,33,33,3,9,
20810,10247,771431,15,15,3,8,
20811,10325,771431,15,15,3,9,
20812,12109,771431,15,15,3,8,
20813,2022,771431,3,4,4,9,
20814,11155,771431,21,21,3,8,
20815,8911,771431,13,13,3,8,
20816,16592,771431,31,31,3,9,
20817,8527,771431,3,4,4,9,
20818,14792,771431,3,4,4,8,
20819,10535,771431,3,4,4,9,
20820,12611,771431,3,4,4,9,
20821,20615,771431,27,27,3,8,
20822,2836,771431,3,4,4,9,
20823,12059,771431,29,29,3,9,
20824,1546,771431,3,4,4,9,
20825,9937,771431,19,19,3,8,
20826,9806,771431,3,4,4,9,
20827,1830,771431,3,4,4,8,
20828,21005,771431,33,33,3,9,
20829,18975,771431,23,23,3,8,
20830,3164,771431,3,4,4,8,
20831,21361,771431,3,4,4,8,
20832,12831,771431,19,19,3,8,
20833,19010,771431,27,27,3,9,
20834,10676,771431,21,22,3,8,
20835,7558,771431,3,4,4,8,
20836,1555,771431,3,4,4,9,
20837,1593,771431,3,4,4,8,
20838,1415,771431,3,4,4,8,
20839,1639,771431,3,4,4,9,
20840,11141,771431,29,29,3,8,
20841,11727,771431,3,4,4,8,
20842,1916,771431,3,4,4,9,
20843,13773,771431,31,31,3,7,
20844,18442,771431,31,31,3,8,
20845,7694,771431,3,4,4,8,
20846,14314,771431,3,4,4,8,
20847,14779,771431,3,4,4,9,
20848,2329,771431,3,4,4,8,
20849,2386,771431,3,4,4,8,
20850,2588,771431,3,4,4,8,
20851,9535,771431,13,13,3,8,
20852,2395,771431,3,4,4,7,
20853,1222,771431,3,4,4,7,
20854,6899,771431,13,13,3,8,
20855,10320,771431,23,23,3,7,
20856,1278,771431,3,4,4,8,
20857,2279,771431,3,4,4,8,
20858,9750,771431,3,4,4,8,
20859,18767,771431,29,29,3,8,
20860,20141,771431,3,4,4,7,
20861,743,771431,3,4,4,8,
20862,19081,771431,31,31,3,7,
20863,9861,771431,15,15,3,8,
20864,7077,771431,13,13,3,8,
20865,7162,771431,3,4,4,8,
20866,1774,771431,3,4,4,9,
20867,1465,771431,3,4,4,9,
20868,1892,771431,3,4,4,8,
20869,1970,771431,3,4,4,8,
20870,2320,771431,3,4,4,8,
20871,7031,771431,13,13,3,8,
20872,1995,771431,3,4,4,7,
20873,8146,771431,17,17,3,7,
20874,13137,771431,31,31,3,5,
20875,8684,771431,19,19,3,6,
20876,12250,771431,3,4,4,4,
20877,9143,771431,3,4,4,5,
20878,8749,771431,23,23,3,6,
20879,4013,771431,3,4,4,6,
20880,14503,771431,29,29,3,5,
20881,12766,771431,31,31,3,5,
20882,17381,771431,25,25,3,5,
20883,20551,771431,27,27,3,6,
20884,17287,771431,3,4,4,5,
20885,13332,771431,17,17,3,7,
20886,16857,771431,27,27,3,7,
20887,1221,771431,3,4,4,8,
20888,20523,771431,3,4,4,8,
20889,23250,771431,33,33,3,8,
20890,22496,771431,3,4,4,9,
20891,47143,771431,31,31,3,8,
20892,10727,771431,19,19,3,8,
20893,45975,771431,29,29,3,8,
20894,555,771431,3,4,4,7,
20895,38674,771431,29,29,3,8,
20896,42163,771431,33,33,3,7,
20897,42834,771431,3,4,4,9,
20898,41551,771431,33,33,3,9,
20899,41008,771431,3,4,4,8,
20900,35952,771431,3,4,4,7,
20901,17506,771431,3,4,4,9,
20902,33437,771431,3,4,4,8,
20903,23894,771431,33,33,3,8,
20904,12119,771431,13,13,3,9,
20905,1738,771431,3,4,4,7,
20906,6712,771431,13,13,3,8,
20907,16131,771431,23,23,3,8,
20908,2046,771431,3,4,4,8,
20909,9590,771431,3,4,4,9,
20910,18890,771431,23,23,3,8,
20911,15821,771431,27,27,3,8,
20912,19063,771431,29,30,3,8,
20913,18753,771431,3,4,4,9,
20914,11904,771431,13,13,3,9,
20915,11686,771431,3,4,4,8,
20916,1103,771431,3,4,4,9,
20917,1404,771431,3,4,4,9,
20918,18865,771431,33,33,3,9,
20919,26261,771431,33,33,3,8,
20920,2826,771431,3,4,4,8,
20921,5270,771431,3,4,4,7,
20922,1780,771431,3,4,4,8,
20923,1396,771431,3,4,4,8,
20924,15890,771431,29,29,3,8,
20925,1821,771431,3,4,4,8,
20926,16000,771431,3,4,4,8,
20927,2963,771431,3,4,4,7,
20928,1501,771431,3,4,4,7,
20929,2657,771431,3,4,4,8,
20930,1290,771431,3,4,4,7,
20931,1486,771431,3,4,4,7,
20932,2619,771431,3,4,4,8,
20933,16567,771431,27,28,3,8,
20934,1142,771431,3,4,4,8,
20935,18031,771431,27,27,3,8,
20936,17556,771431,3,4,4,8,
20937,10652,771431,17,17,3,9,
20938,8684,771431,23,23,3,9,
20939,11310,771431,3,4,4,8,
20940,11882,771431,23,23,3,9,
20941,14319,771431,29,29,3,8,
20942,1622,771431,3,4,4,9,
20943,2934,771431,3,4,4,8,
20944,1245,771431,3,4,4,8,
20945,1285,771431,3,4,4,8,
20946,13009,771431,23,23,3,8,
20947,2495,771431,3,4,4,8,
20948,4901,771431,3,4,4,8,
20949,13478,771431,3,4,4,8,
20950,3183,771431,3,4,4,8,
20951,12305,771431,29,29,3,8,
20952,15704,771431,31,31,3,9,
20953,3034,771431,3,4,4,8,
20954,14679,771431,31,31,3,7,
20955,6675,771431,3,4,4,8,
20956,15998,771431,3,4,4,8,
20957,2530,771431,3,4,4,9,
20958,5503,771431,13,13,3,8,
20959,5595,771431,3,4,4,8,
20960,11580,771431,15,15,3,8,
20961,11782,771431,3,4,4,8,
20962,9559,771431,17,17,3,8,
20963,2885,771431,3,4,4,9,
20964,7728,771431,17,17,3,8,
20965,14254,771431,31,31,3,8,
20966,5400,771431,3,4,4,9,
20967,6566,771431,3,4,4,8,
20968,11007,771431,21,21,3,8,
20969,3001,771431,3,4,4,8,
20970,2940,771431,3,4,4,8,
20971,10105,771431,3,4,4,8,
20972,14440,771431,29,29,3,9,
20973,7488,771431,3,4,4,8,
20974,6738,771431,15,15,3,8,
20975,1962,771431,3,4,4,8,
20976,13422,771431,3,4,4,8,
20977,7102,771431,3,4,4,8,
20978,1693,771431,3,4,4,9,
20979,9810,771431,21,21,3,9,
20980,5222,771431,13,13,3,7,
20981,2873,771431,3,4,4,7,
20982,2803,771431,3,4,4,9,
20983,8237,771431,15,15,3,8,
20984,14149,771431,23,23,3,8,
20985,9889,771431,19,19,3,7,
20986,14746,771431,3,4,4,8,
20987,15570,771431,31,31,3,8,
20988,10146,771431,21,21,3,8,
20989,21756,771431,17,17,3,8,
20990,13255,771431,3,4,4,8,
20991,1311,771431,3,4,4,9,
20992,13295,771431,27,27,3,9,
20993,8708,771431,21,21,3,9,
20994,3888,771431,3,4,4,9,
20995,7006,771431,17,17,3,8,
20996,12746,771431,29,29,3,8,
20997,12764,771431,3,4,4,9,
20998,2514,771431,3,4,4,9,
20999,16141,771431,33,33,3,8,
21000,3556,771431,3,4,4,8,
21001,13585,771431,29,29,3,8,
21002,14642,771431,3,4,4,8,
21003,7980,771431,15,15,3,8,
21004,12822,771431,3,4,4,9,
21005,1492,771431,3,4,4,9,
21006,2065,771431,3,4,4,9,
21007,1507,771431,3,4,4,9,
21008,1855,771431,3,4,4,8,
21009,3773,771431,3,4,4,9,
21010,8317,771431,17,17,3,8,
21011,12053,771431,31,31,3,9,
21012,12814,771431,3,4,4,8,
21013,12961,771431,13,13,3,8,
21014,1662,771431,3,4,4,9,
21015,9856,771431,17,17,3,9,
21016,31394,771431,33,33,3,9,
21017,1935,771431,3,4,4,8,
21018,12609,771431,23,23,3,8,
21019,14595,771431,29,29,3,8,
21020,10639,771431,17,17,3,8,
21021,12759,771431,3,4,4,8,
21022,9225,771431,21,21,3,9,
21023,13463,771431,31,31,3,9,
21024,8866,771431,13,13,3,8,
21025,12707,771431,3,4,4,8,
21026,4472,771431,3,4,4,8,
21027,1676,771431,3,4,4,8,
21028,3698,771431,3,4,4,7,
21029,17693,771431,29,29,3,8,
21030,2426,771431,3,4,4,8,
21031,26735,771431,19,19,3,9,
21032,7415,771431,17,17,3,8,
21033,1495,771431,3,4,4,8,
21034,12910,771431,23,23,3,8,
21035,13103,771431,3,4,4,8,
21036,9637,771431,17,17,3,9,
21037,25755,771431,33,33,3,9,
21038,980,771431,3,4,4,8,
21039,10548,771431,19,19,3,8,
21040,6026,771431,13,13,3,9,
21041,12073,771431,25,25,3,9,
21042,18003,771431,3,4,4,9,
21043,10043,771431,17,17,3,8,
21044,1594,771431,3,4,4,8,
21045,7574,771431,3,4,4,8,
21046,20929,771431,33,33,3,9,
21047,16075,771431,29,29,3,7,
21048,10138,771431,21,21,3,8,
21049,7471,771431,3,4,4,9,
21050,14917,771431,25,25,3,8,
21051,9513,771431,15,15,3,9,
21052,16066,771431,31,31,3,9,
21053,15990,771431,3,4,4,9,
21054,18250,771431,29,29,3,8,
21055,11022,771431,3,4,4,9,
21056,15059,771431,29,29,3,9,
21057,14541,771431,3,4,4,8,
21058,18483,771431,31,31,3,8,
21059,10659,771431,29,29,3,9,
21060,2134,771431,3,4,4,8,
21061,15106,771431,3,4,4,9,
21062,7608,771431,15,15,3,8,
21063,7632,771431,3,4,4,8,
21064,13449,771431,27,27,3,9,
21065,8963,771431,15,15,3,9,
21066,18925,771431,33,33,3,8,
21067,2140,771431,3,4,4,8,
21068,19147,771431,3,4,4,7,
21069,8971,771431,19,19,3,9,
21070,15001,771431,29,29,3,8,
21071,8453,771431,3,4,4,8,
21072,15917,771431,3,4,4,9,
21073,3782,771431,3,4,4,8,
21074,9479,771431,25,25,3,8,
21075,9253,771431,3,4,4,9,
21076,22827,771431,33,33,3,9,
21077,8961,771431,15,15,3,8,
21078,16090,771431,29,29,3,9,
21079,4168,771431,13,13,3,9,
21080,12224,771431,17,17,3,8,
21081,4163,771431,3,4,4,9,
21082,12938,771431,3,4,4,8,
21083,20500,771431,23,23,3,8,
21084,1598,771431,3,4,4,8,
21085,20324,771431,3,4,4,8,
21086,17272,771431,27,27,3,8,
21087,1291,771431,3,4,4,8,
21088,18000,771431,33,33,3,9,
21089,8259,771431,13,13,3,8,
21090,13558,771431,25,25,3,9,
21091,19016,771431,27,27,3,9,
21092,2040,771431,3,4,4,8,
21093,23131,771431,31,31,3,8,
21094,1719,771431,3,4,4,8,
21095,10312,771431,15,15,3,9,
21096,25626,771431,33,33,3,6,
21097,12734,771431,23,23,3,8,
21098,2867,771431,3,4,4,8,
21099,16844,771431,3,4,4,9,
21100,1883,771431,3,4,4,8,
21101,17325,771431,33,33,3,8,
21102,12138,771431,13,13,3,9,
21103,17708,771431,3,4,4,7,
21104,13468,771431,25,25,3,9,
21105,16173,771431,31,31,3,8,
21106,23092,771431,17,17,3,8,
21107,11377,771431,21,21,3,8,
21108,3406,771431,3,4,4,8,
21109,2158,771431,3,4,4,8,
21110,16510,771431,23,23,3,8,
21111,1113,771431,3,4,4,7,
21112,18401,771431,29,29,3,8,
21113,15273,771431,3,4,4,8,
21114,17284,771431,3,4,4,6,
21115,10749,771431,19,19,3,7,
21116,2564,771431,3,4,4,8,
21117,10889,771431,27,27,3,7,
21118,11107,771431,3,4,4,8,
21119,2256,771431,3,4,4,9,
21120,33610,771431,25,25,3,9,
21121,22318,771431,33,33,3,9,
21122,3750,771431,3,4,4,8,
21123,17104,771431,21,21,3,8,
21124,4317,771431,3,4,4,8,
21125,16652,771431,3,4,4,8,
21126,16617,771431,17,17,3,8,
21127,16759,771431,3,4,4,8,
21128,2192,771431,3,4,4,8,
21129,30973,771431,27,27,3,7,
21130,1527,771431,3,4,4,8,
21131,18990,771431,21,21,3,8,
21132,11199,771431,21,21,3,9,
21133,11601,771431,19,19,3,9,
21134,9657,771431,3,4,4,7,
21135,3329,771431,3,4,4,8,
21136,30010,771431,23,23,3,8,
21137,3027,771431,3,4,4,8,
21138,3169,771431,3,4,4,8,
21139,26394,771431,31,31,3,8,
21140,21800,771431,21,21,3,8,
21141,2512,771431,3,4,4,9,
21142,3188,771431,3,4,4,7,
21143,22186,771431,33,33,3,9,
21144,24941,771431,27,27,3,8,
21145,14617,771431,19,19,3,8,
21146,1387,771431,3,4,4,8,
21147,23562,771431,3,4,4,7,
21148,7959,771431,15,15,3,9,
21149,22230,771431,29,29,3,9,
21150,12386,771431,17,17,3,8,
21151,4776,771431,13,13,3,8,
21152,1646,771431,3,4,4,8,
21153,9571,771431,17,17,3,8,
21154,11013,771431,21,21,3,8,
21155,10338,771431,3,4,4,7,
21156,9744,771431,3,4,4,7,
21157,1615,771431,3,4,4,8,
21158,5500,771431,3,4,4,7,
21159,2114,771431,3,4,4,7,
21160,4986,771431,3,4,4,6,
21161,2673,771431,3,4,4,8,
21162,4481,771431,3,4,4,7,
21163,22749,771431,25,25,3,8,
21164,5168,771431,3,4,4,7,
21165,29863,771431,25,25,3,8,
21166,30063,771431,31,31,3,7,
21167,1610,771431,3,4,4,6,
21168,23366,771431,23,23,3,6,
21169,2156,771431,3,4,4,7,
21170,13489,771431,23,23,3,7,
21171,18618,771431,23,23,3,7,
21172,26588,771431,3,4,4,6,
21173,13482,771431,3,4,4,8,
21174,1875,771431,3,4,4,9,
21175,1090,771431,3,4,4,8,
21176,14971,771431,29,29,3,8,
21177,15831,771431,3,4,4,8,
21178,790,771431,3,4,4,8,
21179,1164,771431,3,4,4,8,
21180,46755,771431,31,31,3,6,
21181,15075,771431,23,23,3,8,
21182,7119,771431,17,17,3,9,
21183,43558,771431,23,23,3,6,
21184,6753,771431,3,4,4,7,
21185,44155,771431,3,4,4,5,
21186,36613,771431,21,21,3,8,
21187,35922,771431,23,23,3,7,
21188,6559,771431,15,15,3,7,
21189,35798,771431,29,29,3,5,
21190,39444,771431,3,4,4,8,
21191,6081,771431,3,4,4,9,
21192,32149,771431,3,4,4,7,
21193,22588,771431,3,4,4,9,
21194,12560,771432,3,4,4,7,
21195,1244,771432,3,4,4,3,
21196,1047,771432,3,4,4,3,
21197,40880,771432,31,31,3,7,
21198,3764,771432,3,4,4,6,
21199,25647,771432,17,17,3,6,
21200,15725,771432,27,27,3,6,
21201,17229,771432,19,19,3,5,
21202,36958,771432,33,33,3,7,
21203,13073,771432,15,15,3,8,
21204,19650,771432,3,4,4,8,
21205,15453,771432,21,21,3,8,
21206,2289,771432,3,4,4,9,
21207,1468,771432,3,4,4,8,
21208,11445,771432,13,13,3,7,
21209,11316,771432,19,19,3,8,
21210,11886,771432,3,4,4,8,
21211,15287,771432,15,15,3,7,
21212,20234,771432,15,15,3,7,
21213,16340,771432,19,19,3,8,
21214,1762,771432,3,4,4,8,
21215,9031,771432,15,15,3,9,
21216,19445,771432,23,23,3,8,
21217,21904,771432,25,25,3,9,
21218,1286,771432,3,4,4,8,
21219,2234,771432,3,4,4,8,
21220,1753,771432,3,4,4,8,
21221,15672,771432,3,4,4,8,
21222,1230,771432,3,4,4,8,
21223,2134,771432,3,4,4,8,
21224,18776,771432,29,29,3,8,
21225,16288,771432,19,19,3,8,
21226,19211,771432,3,4,4,8,
21227,6200,771432,3,4,4,9,
21228,15130,771432,3,4,4,8,
21229,18035,771432,23,23,3,9,
21230,17327,771432,25,25,3,8,
21231,1635,771432,3,4,4,8,
21232,1680,771432,3,4,4,8,
21233,3578,771432,3,4,4,8,
21234,1277,771432,3,4,4,7,
21235,14731,771432,17,17,3,8,
21236,10077,771432,15,15,3,7,
21237,11680,771432,3,4,4,8,
21238,25665,771432,31,31,3,9,
21239,20143,771432,33,33,3,8,
21240,28057,771432,29,29,3,9,
21241,18578,771432,21,21,3,8,
21242,28058,771432,3,4,4,8,
21243,22233,771432,27,27,3,7,
21244,20407,771432,23,23,3,8,
21245,16295,771432,23,23,3,9,
21246,21126,771432,27,27,3,8,
21247,19736,771432,23,23,3,9,
21248,1460,771432,3,4,4,8,
21249,26134,771432,33,33,3,9,
21250,8923,771432,3,4,4,8,
21251,25159,771432,3,4,4,9,
21252,13619,771432,23,23,3,8,
21253,17276,771432,25,25,3,8,
21254,17995,771432,3,4,4,8,
21255,3453,771432,3,4,4,8,
21256,25349,771432,27,27,3,7,
21257,908,771432,3,4,4,7,
21258,2339,771432,3,4,4,7,
21259,593,771432,3,4,4,8,
21260,1900,771432,3,4,4,7,
21261,1207,771432,3,4,4,6,
21262,16690,771432,25,25,3,8,
21263,28211,771432,23,23,3,8,
21264,17384,771432,3,4,4,7,
21265,19713,771432,19,19,3,8,
21266,16459,771432,23,23,3,9,
21267,14373,771432,23,23,3,8,
21268,15106,771432,3,4,4,9,
21269,26058,771432,33,33,3,9,
21270,25920,771432,3,4,4,9,
21271,1847,771432,3,4,4,8,
21272,1737,771432,3,4,4,7,
21273,2100,771432,3,4,4,7,
21274,1830,771432,3,4,4,7,
21275,20130,771432,23,23,3,9,
21276,7266,771432,3,4,4,7,
21277,1638,771432,3,4,4,7,
21278,8739,771432,13,13,3,8,
21279,2361,771432,3,4,4,8,
21280,1775,771432,3,4,4,8,
21281,18663,771432,27,27,3,9,
21282,20817,771432,33,33,3,8,
21283,31370,771432,23,23,3,8,
21284,20383,771432,3,4,4,9,
21285,2330,771432,3,4,4,9,
21286,3328,771432,3,4,4,8,
21287,24575,771432,19,19,3,8,
21288,8356,771432,3,4,4,8,
21289,14340,771432,21,21,3,8,
21290,3762,771432,3,4,4,8,
21291,3130,771432,3,4,4,8,
21292,2163,771432,3,4,4,8,
21293,10266,771432,13,13,3,8,
21294,22005,771432,15,15,3,8,
21295,22774,771432,3,4,4,8,
21296,14213,771432,21,21,3,7,
21297,18103,771432,17,17,3,9,
21298,1683,771432,3,4,4,8,
21299,23013,771432,31,31,3,8,
21300,7116,771432,15,15,3,8,
21301,22060,771432,3,4,4,8,
21302,22472,771432,29,29,3,9,
21303,2432,771432,3,4,4,8,
21304,19487,771432,23,23,3,7,
21305,13614,771432,21,21,3,8,
21306,6259,771432,13,13,3,9,
21307,17204,771432,3,4,4,8,
21308,12250,771432,21,21,3,8,
21309,1576,771432,3,4,4,8,
21310,34959,771432,33,33,3,8,
21311,2796,771432,3,4,4,8,
21312,5892,771432,3,4,4,8,
21313,5125,771432,3,4,4,8,
21314,1558,771432,3,4,4,8,
21315,1940,771432,3,4,4,8,
21316,10395,771432,13,13,3,9,
21317,32505,771432,33,33,3,8,
21318,32880,771432,3,4,4,7,
21319,4031,771432,3,4,4,8,
21320,8454,771432,13,13,3,9,
21321,7810,771432,3,4,4,8,
21322,20217,771432,33,33,3,8,
21323,26807,771432,31,31,3,8,
21324,17370,771432,25,25,3,8,
21325,18263,771432,3,4,4,9,
21326,1756,771432,3,4,4,8,
21327,16903,771432,3,4,4,8,
21328,954,771432,3,4,4,8,
21329,2856,771432,13,13,3,8,
21330,22598,771432,29,29,3,9,
21331,20871,771432,3,4,4,8,
21332,16846,771432,23,23,3,8,
21333,8682,771432,3,4,4,8,
21334,17307,771432,3,4,4,8,
21335,13718,771432,27,27,3,8,
21336,14163,771432,3,4,4,8,
21337,9128,771432,15,15,3,8,
21338,10350,771432,3,4,4,7,
21339,13760,771432,21,21,3,7,
21340,14687,771432,3,4,4,8,
21341,9319,771432,15,15,3,7,
21342,10213,771432,3,4,4,9,
21343,4042,771432,3,4,4,8,
21344,1271,771432,3,4,4,8,
21345,12173,771432,13,13,3,8,
21346,1382,771432,3,4,4,7,
21347,2363,771432,3,4,4,8,
21348,20104,771432,31,31,3,7,
21349,14525,771432,33,33,3,7,
21350,20189,771432,3,4,4,7,
21351,21303,771432,29,29,3,8,
21352,2048,771432,3,4,4,8,
21353,2705,771432,3,4,4,8,
21354,15399,771432,31,31,3,9,
21355,16060,771432,3,4,4,7,
21356,10247,771432,23,23,3,8,
21357,983,771432,3,4,4,8,
21358,1918,771432,3,4,4,8,
21359,21283,771432,31,31,3,9,
21360,20655,771432,3,4,4,9,
21361,4364,771432,3,4,4,8,
21362,22280,771432,30,31,3,8,
21363,1921,771432,3,4,4,8,
21364,15566,771432,27,27,3,9,
21365,14316,771432,3,4,4,8,
21366,3284,771432,3,4,4,8,
21367,2728,771432,3,4,4,8,
21368,22590,771432,29,29,3,8,
21369,46296,771432,23,23,3,8,
21370,12618,771432,23,23,3,8,
21371,15004,771432,3,4,4,8,
21372,11862,771432,3,4,4,8,
21373,26261,771432,33,33,3,9,
21374,25422,771432,3,4,4,8,
21375,2425,771432,3,4,4,9,
21376,19770,771432,33,33,3,8,
21377,20969,771432,29,29,3,8,
21378,12527,771432,19,19,3,9,
21379,2261,771432,3,4,4,8,
21380,11898,771432,3,4,4,9,
21381,1551,771432,3,4,4,8,
21382,11424,771432,21,21,3,8,
21383,10459,771432,3,4,4,8,
21384,27018,771432,31,31,3,9,
21385,2170,771432,3,4,4,8,
21386,1419,771432,3,4,4,8,
21387,15935,771432,15,15,3,8,
21388,3324,771432,3,4,4,9,
21389,3645,771432,3,4,4,8,
21390,23899,771432,31,31,3,8,
21391,3815,771432,3,4,4,8,
21392,17123,771432,15,15,3,9,
21393,2837,771432,3,4,4,8,
21394,19396,771432,27,27,3,8,
21395,17016,771432,17,17,3,8,
21396,12646,771432,15,15,3,8,
21397,18926,771432,3,4,4,8,
21398,16140,771432,31,31,3,9,
21399,11737,771432,25,26,3,9,
21400,4202,771432,3,4,4,9,
21401,7155,771432,3,4,4,8,
21402,12164,771432,21,21,3,9,
21403,14872,771432,27,27,3,9,
21404,11405,771432,3,4,4,8,
21405,14601,771432,3,4,4,9,
21406,21955,771432,33,33,3,8,
21407,2366,771432,3,4,4,9,
21408,3743,771432,3,4,4,8,
21409,15232,771432,21,21,3,8,
21410,14091,771432,17,17,3,8,
21411,11926,771432,23,23,3,8,
21412,16609,771432,33,33,3,9,
21413,16985,771432,27,27,3,9,
21414,9905,771432,23,23,3,9,
21415,10491,771432,3,4,4,9,
21416,1876,771432,3,4,4,9,
21417,1992,771432,3,4,4,9,
21418,15388,771432,25,25,3,9,
21419,15915,771432,3,4,4,8,
21420,3095,771432,3,4,4,8,
21421,18495,771432,17,17,3,8,
21422,8097,771432,15,15,3,9,
21423,2078,771432,3,4,4,8,
21424,16893,771432,25,25,3,9,
21425,20324,771432,29,29,3,9,
21426,13287,771432,27,27,3,8,
21427,20237,771432,3,4,4,8,
21428,16119,771432,33,33,3,8,
21429,18817,771432,27,27,3,8,
21430,11211,771432,3,4,4,9,
21431,12423,771432,17,17,3,7,
21432,11355,771432,23,23,3,8,
21433,8601,771432,3,4,4,8,
21434,8909,771432,13,13,3,8,
21435,952,771432,3,4,4,8,
21436,16516,771432,27,27,3,8,
21437,30248,771432,23,23,3,8,
21438,7429,771432,15,15,3,8,
21439,1786,771432,3,4,4,9,
21440,2598,771432,3,4,4,7,
21441,16847,771432,29,29,3,7,
21442,1041,771432,3,4,4,8,
21443,21529,771432,31,31,3,9,
21444,15740,771432,23,23,3,8,
21445,16863,771432,29,29,3,8,
21446,19133,771432,25,25,3,8,
21447,10795,771432,17,17,3,9,
21448,11490,771432,15,15,3,8,
21449,14062,771432,3,4,4,9,
21450,15205,771432,3,4,4,9,
21451,2107,771432,3,4,4,9,
21452,19174,771432,33,33,3,9,
21453,20025,771432,3,4,4,8,
21454,17997,771432,33,33,3,8,
21455,2178,771432,3,4,4,9,
21456,13492,771432,21,21,3,9,
21457,16507,771432,31,31,3,9,
21458,8491,771432,15,15,3,8,
21459,1263,771432,3,4,4,8,
21460,4821,771432,13,13,3,8,
21461,4702,771432,3,4,4,9,
21462,2768,771432,3,4,4,8,
21463,12534,771432,27,27,3,8,
21464,19941,771432,29,29,3,8,
21465,20684,771432,3,4,4,8,
21466,8061,771432,3,4,4,8,
21467,12583,771432,3,4,4,9,
21468,15919,771432,29,29,3,9,
21469,2071,771432,3,4,4,8,
21470,8455,771432,17,17,3,9,
21471,1979,771432,3,4,4,8,
21472,1326,771432,3,4,4,8,
21473,19183,771432,23,23,3,8,
21474,906,771432,3,4,4,8,
21475,2094,771432,3,4,4,8,
21476,19064,771432,3,4,4,9,
21477,15579,771432,27,27,3,9,
21478,8142,771432,19,19,3,8,
21479,13101,771432,19,19,3,9,
21480,7314,771432,3,4,4,8,
21481,12544,771432,23,23,3,8,
21482,10496,771432,3,4,4,8,
21483,2574,771432,3,4,4,9,
21484,16662,771432,27,27,3,8,
21485,8929,771432,15,15,3,8,
21486,23815,771432,19,19,3,8,
21487,4386,771432,15,15,3,9,
21488,1885,771432,3,4,4,8,
21489,19128,771432,31,31,3,8,
21490,3683,771432,3,4,4,8,
21491,13912,771432,23,23,3,8,
21492,13225,771432,23,23,3,8,
21493,2370,771432,3,4,4,9,
21494,7991,771432,13,13,3,8,
21495,17044,771432,31,31,3,7,
21496,1856,771432,3,4,4,9,
21497,1413,771432,3,4,4,8,
21498,16704,771432,3,4,4,8,
21499,14069,771432,17,17,3,7,
21500,11343,771432,23,23,3,9,
21501,8622,771432,3,4,4,9,
21502,4190,771432,3,4,4,8,
21503,12608,771432,17,17,3,8,
21504,3966,771432,3,4,4,8,
21505,17733,771432,33,33,3,8,
21506,2450,771432,3,4,4,8,
21507,15625,771432,25,25,3,8,
21508,2166,771432,3,4,4,8,
21509,16530,771432,3,4,4,8,
21510,1709,771432,3,4,4,6,
21511,2770,771432,3,4,4,8,
21512,1356,771432,3,4,4,8,
21513,2480,771432,3,4,4,7,
21514,1198,771432,3,4,4,6,
21515,10143,771432,17,17,3,7,
21516,2059,771432,3,4,4,8,
21517,1976,771432,3,4,4,8,
21518,35765,771432,33,33,3,8,
21519,16531,771432,23,23,3,7,
21520,3153,771432,3,4,4,8,
21521,16265,771432,25,25,3,7,
21522,2862,771432,3,4,4,9,
21523,7242,771432,3,4,4,7,
21524,1809,771432,3,4,4,9,
21525,1762,771432,3,4,4,8,
21526,721,771432,3,4,4,8,
21527,2098,771432,3,4,4,8,
21528,4171,771432,3,4,4,8,
21529,27973,771432,3,4,4,8,
21530,2792,771432,3,4,4,8,
21531,2436,771432,3,4,4,7,
21532,2501,771432,3,4,4,7,
21533,2467,771432,3,4,4,7,
21534,2060,771432,3,4,4,7,
21535,60624,771432,29,29,3,7,
21536,12855,771432,19,19,3,7,
21537,2254,771432,3,4,4,7,
21538,25460,771432,31,31,3,8,
21539,69076,771432,3,4,4,7,
21540,1457,771432,3,4,4,6,
21541,10685,771432,17,17,3,8,
21542,10364,771432,3,4,4,7,
21543,16892,771432,29,29,3,8,
21544,16367,771432,3,4,4,8,
21545,50835,771432,21,21,3,7,
21546,676,771432,3,4,4,8,
21547,46425,771432,29,29,3,7,
21548,42570,771432,23,23,3,8,
21549,45900,771432,31,31,3,6,
21550,43352,771432,27,27,3,5,
21551,45227,771432,3,4,4,5,
21552,40548,771432,19,19,3,7,
21553,38320,771432,19,19,3,6,
21554,5760,771432,19,19,3,6,
21555,11537,771432,15,15,3,6,
21556,679,771432,3,4,4,3,
21557,6506,771432,3,4,4,6,
21558,2651,771432,3,4,4,5,
21559,2295,771432,3,4,4,6,
21560,16277,771432,23,23,3,7,
21561,3973,771432,3,4,4,7,
21562,3388,771432,3,4,4,8,
21563,5457,771432,3,4,4,7,
21564,8157,771432,3,4,4,8,
21565,22301,771432,33,33,3,8,
21566,32715,771432,29,29,3,8,
21567,14710,771432,21,21,3,8,
21568,15282,771432,21,21,3,7,
21569,30740,771432,3,4,4,7,
21570,19359,771432,3,4,4,8,
21571,14897,771432,3,4,4,8,
21572,2050,771432,3,4,4,9,
21573,10208,771432,17,17,3,8,
21574,10354,771432,3,4,4,8,
21575,2654,771432,3,4,4,8,
21576,12307,771432,15,15,3,8,
21577,15709,771432,23,23,3,8,
21578,5181,771432,3,4,4,8,
21579,1431,771432,3,4,4,8,
21580,4519,771432,3,4,4,7,
21581,12935,771432,15,15,3,8,
21582,17700,771432,27,27,3,8,
21583,3479,771432,3,4,4,9,
21584,19122,771432,33,33,3,8,
21585,2767,771432,3,4,4,8,
21586,29939,771432,21,21,3,9,
21587,9093,771432,19,19,3,9,
21588,10524,771432,3,4,4,9,
21589,4232,771432,3,4,4,8,
21590,24941,771432,31,31,3,8,
21591,14314,771432,27,27,3,9,
21592,2915,771432,3,4,4,8,
21593,13159,771432,25,25,3,8,
21594,3581,771432,3,4,4,8,
21595,21231,771432,33,33,3,8,
21596,2303,771432,3,4,4,9,
21597,15929,771432,27,27,3,7,
21598,1921,771432,3,4,4,8,
21599,9182,771432,3,4,4,8,
21600,21020,771432,29,29,3,8,
21601,19321,771432,27,27,3,8,
21602,15821,771432,33,33,3,9,
21603,1430,771432,3,4,4,8,
21604,26486,771432,33,33,3,8,
21605,7102,771432,13,13,3,9,
21606,8601,771432,17,17,3,9,
21607,20246,771432,25,25,3,8,
21608,13532,771432,23,23,3,9,
21609,6085,771432,13,13,3,9,
21610,29164,771432,25,25,3,8,
21611,13059,771432,29,29,3,8,
21612,5061,771432,3,4,4,9,
21613,16533,771432,3,4,4,9,
21614,1452,771432,3,4,4,8,
21615,16051,771432,27,27,3,9,
21616,2047,771432,3,4,4,8,
21617,15185,771432,31,31,3,9,
21618,16309,771432,33,33,3,9,
21619,9598,771432,21,21,3,8,
21620,3734,771432,3,4,4,9,
21621,18923,771432,33,33,3,8,
21622,25886,771432,17,17,3,9,
21623,12745,771432,3,4,4,8,
21624,12178,771432,23,23,3,8,
21625,12191,771432,25,25,3,8,
21626,12192,771432,3,4,4,8,
21627,7683,771432,21,21,3,9,
21628,15047,771432,27,27,3,8,
21629,13299,771432,21,21,3,9,
21630,7790,771432,17,17,3,9,
21631,1365,771432,3,4,4,8,
21632,2576,771432,3,4,4,9,
21633,2159,771432,3,4,4,7,
21634,7375,771432,3,4,4,9,
21635,2936,771432,3,4,4,8,
21636,8288,771432,13,13,3,9,
21637,1973,771432,3,4,4,8,
21638,11028,771432,17,17,3,8,
21639,19285,771432,25,25,3,9,
21640,2065,771432,3,4,4,8,
21641,15479,771432,29,29,3,8,
21642,7759,771432,13,13,3,8,
21643,16961,771432,33,33,3,8,
21644,13289,771432,33,33,3,8,
21645,26023,771432,29,29,3,8,
21646,6972,771432,17,17,3,9,
21647,13572,771432,3,4,4,9,
21648,18442,771432,33,33,3,9,
21649,9330,771432,3,4,4,8,
21650,5812,771432,13,13,3,8,
21651,4687,771432,3,4,4,7,
21652,9908,771432,27,27,3,7,
21653,10361,771432,3,4,4,6,
21654,4441,771432,13,13,3,8,
21655,9842,771432,3,4,4,8,
21656,4610,771432,13,13,3,8,
21657,944,771432,3,4,4,9,
21658,4974,771432,3,4,4,8,
21659,4414,771432,13,13,3,9,
21660,4956,771432,3,4,4,9,
21661,9029,771432,3,4,4,8,
21662,2824,771432,3,4,4,8,
21663,2416,771432,3,4,4,8,
21664,3649,771432,3,4,4,8,
21665,2000,771432,3,4,4,7,
21666,1475,771432,3,4,4,7,
21667,1584,771432,3,4,4,7,
21668,2855,771432,3,4,4,7,
21669,9994,771432,27,27,3,7,
21670,12893,771432,27,27,3,7,
21671,5032,771432,15,15,3,8,
21672,10178,771432,3,4,4,8,
21673,5832,771432,3,4,4,8,
21674,13334,771432,3,4,4,7,
21675,9940,771432,27,27,3,8,
21676,14497,771432,25,25,3,8,
21677,10301,771432,3,4,4,7,
21678,7707,771432,19,19,3,8,
21679,1848,771432,3,4,4,9,
21680,15354,771432,23,23,3,9,
21681,16154,771432,31,31,3,9,
21682,1993,771432,3,4,4,8,
21683,2919,771432,3,4,4,8,
21684,14269,771432,19,19,3,9,
21685,2236,771432,3,4,4,8,
21686,19433,771432,31,31,3,8,
21687,1951,771432,3,4,4,8,
21688,1761,771432,3,4,4,8,
21689,12189,771432,25,25,3,9,
21690,1740,771432,3,4,4,7,
21691,1171,771432,3,4,4,8,
21692,10186,771432,17,17,3,8,
21693,1106,771432,3,4,4,8,
21694,9980,771432,3,4,4,8,
21695,18921,771432,33,33,3,8,
21696,1588,771432,3,4,4,9,
21697,18619,771432,33,33,3,8,
21698,18015,771432,3,4,4,8,
21699,9106,771432,17,17,3,9,
21700,8137,771432,3,4,4,8,
21701,1472,771432,3,4,4,8,
21702,10365,771432,3,4,4,8,
21703,11113,771432,27,27,3,8,
21704,6754,771432,17,17,3,9,
21705,10733,771432,17,17,3,9,
21706,7806,771432,17,17,3,9,
21707,6151,771432,3,4,4,8,
21708,11033,771432,23,23,3,9,
21709,5641,771432,3,4,4,9,
21710,2057,771432,3,4,4,8,
21711,12918,771432,15,15,3,8,
21712,7622,771432,13,13,3,8,
21713,17575,771432,31,31,3,8,
21714,2737,771432,3,4,4,8,
21715,12775,771432,3,4,4,9,
21716,2419,771432,3,4,4,8,
21717,1973,771432,3,4,4,9,
21718,17478,771432,25,25,3,8,
21719,15136,771432,29,29,3,7,
21720,1659,771432,3,4,4,8,
21721,17155,771432,3,4,4,8,
21722,17813,771432,31,31,3,9,
21723,19499,771432,27,27,3,9,
21724,10496,771432,25,25,3,8,
21725,8223,771432,15,15,3,9,
21726,2029,771432,3,4,4,9,
21727,2615,771432,3,4,4,9,
21728,9077,771432,17,17,3,9,
21729,2052,771432,3,4,4,9,
21730,8928,771432,3,4,4,9,
21731,1799,771432,3,4,4,8,
21732,18707,771432,31,31,3,9,
21733,9134,771432,15,15,3,8,
21734,13361,771432,25,25,3,9,
21735,1915,771432,3,4,4,8,
21736,19315,771432,23,23,3,9,
21737,8078,771432,21,21,3,9,
21738,8859,771432,15,15,3,8,
21739,7234,771432,13,13,3,8,
21740,16013,771432,33,33,3,8,
21741,7278,771432,3,4,4,9,
21742,7070,771432,15,15,3,8,
21743,9643,771432,3,4,4,9,
21744,9678,771432,25,25,3,8,
21745,10984,771432,3,4,4,8,
21746,13101,771432,27,28,3,8,
21747,8060,771432,3,4,4,9,
21748,12971,771432,3,4,4,8,
21749,9758,771432,3,4,4,8,
21750,5038,771432,15,15,3,8,
21751,6273,771432,3,4,4,8,
21752,1637,771432,3,4,4,8,
21753,3074,771432,3,4,4,8,
21754,9175,771432,27,27,3,7,
21755,3705,771432,3,4,4,8,
21756,2548,771432,3,4,4,8,
21757,8985,771432,3,4,4,8,
21758,13655,771432,23,23,3,8,
21759,11040,771432,17,17,3,8,
21760,1206,771432,3,4,4,7,
21761,20989,771432,25,25,3,8,
21762,1693,771432,3,4,4,8,
21763,1604,771432,3,4,4,7,
21764,13882,771432,17,17,3,8,
21765,1028,771432,3,4,4,8,
21766,2946,771432,3,4,4,9,
21767,8113,771432,15,15,3,8,
21768,8573,771432,3,4,4,8,
21769,2205,771432,3,4,4,9,
21770,14102,771432,29,29,3,9,
21771,19056,771432,29,29,3,8,
21772,1902,771432,3,4,4,9,
21773,2291,771432,3,4,4,9,
21774,12177,771432,33,33,3,8,
21775,13210,771432,3,4,4,7,
21776,10552,771432,23,23,3,7,
21777,1957,771432,3,4,4,9,
21778,13377,771432,13,13,3,8,
21779,7444,771432,13,13,3,9,
21780,7518,771432,3,4,4,7,
21781,7014,771432,19,19,3,8,
21782,6904,771432,3,4,4,9,
21783,1899,771432,3,4,4,8,
21784,7461,771432,15,15,3,7,
21785,3228,771432,3,4,4,8,
21786,15109,771432,29,29,3,8,
21787,1759,771432,3,4,4,7,
21788,2057,771432,3,4,4,7,
21789,13236,771432,33,33,3,7,
21790,14208,771432,3,4,4,8,
21791,6946,771432,13,13,3,9,
21792,7373,771432,19,19,3,8,
21793,1691,771432,3,4,4,8,
21794,7852,771432,3,4,4,8,
21795,11037,771432,3,4,4,8,
21796,1624,771432,3,4,4,9,
21797,10244,771432,29,29,3,8,
21798,9867,771432,3,4,4,8,
21799,3126,771432,3,4,4,9,
21800,9698,771432,25,25,3,9,
21801,9469,771432,3,4,4,8,
21802,15671,771432,33,33,3,8,
21803,9433,771432,21,21,3,9,
21804,1718,771432,3,4,4,7,
21805,2576,771432,3,4,4,8,
21806,2851,771432,3,4,4,8,
21807,3218,771432,3,4,4,8,
21808,10241,771432,27,27,3,7,
21809,11193,771432,3,4,4,8,
21810,9916,771432,27,27,3,8,
21811,1887,771432,3,4,4,8,
21812,10864,771432,3,4,4,9,
21813,12616,771432,29,29,3,8,
21814,6566,771432,21,21,3,9,
21815,12743,771432,3,4,4,8,
21816,6796,771432,3,4,4,8,
21817,6362,771432,3,4,4,8,
21818,12801,771432,27,27,3,8,
21819,2176,771432,3,4,4,7,
21820,15793,771432,25,25,3,8,
21821,12534,771432,3,4,4,7,
21822,2966,771432,3,4,4,8,
21823,8169,771432,19,19,3,8,
21824,15914,771432,3,4,4,9,
21825,2230,771432,3,4,4,8,
21826,10486,771432,19,19,3,8,
21827,2397,771432,3,4,4,9,
21828,1831,771432,3,4,4,8,
21829,15790,771432,25,25,3,9,
21830,2043,771432,3,4,4,9,
21831,9726,771432,25,25,3,8,
21832,2593,771432,3,4,4,9,
21833,21592,771432,33,33,3,9,
21834,4710,771432,3,4,4,8,
21835,34957,771432,33,33,3,9,
21836,2085,771432,3,4,4,8,
21837,14154,771432,31,31,3,8,
21838,2726,771432,3,4,4,8,
21839,2806,771432,3,4,4,8,
21840,10886,771432,27,27,3,9,
21841,1648,771432,3,4,4,8,
21842,2901,771432,3,4,4,9,
21843,10111,771432,15,15,3,9,
21844,12922,771432,33,33,3,8,
21845,20930,771432,33,33,3,7,
21846,7201,771432,13,13,3,9,
21847,19199,771432,33,33,3,8,
21848,7260,771432,3,4,4,9,
21849,6406,771432,13,13,3,8,
21850,10963,771432,17,17,3,9,
21851,14280,771432,29,29,3,8,
21852,10740,771432,3,4,4,9,
21853,25001,771432,33,33,3,9,
21854,16251,771432,29,29,3,8,
21855,16914,771432,21,21,3,8,
21856,15780,771432,3,4,4,8,
21857,1721,771432,3,4,4,9,
21858,2077,771432,3,4,4,8,
21859,10484,771432,21,21,3,8,
21860,10006,771432,17,17,3,9,
21861,6665,771432,13,13,3,8,
21862,6838,771432,17,17,3,8,
21863,11703,771432,3,4,4,9,
21864,8150,771432,23,23,3,8,
21865,7589,771432,3,4,4,8,
21866,12240,771432,29,29,3,8,
21867,13741,771432,33,33,3,8,
21868,12284,771432,3,4,4,8,
21869,14093,771432,3,4,4,9,
21870,13598,771432,31,31,3,8,
21871,14585,771432,3,4,4,8,
21872,1115,771432,3,4,4,8,
21873,10569,771432,17,17,3,9,
21874,2112,771432,3,4,4,9,
21875,5625,771432,13,13,3,8,
21876,1674,771432,3,4,4,8,
21877,9771,771432,21,21,3,8,
21878,7245,771432,17,17,3,8,
21879,10991,771432,13,13,3,9,
21880,4020,771432,3,4,4,7,
21881,10986,771432,3,4,4,9,
21882,18313,771432,29,29,3,9,
21883,12733,771432,27,27,3,9,
21884,2000,771432,3,4,4,8,
21885,1666,771432,3,4,4,7,
21886,8173,771432,13,13,3,8,
21887,12540,771432,21,21,3,8,
21888,8463,771432,17,17,3,8,
21889,26530,771432,29,29,3,7,
21890,19903,771432,31,31,3,8,
21891,10432,771432,21,21,3,9,
21892,1250,771432,3,4,4,9,
21893,9260,771432,27,27,3,9,
21894,9526,771432,3,4,4,9,
21895,5167,771432,3,4,4,9,
21896,18860,771432,3,4,4,8,
21897,5919,771432,3,4,4,8,
21898,14041,771432,21,21,3,8,
21899,9214,771432,3,4,4,9,
21900,27239,771432,31,31,3,8,
21901,20312,771432,33,33,3,8,
21902,23515,771432,33,33,3,8,
21903,10131,771432,19,19,3,8,
21904,6810,771432,17,17,3,9,
21905,16237,771432,27,27,3,9,
21906,23367,771432,33,33,3,9,
21907,12528,771432,25,25,3,9,
21908,6094,771432,15,15,3,8,
21909,12099,771432,21,21,3,8,
21910,916,771432,3,4,4,8,
21911,1626,771432,3,4,4,9,
21912,1336,771432,3,4,4,9,
21913,1315,771432,3,4,4,9,
21914,1567,771432,3,4,4,9,
21915,1674,771432,3,4,4,8,
21916,1694,771432,3,4,4,9,
21917,8557,771432,3,4,4,8,
21918,1540,771432,3,4,4,8,
21919,6369,771432,13,13,3,8,
21920,9285,771432,21,21,3,8,
21921,6752,771432,3,4,4,8,
21922,11760,771432,27,27,3,8,
21923,8636,771432,3,4,4,8,
21924,12385,771432,27,27,3,8,
21925,10874,771432,3,4,4,9,
21926,2473,771432,3,4,4,8,
21927,10621,771432,21,21,3,8,
21928,11322,771432,3,4,4,8,
21929,5489,771432,13,13,3,8,
21930,4972,771432,3,4,4,8,
21931,6569,771432,21,21,3,8,
21932,667,771432,3,4,4,8,
21933,1043,771432,3,4,4,9,
21934,15213,771432,25,25,3,8,
21935,15771,771432,3,4,4,8,
21936,1588,771432,3,4,4,9,
21937,3147,771432,3,4,4,8,
21938,2668,771432,3,4,4,9,
21939,19750,771432,29,29,3,9,
21940,11904,771432,23,23,3,7,
21941,1413,771432,3,4,4,8,
21942,17485,771432,25,25,3,7,
21943,2569,771432,3,4,4,8,
21944,6772,771432,13,13,3,8,
21945,11471,771432,3,4,4,8,
21946,10690,771432,25,25,3,8,
21947,1536,771432,3,4,4,9,
21948,6211,771432,13,13,3,9,
21949,6139,771432,3,4,4,9,
21950,19257,771432,31,31,3,8,
21951,1342,771432,3,4,4,8,
21952,8714,771432,21,21,3,8,
21953,15596,771432,25,26,3,7,
21954,9814,771432,13,13,3,8,
21955,2067,771432,3,4,4,9,
21956,16376,771432,3,4,4,7,
21957,17070,771432,33,33,3,8,
21958,1965,771432,3,4,4,9,
21959,2199,771432,3,4,4,9,
21960,1991,771432,3,4,4,8,
21961,17355,771432,29,29,3,9,
21962,13123,771432,3,4,4,8,
21963,8958,771432,25,25,3,8,
21964,10009,771432,3,4,4,8,
21965,7709,771432,17,17,3,7,
21966,6674,771432,17,17,3,8,
21967,31575,771432,15,15,3,6,
21968,2167,771432,3,4,4,7,
21969,37199,771432,31,31,3,7,
21970,2287,771432,3,4,4,8,
21971,30309,771432,27,27,3,6,
21972,28520,771432,19,19,3,8,
21973,27605,771432,29,29,3,8,
21974,29360,771432,25,25,3,7,
21975,34121,771432,3,4,4,7,
21976,33114,771432,3,4,4,7,
21977,38370,771432,29,29,3,8,
21978,34866,771432,33,33,3,8,
21979,1906,771432,3,4,4,5,
21980,2430,771432,3,4,4,7,
21981,1290,771432,3,4,4,6,
21982,9552,771432,19,19,3,7,
21983,6133,771432,3,4,4,7,
21984,2023,771432,3,4,4,6,
21985,1827,771432,3,4,4,6,
21986,1414,771432,3,4,4,7,
21987,2833,771432,3,4,4,7,
21988,10958,771432,21,21,3,9,
21989,2685,771432,3,4,4,7,
21990,9917,771432,3,4,4,8,
21991,1917,771432,3,4,4,8,
21992,2005,771432,3,4,4,8,
21993,9793,771432,15,15,3,7,
21994,26855,771432,33,33,3,8,
21995,1356,771432,3,4,4,8,
21996,4802,771432,3,4,4,9,
21997,968,771432,3,4,4,7,
21998,9648,771432,3,4,4,8,
21999,12136,771432,23,23,3,8,
22000,957,771432,3,4,4,8,
22001,1348,771432,3,4,4,9,
22002,12134,771432,23,23,3,9,
22003,19088,771432,31,31,3,8,
22004,1582,771432,3,4,4,9,
22005,14787,771432,25,25,3,9,
22006,18946,771432,31,31,3,9,
22007,1623,771432,3,4,4,9,
22008,1922,771432,3,4,4,9,
22009,2255,771432,3,4,4,8,
22010,2035,771432,3,4,4,9,
22011,18929,771432,31,31,3,8,
22012,6167,771432,13,13,3,9,
22013,6208,771432,3,4,4,8,
22014,5780,771432,13,13,3,9,
22015,9966,771432,19,19,3,9,
22016,8373,771432,3,4,4,9,
22017,16170,771432,25,25,3,9,
22018,10845,771432,23,23,3,8,
22019,11332,771432,27,27,3,8,
22020,5958,771432,3,4,4,8,
22021,11417,771432,23,23,3,9,
22022,3255,771432,3,4,4,8,
22023,11050,771432,3,4,4,8,
22024,2085,771432,3,4,4,9,
22025,14120,771432,29,29,3,8,
22026,12066,771432,19,19,3,9,
22027,14552,771432,3,4,4,9,
22028,6922,771432,13,13,3,8,
22029,13494,771432,25,25,3,8,
22030,14533,771432,3,4,4,8,
22031,13126,771432,33,33,3,8,
22032,9546,771432,3,4,4,9,
22033,11050,771432,23,23,3,8,
22034,17352,771432,33,33,3,8,
22035,11257,771432,3,4,4,9,
22036,14062,771433,3,4,4,9,
22037,7973,771433,13,13,3,8,
22038,7629,771433,3,4,4,9,
22039,12855,771433,27,27,3,8,
22040,6982,771433,17,17,3,8,
22041,16186,771433,31,31,3,9,
22042,10919,771433,21,21,3,9,
22043,1651,771433,3,4,4,9,
22044,1007,771433,3,4,4,9,
22045,1992,771433,3,4,4,8,
22046,17851,771433,27,27,3,8,
22047,18954,771433,29,29,3,9,
22048,18596,771433,3,4,4,8,
22049,10310,771433,23,23,3,8,
22050,10523,771433,3,4,4,8,
22051,10921,771433,13,13,3,9,
22052,14755,771433,29,29,3,8,
22053,17631,771433,31,31,3,7,
22054,15717,771433,25,25,3,9,
22055,9580,771433,21,21,3,8,
22056,8139,771433,3,4,4,8,
22057,9862,771433,21,21,3,9,
22058,6285,771433,3,4,4,8,
22059,2687,771433,3,4,4,9,
22060,12167,771433,23,23,3,8,
22061,2588,771433,3,4,4,7,
22062,7799,771433,13,13,3,8,
22063,12628,771433,3,4,4,8,
22064,2110,771433,3,4,4,7,
22065,14023,771433,25,25,3,8,
22066,1443,771433,3,4,4,8,
22067,1685,771433,3,4,4,7,
22068,1171,771433,3,4,4,8,
22069,2368,771433,3,4,4,8,
22070,18429,771433,25,25,3,8,
22071,9467,771433,27,27,3,8,
22072,7540,771433,17,17,3,7,
22073,32117,771433,33,33,3,8,
22074,14737,771433,29,29,3,9,
22075,6750,771433,13,13,3,8,
22076,7789,771433,3,4,4,8,
22077,1814,771433,3,4,4,8,
22078,1888,771433,3,4,4,8,
22079,1684,771433,3,4,4,8,
22080,7341,771433,13,13,3,8,
22081,1886,771433,3,4,4,8,
22082,17201,771433,31,31,3,8,
22083,14806,771433,33,33,3,9,
22084,16520,771433,3,4,4,8,
22085,1344,771433,3,4,4,8,
22086,14365,771433,3,4,4,8,
22087,17221,771433,33,33,3,9,
22088,17173,771433,3,4,4,9,
22089,6282,771433,19,19,3,9,
22090,5568,771433,3,4,4,9,
22091,4620,771433,15,15,3,8,
22092,7819,771433,13,13,3,8,
22093,17187,771433,15,15,3,8,
22094,11146,771433,23,23,3,9,
22095,1682,771433,3,4,4,9,
22096,7780,771433,13,13,3,8,
22097,8070,771433,13,13,3,8,
22098,4847,771433,15,15,3,8,
22099,17573,771433,17,17,3,8,
22100,1694,771433,3,4,4,8,
22101,10622,771433,3,4,4,8,
22102,16831,771433,31,31,3,9,
22103,13402,771433,25,25,3,8,
22104,3069,771433,3,4,4,8,
22105,4182,771433,3,4,4,9,
22106,2469,771433,3,4,4,8,
22107,11539,771433,21,21,3,8,
22108,15272,771433,21,21,3,8,
22109,9755,771433,13,13,3,8,
22110,5883,771433,13,13,3,8,
22111,9462,771433,3,4,4,9,
22112,13659,771433,25,25,3,8,
22113,14322,771433,3,4,4,9,
22114,13489,771433,27,27,3,8,
22115,11116,771433,29,29,3,7,
22116,9967,771433,19,19,3,8,
22117,2907,771433,3,4,4,9,
22118,8912,771433,15,15,3,8,
22119,11692,771433,23,23,3,8,
22120,9695,771433,3,4,4,8,
22121,11332,771433,3,4,4,8,
22122,12949,771433,27,27,3,9,
22123,2026,771433,3,4,4,8,
22124,1791,771433,3,4,4,8,
22125,14060,771433,19,19,3,8,
22126,2105,771433,3,4,4,8,
22127,20900,771433,29,29,3,8,
22128,7620,771433,3,4,4,8,
22129,3305,771433,3,4,4,8,
22130,9476,771433,17,17,3,8,
22131,13966,771433,17,17,3,8,
22132,13663,771433,17,17,3,8,
22133,12182,771433,23,23,3,8,
22134,20651,771433,29,29,3,8,
22135,15841,771433,31,31,3,9,
22136,2030,771433,3,4,4,9,
22137,2633,771433,3,4,4,9,
22138,2191,771433,3,4,4,9,
22139,11127,771433,3,4,4,8,
22140,1990,771433,3,4,4,8,
22141,1550,771433,3,4,4,9,
22142,10940,771433,23,23,3,8,
22143,1249,771433,3,4,4,8,
22144,2703,771433,3,4,4,8,
22145,6093,771433,3,4,4,8,
22146,6164,771433,13,13,3,8,
22147,17947,771433,29,29,3,9,
22148,15252,771433,25,25,3,8,
22149,16829,771433,3,4,4,8,
22150,1759,771433,3,4,4,8,
22151,20937,771433,23,23,3,7,
22152,2186,771433,3,4,4,8,
22153,12550,771433,13,13,3,8,
22154,10351,771433,19,19,3,8,
22155,7056,771433,15,15,3,9,
22156,6481,771433,17,17,3,8,
22157,17361,771433,25,25,3,8,
22158,16203,771433,33,33,3,8,
22159,1333,771433,3,4,4,8,
22160,16942,771433,31,31,3,8,
22161,10502,771433,3,4,4,8,
22162,6469,771433,15,15,3,9,
22163,10786,771433,3,4,4,9,
22164,2655,771433,3,4,4,9,
22165,8073,771433,17,17,3,8,
22166,1726,771433,3,4,4,9,
22167,973,771433,3,4,4,8,
22168,1901,771433,3,4,4,8,
22169,1720,771433,3,4,4,8,
22170,10354,771433,3,4,4,8,
22171,1599,771433,3,4,4,9,
22172,9805,771433,21,21,3,8,
22173,9620,771433,15,15,3,8,
22174,13160,771433,19,19,3,8,
22175,1776,771433,3,4,4,8,
22176,11473,771433,13,13,3,8,
22177,2276,771433,3,4,4,9,
22178,12479,771433,19,19,3,9,
22179,16663,771433,33,33,3,9,
22180,11757,771433,3,4,4,9,
22181,14369,771433,25,25,3,8,
22182,8841,771433,19,19,3,9,
22183,8854,771433,3,4,4,9,
22184,1450,771433,3,4,4,9,
22185,10620,771433,19,19,3,8,
22186,10017,771433,3,4,4,9,
22187,13993,771433,33,33,3,8,
22188,15453,771433,3,4,4,9,
22189,1844,771433,3,4,4,8,
22190,1948,771433,3,4,4,8,
22191,2064,771433,3,4,4,8,
22192,9892,771433,23,23,3,8,
22193,7053,771433,15,15,3,8,
22194,7661,771433,17,17,3,7,
22195,1457,771433,3,4,4,8,
22196,7521,771433,3,4,4,9,
22197,2376,771433,3,4,4,9,
22198,2524,771433,3,4,4,8,
22199,1979,771433,3,4,4,9,
22200,2134,771433,3,4,4,9,
22201,2066,771433,3,4,4,8,
22202,10032,771433,23,23,3,8,
22203,1658,771433,3,4,4,8,
22204,10118,771433,3,4,4,8,
22205,7160,771433,17,17,3,8,
22206,7052,771433,13,13,3,8,
22207,7092,771433,3,4,4,8,
22208,1548,771433,3,4,4,8,
22209,11925,771433,17,17,3,8,
22210,2378,771433,3,4,4,8,
22211,2330,771433,3,4,4,8,
22212,16200,771433,31,31,3,8,
22213,2127,771433,3,4,4,8,
22214,5530,771433,13,13,3,9,
22215,15446,771433,29,29,3,8,
22216,15826,771433,3,4,4,8,
22217,2024,771433,3,4,4,9,
22218,6941,771433,3,4,4,8,
22219,7661,771433,15,15,3,8,
22220,1767,771433,3,4,4,8,
22221,7705,771433,3,4,4,8,
22222,1967,771433,3,4,4,9,
22223,5208,771433,13,13,3,8,
22224,1970,771433,3,4,4,8,
22225,6429,771433,17,17,3,8,
22226,6746,771433,3,4,4,8,
22227,2414,771433,3,4,4,9,
22228,1235,771433,3,4,4,8,
22229,16677,771433,25,25,3,8,
22230,2258,771433,3,4,4,8,
22231,25300,771433,33,33,3,9,
22232,2272,771433,3,4,4,8,
22233,8280,771433,15,15,3,9,
22234,17011,771433,25,25,3,8,
22235,1325,771433,3,4,4,8,
22236,15159,771433,3,4,4,8,
22237,2227,771433,3,4,4,8,
22238,12430,771433,23,23,3,8,
22239,20511,771433,27,27,3,8,
22240,1406,771433,3,4,4,9,
22241,8479,771433,13,13,3,8,
22242,1755,771433,3,4,4,9,
22243,5471,771433,13,13,3,9,
22244,10286,771433,19,19,3,8,
22245,6135,771433,17,17,3,9,
22246,8207,771433,23,23,3,9,
22247,10783,771433,3,4,4,9,
22248,10839,771433,3,4,4,9,
22249,7347,771433,13,13,3,9,
22250,11482,771433,19,19,3,9,
22251,22323,771433,29,29,3,8,
22252,3298,771433,3,4,4,9,
22253,6022,771433,17,17,3,8,
22254,13355,771433,25,25,3,8,
22255,11238,771433,23,23,3,9,
22256,18205,771433,3,4,4,8,
22257,16196,771433,21,21,3,8,
22258,9149,771433,17,17,3,8,
22259,10970,771433,21,21,3,8,
22260,2810,771433,3,4,4,8,
22261,11624,771433,21,21,3,9,
22262,15027,771433,27,27,3,8,
22263,7798,771433,13,13,3,9,
22264,1328,771433,3,4,4,8,
22265,7581,771433,17,17,3,8,
22266,7960,771433,21,21,3,7,
22267,7877,771433,3,4,4,8,
22268,6541,771433,3,4,4,8,
22269,6582,771433,15,15,3,9,
22270,4148,771433,3,4,4,8,
22271,1791,771433,3,4,4,8,
22272,12266,771433,21,21,3,8,
22273,2058,771433,3,4,4,7,
22274,2661,771433,3,4,4,8,
22275,2405,771433,3,4,4,7,
22276,12202,771433,3,4,4,8,
22277,2996,771433,3,4,4,8,
22278,22187,771433,29,29,3,8,
22279,15815,771433,31,31,3,9,
22280,9600,771433,21,21,3,7,
22281,2767,771433,3,4,4,8,
22282,8594,771433,13,13,3,9,
22283,7997,771433,17,17,3,8,
22284,2563,771433,3,4,4,8,
22285,21153,771433,27,27,3,9,
22286,1275,771433,3,4,4,9,
22287,13237,771433,25,25,3,9,
22288,10562,771433,19,19,3,9,
22289,9884,771433,17,17,3,7,
22290,19389,771433,25,25,3,8,
22291,12393,771433,21,21,3,8,
22292,14043,771433,3,4,4,8,
22293,7673,771433,15,15,3,8,
22294,6810,771433,15,15,3,8,
22295,2563,771433,3,4,4,8,
22296,2153,771433,3,4,4,9,
22297,4465,771433,3,4,4,8,
22298,3122,771433,3,4,4,7,
22299,1316,771433,3,4,4,8,
22300,10122,771433,17,17,3,9,
22301,11638,771433,21,21,3,8,
22302,14877,771433,25,25,3,9,
22303,2379,771433,3,4,4,8,
22304,16127,771433,15,16,3,8,
22305,11806,771433,3,4,4,9,
22306,7821,771433,17,17,3,8,
22307,7170,771433,19,19,3,8,
22308,8280,771433,3,4,4,9,
22309,14315,771433,25,25,3,9,
22310,10903,771433,3,4,4,9,
22311,15185,771433,31,31,3,8,
22312,13966,771433,27,27,3,7,
22313,1876,771433,3,4,4,9,
22314,1953,771433,3,4,4,8,
22315,2011,771433,3,4,4,9,
22316,2299,771433,3,4,4,8,
22317,9583,771433,23,23,3,8,
22318,2737,771433,3,4,4,9,
22319,9742,771433,3,4,4,8,
22320,10030,771433,3,4,4,7,
22321,1762,771433,3,4,4,9,
22322,6729,771433,15,15,3,8,
22323,7305,771433,3,4,4,8,
22324,1845,771433,3,4,4,9,
22325,5328,771433,13,13,3,8,
22326,1529,771433,3,4,4,9,
22327,1990,771433,3,4,4,9,
22328,1798,771433,3,4,4,9,
22329,2527,771433,3,4,4,8,
22330,11151,771433,19,19,3,8,
22331,12194,771433,19,19,3,8,
22332,2458,771433,3,4,4,7,
22333,1865,771433,3,4,4,8,
22334,8253,771433,13,13,3,8,
22335,2817,771433,3,4,4,8,
22336,22750,771433,29,29,3,6,
22337,2134,771433,3,4,4,7,
22338,11142,771433,21,21,3,8,
22339,16477,771433,23,23,3,9,
22340,17573,771433,29,29,3,8,
22341,1667,771433,3,4,4,9,
22342,18712,771433,33,33,3,8,
22343,18723,771433,33,33,3,8,
22344,18588,771433,3,4,4,8,
22345,4084,771433,3,4,4,9,
22346,13104,771433,27,27,3,8,
22347,2356,771433,3,4,4,9,
22348,7668,771433,19,19,3,8,
22349,16685,771433,27,27,3,9,
22350,14444,771433,27,27,3,9,
22351,7154,771433,3,4,4,9,
22352,3381,771433,3,4,4,7,
22353,4124,771433,3,4,4,9,
22354,3171,771433,3,4,4,8,
22355,11362,771433,25,25,3,9,
22356,2879,771433,3,4,4,7,
22357,15394,771433,29,29,3,7,
22358,11980,771433,23,23,3,8,
22359,11130,771433,3,4,4,8,
22360,25640,771433,31,31,3,9,
22361,22518,771433,17,17,3,8,
22362,19283,771433,31,31,3,9,
22363,17220,771433,31,31,3,9,
22364,1760,771433,3,4,4,9,
22365,21130,771433,33,33,3,9,
22366,16704,771433,25,25,3,8,
22367,2917,771433,3,4,4,9,
22368,2423,771433,3,4,4,8,
22369,9882,771433,21,21,3,8,
22370,2692,771433,3,4,4,9,
22371,9694,771433,3,4,4,8,
22372,1724,771433,3,4,4,9,
22373,21621,771433,27,27,3,9,
22374,21637,771433,3,4,4,9,
22375,1575,771433,3,4,4,9,
22376,20071,771433,33,33,3,9,
22377,12071,771433,27,27,3,8,
22378,12339,771433,21,21,3,8,
22379,20361,771433,29,29,3,8,
22380,3460,771433,3,4,4,9,
22381,52903,771433,31,31,3,8,
22382,13930,771433,17,17,3,9,
22383,14928,771433,27,27,3,8,
22384,7925,771433,21,21,3,9,
22385,12658,771433,27,27,3,8,
22386,6847,771433,15,15,3,9,
22387,38447,771433,19,19,3,9,
22388,8516,771433,13,13,3,9,
22389,7490,771433,17,17,3,8,
22390,4065,771433,13,13,3,8,
22391,6309,771433,3,4,4,8,
22392,4655,771433,13,13,3,7,
22393,40388,771433,29,29,3,9,
22394,34955,771433,3,4,4,8,
22395,3247,771433,3,4,4,8,
22396,42351,771433,33,33,3,7,
22397,43675,771433,3,4,4,8,
22398,33485,771433,19,19,3,8,
22399,25129,771433,3,4,4,8,
22400,26742,771433,3,4,4,8,
22401,9941,771433,19,19,3,9,
22402,1965,771433,3,4,4,9,
22403,2252,771433,3,4,4,8,
22404,17200,771433,33,33,3,9,
22405,10558,771433,21,21,3,8,
22406,19316,771433,33,33,3,7,
22407,10274,771433,3,4,4,9,
22408,18600,771433,3,4,4,8,
22409,6445,771433,15,15,3,9,
22410,7939,771433,17,17,3,8,
22411,10513,771433,25,25,3,8,
22412,14241,771433,27,27,3,8,
22413,10160,771433,19,19,3,9,
22414,2026,771433,3,4,4,8,
22415,7224,771433,17,17,3,8,
22416,9744,771433,3,4,4,9,
22417,1991,771433,3,4,4,9,
22418,19332,771433,31,31,3,9,
22419,4215,771433,13,13,3,8,
22420,19859,771433,3,4,4,8,
22421,5201,771433,3,4,4,8,
22422,2681,771433,3,4,4,7,
22423,8572,771433,17,17,3,8,
22424,1847,771433,3,4,4,8,
22425,7683,771433,15,15,3,7,
22426,2255,771433,3,4,4,8,
22427,12541,771433,23,23,3,8,
22428,7489,771433,3,4,4,8,
22429,2295,771433,3,4,4,8,
22430,8635,771433,13,13,3,9,
22431,9196,771433,17,17,3,8,
22432,8142,771433,17,17,3,9,
22433,12661,771433,19,19,3,9,
22434,9896,771433,19,19,3,8,
22435,20614,771433,33,33,3,9,
22436,20256,771433,3,4,4,9,
22437,3521,771433,3,4,4,9,
22438,13001,771433,29,29,3,8,
22439,5965,771433,3,4,4,8,
22440,2010,771433,3,4,4,8,
22441,2325,771433,3,4,4,9,
22442,1374,771433,3,4,4,8,
22443,14147,771433,27,27,3,8,
22444,1894,771433,3,4,4,8,
22445,10882,771433,25,25,3,8,
22446,1416,771433,3,4,4,8,
22447,2088,771433,3,4,4,8,
22448,7545,771433,17,17,3,8,
22449,7827,771433,17,17,3,7,
22450,7748,771433,3,4,4,8,
22451,20329,771433,27,27,3,8,
22452,26601,771433,13,13,3,9,
22453,12367,771433,21,21,3,8,
22454,1228,771433,3,4,4,8,
22455,14508,771433,21,21,3,8,
22456,2503,771433,3,4,4,8,
22457,16355,771433,29,29,3,8,
22458,11020,771433,27,27,3,8,
22459,10029,771433,15,15,3,7,
22460,15304,771433,3,4,4,8,
22461,13465,771433,29,29,3,8,
22462,12120,771433,29,29,3,9,
22463,3493,771433,3,4,4,8,
22464,19274,771433,33,33,3,8,
22465,7862,771433,3,4,4,8,
22466,7988,771433,21,21,3,8,
22467,7616,771433,15,15,3,9,
22468,6833,771433,3,4,4,8,
22469,21025,771433,29,29,3,8,
22470,14183,771433,31,31,3,9,
22471,1640,771433,3,4,4,9,
22472,24567,771433,33,33,3,9,
22473,25845,771433,3,4,4,8,
22474,16715,771433,27,27,3,9,
22475,16248,771433,19,19,3,8,
22476,1965,771433,3,4,4,9,
22477,16855,771433,31,31,3,8,
22478,14805,771433,21,21,3,9,
22479,10713,771433,19,19,3,9,
22480,1551,771433,3,4,4,9,
22481,12274,771433,19,19,3,9,
22482,6745,771433,13,13,3,8,
22483,8130,771433,17,17,3,8,
22484,16983,771433,27,27,3,8,
22485,3267,771433,3,4,4,8,
22486,10605,771433,19,19,3,8,
22487,19243,771433,31,32,3,9,
22488,13475,771433,21,21,3,8,
22489,15055,771433,23,23,3,9,
22490,19417,771433,29,29,3,8,
22491,18992,771433,33,33,3,8,
22492,15396,771433,23,23,3,8,
22493,11697,771433,29,29,3,8,
22494,14544,771433,3,4,4,8,
22495,16074,771433,27,27,3,9,
22496,7698,771433,3,4,4,8,
22497,11532,771433,3,4,4,9,
22498,2007,771433,3,4,4,8,
22499,1570,771433,3,4,4,9,
22500,14408,771433,25,25,3,8,
22501,1129,771433,3,4,4,9,
22502,5688,771433,13,13,3,8,
22503,11842,771433,25,25,3,9,
22504,6454,771433,3,4,4,8,
22505,9257,771433,19,19,3,8,
22506,2447,771433,3,4,4,9,
22507,9145,771433,21,21,3,8,
22508,10525,771433,3,4,4,8,
22509,8994,771433,3,4,4,9,
22510,1982,771433,3,4,4,8,
22511,15643,771433,29,29,3,7,
22512,2634,771433,3,4,4,8,
22513,15026,771433,3,4,4,7,
22514,10626,771433,21,21,3,9,
22515,8996,771433,17,17,3,8,
22516,3240,771433,3,4,4,8,
22517,8553,771433,15,15,3,7,
22518,2967,771433,3,4,4,9,
22519,10854,771433,31,31,3,6,
22520,11363,771433,33,33,3,4,
22521,10267,771433,3,4,4,5,
22522,8302,771433,19,19,3,6,
22523,10291,771433,3,4,4,4,
22524,784,771433,3,4,4,1,
22525,9655,771433,23,24,3,5,
22526,944,771433,3,4,4,2,
22527,702,771433,3,4,4,2,
22528,1926,771433,3,4,4,5,
22529,764,771433,3,4,4,3,
22530,1979,771433,3,4,4,4,
22531,9611,771433,3,4,4,6,
22532,8527,771433,15,15,3,6,
22533,1031,771433,3,4,4,5,
22534,1534,771433,3,4,4,6,
22535,3934,771433,3,4,4,8,
22536,1683,771433,3,4,4,7,
22537,11105,771433,17,17,3,7,
22538,13438,771433,25,25,3,7,
22539,13386,771433,23,23,3,7,
22540,15785,771433,33,33,3,8,
22541,2954,771433,3,4,4,8,
22542,10658,771433,3,4,4,9,
22543,11864,771433,27,27,3,8,
22544,12935,771433,3,4,4,9,
22545,2990,771433,3,4,4,9,
22546,11683,771433,25,25,3,9,
22547,14480,771433,33,33,3,9,
22548,13923,771433,3,4,4,9,
22549,1958,771433,3,4,4,9,
22550,15532,771433,33,33,3,8,
22551,1455,771433,3,4,4,8,
22552,15126,771433,3,4,4,8,
22553,12216,771433,31,31,3,8,
22554,11502,771433,3,4,4,8,
22555,8502,771433,23,23,3,8,
22556,3527,771433,3,4,4,9,
22557,7756,771433,3,4,4,9,
22558,9401,771433,23,23,3,9,
22559,14739,771433,15,15,3,9,
22560,1653,771433,3,4,4,9,
22561,22044,771433,33,33,3,9,
22562,22072,771433,3,4,4,7,
22563,11834,771433,21,21,3,8,
22564,16963,771433,33,33,3,8,
22565,9099,771433,15,15,3,9,
22566,9829,771433,3,4,4,8,
22567,2174,771433,3,4,4,9,
22568,7288,771433,3,4,4,8,
22569,2605,771433,3,4,4,9,
22570,2169,771433,3,4,4,9,
22571,8350,771433,15,15,3,9,
22572,7444,771433,3,4,4,9,
22573,8379,771433,17,17,3,9,
22574,15132,771433,23,23,3,7,
22575,8562,771433,15,15,3,7,
22576,23935,771433,29,29,3,7,
22577,10262,771433,19,19,3,8,
22578,13617,771433,27,27,3,9,
22579,14980,771433,3,4,4,9,
22580,7950,771433,15,15,3,8,
22581,2811,771433,3,4,4,7,
22582,15936,771433,25,25,3,6,
22583,13795,771433,29,29,3,7,
22584,14125,771433,3,4,4,6,
22585,16896,771433,3,4,4,8,
22586,14017,771433,29,29,3,7,
22587,8631,771433,15,15,3,6,
22588,22569,771433,19,19,3,9,
22589,7163,771433,3,4,4,7,
22590,34998,771433,25,25,3,8,
22591,12426,771433,19,19,3,7,
22592,23692,771433,27,27,3,6,
22593,20365,771433,17,17,3,7,
22594,29746,771433,3,4,4,7,
22595,3911,771433,15,15,3,8,
22596,2350,771433,3,4,4,8,
22597,22513,771433,3,4,4,8,
22598,25034,771433,23,23,3,8,
22599,30477,771433,3,4,4,9,
22600,33211,771433,3,4,4,9,
22601,17174,771433,25,25,3,9,
22602,24812,771433,33,33,3,9,
22603,3130,771433,3,4,4,8,
22604,3585,771433,3,4,4,8,
22605,5157,771433,3,4,4,9,
22606,2829,771433,3,4,4,9,
22607,8563,771433,3,4,4,8,
22608,8637,771433,13,13,3,8,
22609,11317,771433,3,4,4,8,
22610,8384,771433,3,4,4,8,
22611,24224,771433,31,31,3,9,
22612,22156,771433,25,25,3,8,
22613,20750,771433,23,23,3,9,
22614,5876,771433,3,4,4,8,
22615,15395,771433,17,17,3,8,
22616,2701,771433,3,4,4,8,
22617,25463,771433,21,21,3,8,
22618,18994,771433,25,25,3,9,
22619,2225,771433,3,4,4,8,
22620,37415,771433,27,27,3,7,
22621,3253,771433,3,4,4,8,
22622,14031,771433,3,4,4,9,
22623,6398,771433,3,4,4,9,
22624,4253,771433,3,4,4,9,
22625,3337,771433,3,4,4,8,
22626,17592,771433,25,25,3,8,
22627,3953,771433,3,4,4,7,
22628,28111,771433,33,33,3,6,
22629,14275,771433,23,23,3,8,
22630,2480,771433,3,4,4,9,
22631,9037,771433,15,15,3,8,
22632,6953,771433,17,17,3,8,
22633,21969,771433,31,31,3,7,
22634,7516,771433,3,4,4,9,
22635,22862,771433,3,4,4,5,
22636,1469,771433,3,4,4,8,
22637,17884,771433,3,4,4,5,
22638,7482,771433,15,15,3,8,
22639,1617,771433,3,4,4,8,
22640,906,771433,3,4,4,8,
22641,16594,771433,31,31,3,7,
22642,3508,771433,3,4,4,9,
22643,17766,771433,3,4,4,7,
22644,12361,771433,25,25,3,5,
22645,13403,771433,3,4,4,7,
22646,8228,771433,3,4,4,5,
22647,15882,771433,15,15,3,5,
22648,18321,771433,29,29,3,6,
22649,7882,771433,15,15,3,5,
22650,18517,771433,31,31,3,6,
22651,9655,771433,3,4,4,7,
22652,2457,771433,3,4,4,6,
22653,15694,771433,23,23,3,7,
22654,1355,771433,3,4,4,7,
22655,2168,771433,3,4,4,7,
22656,2164,771433,3,4,4,8,
22657,15790,771433,19,19,3,7,
22658,3329,771433,3,4,4,8,
22659,2406,771433,3,4,4,8,
22660,18957,771433,31,31,3,8,
22661,14432,771433,3,4,4,7,
22662,11523,771433,25,25,3,8,
22663,11929,771433,3,4,4,8,
22664,13673,771433,31,31,3,9,
22665,8371,771433,17,17,3,8,
22666,6843,771433,3,4,4,8,
22667,1937,771433,3,4,4,9,
22668,2086,771433,3,4,4,8,
22669,1660,771433,3,4,4,8,
22670,14583,771433,27,27,3,7,
22671,1056,771433,3,4,4,6,
22672,7132,771433,17,17,3,8,
22673,13051,771433,23,23,3,8,
22674,18796,771433,13,13,3,7,
22675,7001,771433,3,4,4,8,
22676,2385,771433,3,4,4,8,
22677,12533,771433,3,4,4,9,
22678,12614,771433,25,25,3,8,
22679,9540,771433,19,19,3,9,
22680,18233,771433,25,25,3,8,
22681,10399,771433,21,21,3,9,
22682,1699,771433,3,4,4,9,
22683,10497,771433,15,15,3,9,
22684,17426,771433,31,31,3,9,
22685,17496,771433,31,31,3,8,
22686,10252,771433,23,23,3,8,
22687,11264,771433,3,4,4,8,
22688,6102,771433,3,4,4,9,
22689,1862,771433,3,4,4,8,
22690,8494,771433,13,13,3,8,
22691,8061,771433,3,4,4,9,
22692,24929,771433,31,31,3,7,
22693,1066,771433,3,4,4,9,
22694,15721,771433,29,29,3,8,
22695,15658,771433,3,4,4,8,
22696,9558,771433,3,4,4,9,
22697,16796,771433,25,25,3,8,
22698,2044,771433,3,4,4,9,
22699,1959,771433,3,4,4,8,
22700,15762,771433,3,4,4,8,
22701,9055,771433,15,15,3,8,
22702,7204,771433,13,13,3,8,
22703,13711,771433,23,23,3,8,
22704,12216,771433,27,27,3,9,
22705,11492,771433,3,4,4,8,
22706,12775,771433,3,4,4,9,
22707,5588,771433,13,13,3,8,
22708,953,771433,3,4,4,8,
22709,7193,771433,15,15,3,7,
22710,6402,771433,3,4,4,9,
22711,7930,771433,13,13,3,8,
22712,28406,771433,33,33,3,7,
22713,960,771433,3,4,4,7,
22714,17198,771433,29,29,3,9,
22715,2878,771433,3,4,4,8,
22716,20961,771433,29,30,3,7,
22717,14211,771433,31,31,3,7,
22718,12648,771433,23,23,3,8,
22719,13789,771433,27,27,3,8,
22720,12595,771433,3,4,4,8,
22721,12859,771433,3,4,4,8,
22722,12913,771433,3,4,4,7,
22723,21698,771433,3,4,4,9,
22724,2166,771433,3,4,4,8,
22725,3097,771433,3,4,4,7,
22726,1141,771433,3,4,4,8,
22727,2277,771433,3,4,4,8,
22728,20505,771433,33,33,3,8,
22729,8443,771433,17,17,3,7,
22730,10815,771433,21,21,3,8,
22731,21247,771433,31,31,3,8,
22732,1072,771433,3,4,4,7,
22733,15835,771433,27,27,3,8,
22734,10989,771433,3,4,4,8,
22735,15346,771433,3,4,4,9,
22736,14665,771433,3,4,4,9,
22737,13671,771433,3,4,4,8,
22738,24884,771433,33,33,3,9,
22739,17476,771433,31,31,3,9,
22740,3247,771433,3,4,4,9,
22741,1411,771433,3,4,4,9,
22742,1878,771433,3,4,4,8,
22743,12836,771433,17,17,3,8,
22744,11895,771433,15,15,3,8,
22745,24950,771433,31,31,3,9,
22746,25300,771433,3,4,4,9,
22747,1189,771433,3,4,4,8,
22748,22097,771433,23,23,3,8,
22749,37959,771433,29,29,3,8,
22750,747,771433,3,4,4,8,
22751,1034,771433,3,4,4,8,
22752,14145,771433,21,22,3,8,
22753,13944,771433,3,4,4,8,
22754,12315,771433,23,23,3,7,
22755,10748,771433,13,13,3,8,
22756,35460,771433,31,31,3,8,
22757,15765,771433,19,19,3,9,
22758,22149,771433,25,25,3,7,
22759,10976,771433,15,15,3,7,
22760,18044,771433,25,25,3,8,
22761,11186,771433,3,4,4,9,
22762,12627,771433,15,15,3,8,
22763,17258,771433,3,4,4,9,
22764,22350,771433,31,31,3,8,
22765,2256,771433,3,4,4,8,
22766,10247,771433,17,17,3,7,
22767,9076,771433,15,15,3,8,
22768,10030,771433,3,4,4,8,
22769,13214,771433,3,4,4,9,
22770,4502,771433,3,4,4,8,
22771,2517,771433,3,4,4,8,
22772,4185,771433,3,4,4,8,
22773,2486,771433,3,4,4,6,
22774,44973,771433,31,31,3,8,
22775,51680,771433,33,33,3,8,
22776,3130,771433,3,4,4,8,
22777,37273,771433,13,13,3,8,
22778,42209,771433,19,19,3,7,
22779,43679,771433,3,4,4,8,
22780,38203,771433,27,27,3,8,
22781,38486,771433,3,4,4,8,
22782,32350,771433,3,4,4,8,
22783,45550,771433,27,27,3,9,
22784,8392,771433,3,4,4,8,
22785,13213,771433,21,21,3,8,
22786,13562,771433,19,19,3,8,
22787,2227,771433,3,4,4,9,
22788,20821,771433,21,21,3,8,
22789,1638,771433,3,4,4,9,
22790,2781,771433,3,4,4,9,
22791,2702,771433,3,4,4,8,
22792,5781,771433,3,4,4,8,
22793,22441,771433,31,31,3,9,
22794,2043,771433,3,4,4,9,
22795,23218,771433,3,4,4,8,
22796,13503,771433,23,23,3,9,
22797,19449,771433,27,27,3,8,
22798,1873,771433,3,4,4,9,
22799,17498,771433,27,27,3,7,
22800,1193,771433,3,4,4,7,
22801,18273,771433,21,21,3,7,
22802,2495,771433,3,4,4,9,
22803,17679,771433,3,4,4,7,
22804,2256,771433,3,4,4,9,
22805,26087,771433,33,33,3,9,
22806,26338,771433,3,4,4,9,
22807,7697,771433,3,4,4,9,
22808,9212,771433,3,4,4,7,
22809,5262,771433,3,4,4,8,
22810,2481,771433,3,4,4,7,
22811,5314,771433,3,4,4,9,
22812,2931,771433,3,4,4,7,
22813,17505,771433,21,21,3,7,
22814,18802,771433,25,25,3,6,
22815,19226,771433,17,17,3,6,
22816,14775,771433,13,13,3,8,
22817,18314,771433,33,33,3,8,
22818,19192,771433,3,4,4,7,
22819,20192,771433,3,4,4,6,
22820,7874,771433,13,13,3,8,
22821,1609,771433,3,4,4,8,
22822,7129,771433,13,13,3,8,
22823,9655,771433,3,4,4,7,
22824,4900,771433,3,4,4,9,
22825,2092,771433,3,4,4,7,
22826,3667,771433,3,4,4,8,
22827,2159,771433,3,4,4,7,
22828,4930,771433,3,4,4,5,
22829,22044,771433,17,17,3,7,
22830,1584,771433,3,4,4,5,
22831,25651,771433,33,33,3,7,
22832,9610,771433,13,13,3,7,
22833,1508,771433,3,4,4,4,
22834,21998,771433,21,21,3,6,
22835,4068,771433,3,4,4,7,
22836,15732,771433,19,19,3,6,
22837,3313,771433,3,4,4,7,
22838,1730,771433,3,4,4,7,
22839,3023,771433,3,4,4,8,
22840,14409,771433,27,27,3,9,
22841,27723,771433,21,22,3,8,
22842,23536,771433,31,31,3,9,
22843,8870,771433,17,17,3,8,
22844,6543,771433,13,13,3,8,
22845,13843,771433,21,21,3,9,
22846,15355,771433,3,4,4,9,
22847,21750,771433,31,31,3,8,
22848,4332,771433,3,4,4,8,
22849,17029,771433,25,25,3,9,
22850,17718,771433,25,25,3,9,
22851,2617,771433,3,4,4,8,
22852,16892,771433,29,29,3,9,
22853,7894,771433,15,15,3,8,
22854,1911,771433,3,4,4,9,
22855,6907,771433,15,15,3,9,
22856,8989,771433,17,17,3,9,
22857,17905,771433,33,33,3,9,
22858,12741,771433,17,17,3,9,
22859,8592,771433,21,21,3,8,
22860,6917,771433,13,13,3,8,
22861,7151,771433,3,4,4,8,
22862,5128,771433,3,4,4,9,
22863,12578,771433,19,19,3,9,
22864,12305,771433,3,4,4,9,
22865,12527,771433,19,19,3,8,
22866,2126,771433,3,4,4,8,
22867,9525,771433,13,13,3,8,
22868,16436,771433,17,17,3,9,
22869,18266,771433,27,27,3,8,
22870,20769,771433,25,25,3,9,
22871,9852,771433,19,19,3,8,
22872,14793,771433,31,31,3,8,
22873,13839,771433,27,27,3,8,
22874,11659,771433,15,15,3,9,
22875,23137,771433,25,25,3,8,
22876,22343,771433,31,31,3,9,
22877,5503,771433,3,4,4,8,
22878,10398,771433,3,4,4,8,
22879,17813,771433,29,29,3,8,
22880,19455,771433,25,25,3,8,
22881,4064,771433,3,4,4,8,
22882,11057,771433,15,15,3,9,
22883,12372,771433,3,4,4,9,
22884,941,771433,3,4,4,7,
22885,14351,771433,33,33,3,7,
22886,2624,771433,3,4,4,8,
22887,14553,771433,3,4,4,8,
22888,9781,771433,15,15,3,9,
22889,8471,771433,3,4,4,8,
22890,3196,771433,3,4,4,9,
22891,7716,771433,15,15,3,8,
22892,11259,771433,29,29,3,9,
22893,11619,771433,3,4,4,9,
22894,1883,771433,3,4,4,9,
22895,6443,771433,3,4,4,8,
22896,3413,771433,3,4,4,8,
22897,1456,771433,3,4,4,8,
22898,1364,771433,3,4,4,9,
22899,16780,771433,33,33,3,8,
22900,1897,771433,3,4,4,9,
22901,1792,771433,3,4,4,8,
22902,2700,771433,3,4,4,8,
22903,16433,771433,3,4,4,8,
22904,14145,771433,29,29,3,9,
22905,2205,771433,3,4,4,8,
22906,14329,771433,3,4,4,8,
22907,1238,771433,3,4,4,8,
22908,1021,771433,3,4,4,8,
22909,10418,771433,19,19,3,9,
22910,8259,771433,21,21,3,8,
22911,12893,771433,27,27,3,8,
22912,7911,771434,3,4,4,8,
22913,18256,771434,27,27,3,9,
22914,18010,771434,3,4,4,9,
22915,1262,771434,3,4,4,8,
22916,2206,771434,3,4,4,9,
22917,9461,771434,19,19,3,9,
22918,25510,771434,33,33,3,8,
22919,11429,771434,21,21,3,9,
22920,24296,771434,33,33,3,7,
22921,2094,771434,3,4,4,8,
22922,19236,771434,29,29,3,9,
22923,1862,771434,3,4,4,8,
22924,6938,771434,3,4,4,8,
22925,999,771434,3,4,4,9,
22926,1639,771434,3,4,4,9,
22927,16078,771434,33,33,3,9,
22928,6079,771434,13,13,3,9,
22929,8589,771434,13,13,3,9,
22930,14082,771434,23,23,3,8,
22931,23986,771434,33,33,3,9,
22932,12540,771434,19,19,3,9,
22933,20117,771434,23,23,3,8,
22934,22005,771434,33,33,3,9,
22935,17258,771434,3,4,4,9,
22936,10821,771434,13,13,3,8,
22937,10049,771434,21,21,3,9,
22938,7750,771434,21,21,3,8,
22939,12211,771434,25,25,3,8,
22940,991,771434,3,4,4,8,
22941,8751,771434,21,21,3,9,
22942,9093,771434,3,4,4,8,
22943,5306,771434,3,4,4,9,
22944,8637,771434,27,27,3,7,
22945,11978,771434,31,31,3,7,
22946,13897,771434,3,4,4,8,
22947,6407,771434,13,13,3,8,
22948,7568,771434,19,19,3,8,
22949,8778,771434,21,21,3,7,
22950,6286,771434,3,4,4,9,
22951,12895,771434,31,31,3,8,
22952,6861,771434,3,4,4,9,
22953,13610,771434,3,4,4,9,
22954,4076,771434,3,4,4,8,
22955,1170,771434,3,4,4,9,
22956,1320,771434,3,4,4,8,
22957,2213,771434,3,4,4,8,
22958,1352,771434,3,4,4,7,
22959,1964,771434,3,4,4,7,
22960,1450,771434,3,4,4,8,
22961,6486,771434,13,13,3,7,
22962,3448,771434,3,4,4,8,
22963,2580,771434,3,4,4,8,
22964,2661,771434,3,4,4,8,
22965,7805,771434,19,19,3,9,
22966,8581,771434,21,21,3,8,
22967,11347,771434,23,23,3,8,
22968,7724,771434,17,17,3,8,
22969,7687,771434,3,4,4,8,
22970,18589,771434,21,21,3,8,
22971,7226,771434,3,4,4,8,
22972,9607,771434,15,15,3,9,
22973,5572,771434,15,15,3,8,
22974,14865,771434,33,33,3,8,
22975,38824,771434,33,33,3,9,
22976,1887,771434,3,4,4,8,
22977,10171,771434,27,27,3,8,
22978,2190,771434,3,4,4,8,
22979,11374,771434,3,4,4,9,
22980,7841,771434,21,21,3,8,
22981,11319,771434,27,27,3,9,
22982,9908,771434,3,4,4,8,
22983,11257,771434,3,4,4,9,
22984,6628,771434,3,4,4,8,
22985,1317,771434,3,4,4,8,
22986,10174,771434,19,19,3,8,
22987,2706,771434,3,4,4,8,
22988,13137,771434,25,25,3,7,
22989,15820,771434,25,25,3,8,
22990,3093,771434,3,4,4,8,
22991,10756,771434,19,19,3,8,
22992,17233,771434,23,23,3,9,
22993,23835,771434,33,33,3,8,
22994,1695,771434,3,4,4,9,
22995,18765,771434,29,29,3,8,
22996,6712,771434,13,13,3,9,
22997,6706,771434,3,4,4,9,
22998,2764,771434,3,4,4,9,
22999,1935,771434,3,4,4,8,
23000,2154,771434,3,4,4,8,
23001,1930,771434,3,4,4,9,
23002,8527,771434,13,13,3,8,
23003,1647,771434,3,4,4,8,
23004,12693,771434,3,4,4,9,
23005,7798,771434,15,15,3,8,
23006,1614,771434,3,4,4,8,
23007,13699,771434,23,23,3,8,
23008,20256,771434,31,31,3,8,
23009,19586,771434,15,15,3,8,
23010,10211,771434,21,21,3,9,
23011,1315,771434,3,4,4,9,
23012,19024,771434,25,25,3,8,
23013,11229,771434,13,13,3,8,
23014,13323,771434,21,21,3,9,
23015,1741,771434,3,4,4,9,
23016,8729,771434,3,4,4,8,
23017,6568,771434,13,13,3,9,
23018,10840,771434,23,23,3,9,
23019,20324,771434,29,29,3,8,
23020,15108,771434,25,25,3,9,
23021,9408,771434,15,15,3,8,
23022,1537,771434,3,4,4,9,
23023,18592,771434,29,29,3,9,
23024,20605,771434,27,27,3,8,
23025,15884,771434,25,25,3,8,
23026,9532,771434,21,21,3,9,
23027,13325,771434,17,17,3,9,
23028,5180,771434,3,4,4,9,
23029,12299,771434,17,17,3,8,
23030,12865,771434,25,25,3,9,
23031,13190,771434,3,4,4,8,
23032,13448,771434,25,25,3,9,
23033,14479,771434,3,4,4,9,
23034,18018,771434,31,31,3,8,
23035,4280,771434,3,4,4,9,
23036,19031,771434,33,33,3,9,
23037,4180,771434,3,4,4,8,
23038,8454,771434,15,15,3,9,
23039,7754,771434,3,4,4,9,
23040,2556,771434,3,4,4,8,
23041,1545,771434,3,4,4,8,
23042,2064,771434,3,4,4,9,
23043,13820,771434,31,31,3,8,
23044,17107,771434,27,27,3,8,
23045,8103,771434,19,19,3,8,
23046,1394,771434,3,4,4,9,
23047,9509,771434,15,15,3,9,
23048,13848,771434,23,23,3,8,
23049,9392,771434,3,4,4,9,
23050,8500,771434,15,15,3,8,
23051,11132,771434,21,21,3,9,
23052,5173,771434,3,4,4,8,
23053,5226,771434,3,4,4,8,
23054,2471,771434,3,4,4,9,
23055,2478,771434,3,4,4,8,
23056,4349,771434,3,4,4,8,
23057,13713,771434,25,25,3,8,
23058,1492,771434,3,4,4,8,
23059,15004,771434,25,25,3,8,
23060,1641,771434,3,4,4,7,
23061,13123,771434,3,4,4,9,
23062,2682,771434,3,4,4,7,
23063,14510,771434,3,4,4,8,
23064,7685,771434,21,21,3,7,
23065,1242,771434,3,4,4,8,
23066,3068,771434,3,4,4,8,
23067,2318,771434,3,4,4,8,
23068,5742,771434,15,15,3,8,
23069,10588,771434,21,21,3,8,
23070,3105,771434,3,4,4,9,
23071,9802,771434,3,4,4,8,
23072,18146,771434,29,29,3,9,
23073,5744,771434,13,13,3,8,
23074,23302,771434,33,33,3,8,
23075,15561,771434,31,31,3,9,
23076,13005,771434,21,21,3,8,
23077,16794,771434,29,29,3,8,
23078,8921,771434,17,17,3,9,
23079,1929,771434,3,4,4,9,
23080,1967,771434,3,4,4,9,
23081,15940,771434,33,33,3,8,
23082,10653,771434,19,19,3,9,
23083,12011,771434,27,27,3,9,
23084,9469,771434,3,4,4,9,
23085,2537,771434,3,4,4,8,
23086,11174,771434,29,29,3,9,
23087,8366,771434,3,4,4,7,
23088,14391,771434,13,13,3,8,
23089,10838,771434,25,25,3,8,
23090,1143,771434,3,4,4,9,
23091,12775,771434,29,29,3,8,
23092,13265,771434,3,4,4,9,
23093,3992,771434,3,4,4,8,
23094,8274,771434,3,4,4,9,
23095,2306,771434,3,4,4,9,
23096,10244,771434,21,21,3,8,
23097,11393,771434,15,15,3,8,
23098,18270,771434,33,33,3,8,
23099,9791,771434,3,4,4,8,
23100,15393,771434,29,29,3,8,
23101,15115,771434,29,29,3,9,
23102,14903,771434,3,4,4,8,
23103,16401,771434,33,33,3,8,
23104,14286,771434,25,25,3,9,
23105,8472,771434,23,23,3,9,
23106,14024,771434,33,33,3,8,
23107,15027,771434,3,4,4,8,
23108,8955,771434,3,4,4,9,
23109,13051,771434,29,29,3,8,
23110,6630,771434,3,4,4,9,
23111,12948,771434,31,31,3,8,
23112,18556,771434,33,33,3,8,
23113,18757,771434,3,4,4,8,
23114,12106,771434,3,4,4,8,
23115,9666,771434,3,4,4,8,
23116,1956,771434,3,4,4,9,
23117,6505,771434,15,15,3,8,
23118,2414,771434,3,4,4,9,
23119,9191,771434,19,19,3,9,
23120,2507,771434,3,4,4,9,
23121,9166,771434,17,17,3,9,
23122,8971,771434,3,4,4,8,
23123,1456,771434,3,4,4,8,
23124,7191,771434,21,21,3,8,
23125,12857,771434,29,29,3,8,
23126,9238,771434,27,27,3,8,
23127,10131,771434,27,27,3,8,
23128,9882,771434,3,4,4,8,
23129,5215,771434,3,4,4,9,
23130,12218,771434,27,27,3,8,
23131,12157,771434,25,25,3,8,
23132,12752,771434,3,4,4,8,
23133,2607,771434,3,4,4,9,
23134,9998,771434,21,21,3,9,
23135,12308,771434,21,21,3,9,
23136,31295,771434,3,4,4,9,
23137,2085,771434,3,4,4,9,
23138,3467,771434,3,4,4,8,
23139,2061,771434,3,4,4,8,
23140,8838,771434,17,17,3,8,
23141,35882,771434,31,31,3,8,
23142,19549,771434,13,13,3,8,
23143,34766,771434,3,4,4,9,
23144,1902,771434,3,4,4,8,
23145,2135,771434,3,4,4,8,
23146,26697,771434,17,17,3,9,
23147,15651,771434,3,4,4,7,
23148,26576,771434,3,4,4,9,
23149,30863,771434,27,27,3,7,
23150,29710,771434,29,29,3,8,
23151,8996,771434,13,13,3,7,
23152,9702,771434,3,4,4,8,
23153,7245,771434,13,13,3,9,
23154,10313,771434,3,4,4,9,
23155,11717,771434,29,29,3,8,
23156,7184,771434,15,15,3,8,
23157,6418,771434,3,4,4,8,
23158,11080,771434,3,4,4,8,
23159,6719,771434,3,4,4,9,
23160,1530,771434,3,4,4,9,
23161,12918,771434,27,27,3,9,
23162,12557,771434,3,4,4,8,
23163,11891,771434,23,23,3,8,
23164,8286,771434,17,17,3,9,
23165,14185,771434,27,27,3,8,
23166,15180,771434,33,33,3,8,
23167,7785,771434,3,4,4,9,
23168,16401,771434,33,33,3,9,
23169,13759,771434,29,29,3,9,
23170,14451,771434,3,4,4,9,
23171,4876,771434,13,13,3,9,
23172,4766,771434,3,4,4,9,
23173,13133,771434,19,19,3,8,
23174,3378,771434,3,4,4,9,
23175,13939,771434,3,4,4,9,
23176,1589,771434,3,4,4,8,
23177,9210,771434,19,19,3,8,
23178,8138,771434,17,17,3,9,
23179,9000,771434,3,4,4,8,
23180,21764,771434,33,33,3,9,
23181,6025,771434,19,19,3,9,
23182,14933,771434,25,25,3,8,
23183,1763,771434,3,4,4,9,
23184,17532,771434,29,29,3,9,
23185,18188,771434,3,4,4,9,
23186,7428,771434,17,17,3,9,
23187,1828,771434,3,4,4,9,
23188,9276,771434,19,19,3,9,
23189,14642,771434,29,29,3,8,
23190,2007,771434,3,4,4,9,
23191,15151,771434,3,4,4,8,
23192,14614,771434,33,33,3,8,
23193,7763,771434,15,15,3,9,
23194,3935,771434,3,4,4,9,
23195,14899,771434,29,29,3,8,
23196,1563,771434,3,4,4,8,
23197,8487,771434,13,13,3,9,
23198,13378,771434,25,25,3,8,
23199,8430,771434,3,4,4,9,
23200,12870,771434,23,23,3,8,
23201,2744,771434,3,4,4,9,
23202,2552,771434,3,4,4,8,
23203,16307,771434,33,33,3,7,
23204,2644,771434,3,4,4,8,
23205,8613,771434,3,4,4,9,
23206,13799,771434,25,25,3,8,
23207,18730,771434,33,33,3,9,
23208,1474,771434,3,4,4,8,
23209,18925,771434,3,4,4,9,
23210,810,771434,3,4,4,8,
23211,1565,771434,3,4,4,9,
23212,8704,771434,19,19,3,8,
23213,9057,771434,3,4,4,8,
23214,4545,771434,13,13,3,8,
23215,7584,771434,15,15,3,9,
23216,7888,771434,3,4,4,8,
23217,4077,771434,3,4,4,9,
23218,18572,771434,25,25,3,9,
23219,30724,771434,29,29,3,8,
23220,4994,771434,13,13,3,9,
23221,1722,771434,3,4,4,8,
23222,5567,771434,3,4,4,8,
23223,1525,771434,3,4,4,8,
23224,1239,771434,3,4,4,8,
23225,933,771434,3,4,4,8,
23226,8294,771434,21,21,3,8,
23227,11382,771434,27,27,3,8,
23228,9179,771434,3,4,4,8,
23229,14480,771434,31,31,3,9,
23230,1805,771434,3,4,4,8,
23231,15864,771434,19,19,3,9,
23232,14146,771434,27,27,3,9,
23233,8182,771434,21,21,3,8,
23234,14312,771434,23,23,3,8,
23235,13726,771434,29,29,3,8,
23236,14164,771434,3,4,4,9,
23237,4302,771434,3,4,4,9,
23238,7425,771434,15,15,3,8,
23239,14908,771434,3,4,4,8,
23240,11898,771434,27,27,3,8,
23241,13715,771434,3,4,4,9,
23242,2898,771434,3,4,4,9,
23243,5083,771434,13,13,3,8,
23244,2870,771434,3,4,4,9,
23245,10116,771434,25,25,3,8,
23246,1937,771434,3,4,4,9,
23247,1750,771434,3,4,4,7,
23248,2414,771434,3,4,4,9,
23249,2677,771434,3,4,4,9,
23250,1734,771434,3,4,4,7,
23251,19332,771434,25,25,3,8,
23252,2392,771434,3,4,4,8,
23253,2558,771434,3,4,4,8,
23254,14329,771434,27,27,3,8,
23255,14950,771434,21,21,3,8,
23256,18977,771434,19,19,3,8,
23257,13188,771434,19,19,3,8,
23258,2754,771434,3,4,4,8,
23259,14506,771434,23,23,3,8,
23260,21259,771434,33,33,3,9,
23261,1573,771434,3,4,4,8,
23262,19899,771434,17,17,3,9,
23263,1376,771434,3,4,4,9,
23264,2193,771434,3,4,4,9,
23265,25518,771434,31,31,3,8,
23266,12590,771434,23,23,3,9,
23267,1389,771434,3,4,4,8,
23268,13764,771434,27,27,3,9,
23269,15642,771434,23,23,3,8,
23270,8293,771434,21,21,3,7,
23271,15394,771434,3,4,4,9,
23272,7471,771434,3,4,4,9,
23273,4498,771434,13,13,3,8,
23274,15418,771434,33,33,3,9,
23275,11585,771434,25,25,3,8,
23276,1423,771434,3,4,4,8,
23277,11474,771434,3,4,4,8,
23278,7738,771434,17,17,3,8,
23279,5008,771434,13,13,3,9,
23280,4653,771434,3,4,4,8,
23281,5276,771434,3,4,4,8,
23282,1093,771434,3,4,4,7,
23283,19548,771434,33,33,3,7,
23284,2190,771434,3,4,4,9,
23285,19766,771434,3,4,4,7,
23286,7438,771434,15,15,3,8,
23287,2136,771434,3,4,4,8,
23288,16059,771434,25,25,3,8,
23289,8128,771434,19,19,3,8,
23290,17488,771434,31,31,3,9,
23291,14213,771434,29,29,3,8,
23292,14922,771434,21,21,3,8,
23293,15501,771434,3,4,4,8,
23294,4048,771434,3,4,4,9,
23295,1878,771434,3,4,4,8,
23296,8836,771434,17,17,3,8,
23297,10735,771434,27,27,3,8,
23298,6944,771434,15,15,3,8,
23299,4964,771434,3,4,4,8,
23300,1041,771434,3,4,4,7,
23301,14902,771434,31,31,3,8,
23302,2207,771434,3,4,4,7,
23303,1531,771434,3,4,4,7,
23304,15942,771434,31,31,3,8,
23305,2230,771434,3,4,4,7,
23306,7666,771434,17,17,3,8,
23307,13414,771434,31,31,3,7,
23308,16992,771434,3,4,4,8,
23309,14796,771434,33,33,3,8,
23310,13222,771434,3,4,4,7,
23311,1960,771434,3,4,4,8,
23312,14264,771434,3,4,4,9,
23313,6063,771434,13,13,3,9,
23314,5664,771434,3,4,4,9,
23315,8119,771434,23,23,3,8,
23316,17036,771434,33,33,3,9,
23317,16487,771434,3,4,4,9,
23318,18751,771434,33,33,3,8,
23319,9209,771434,13,13,3,9,
23320,6859,771434,13,13,3,8,
23321,3356,771434,3,4,4,8,
23322,10394,771434,19,19,3,8,
23323,12689,771434,31,31,3,8,
23324,7940,771434,13,13,3,8,
23325,1862,771434,3,4,4,9,
23326,1253,771434,3,4,4,9,
23327,1547,771434,3,4,4,8,
23328,2467,771434,3,4,4,9,
23329,5796,771434,15,15,3,8,
23330,6717,771434,15,15,3,8,
23331,5694,771434,3,4,4,8,
23332,14242,771434,21,21,3,9,
23333,7699,771434,3,4,4,8,
23334,1184,771434,3,4,4,8,
23335,3964,771434,3,4,4,8,
23336,1259,771434,3,4,4,9,
23337,2266,771434,3,4,4,8,
23338,1621,771434,3,4,4,8,
23339,2410,771434,3,4,4,9,
23340,2880,771434,3,4,4,7,
23341,9915,771434,3,4,4,8,
23342,1455,771434,3,4,4,8,
23343,3312,771434,3,4,4,8,
23344,1861,771434,3,4,4,8,
23345,1784,771434,3,4,4,8,
23346,3161,771434,3,4,4,9,
23347,16348,771434,27,27,3,8,
23348,2639,771434,3,4,4,8,
23349,1411,771434,3,4,4,8,
23350,3486,771434,3,4,4,8,
23351,16227,771434,23,23,3,8,
23352,2274,771434,3,4,4,9,
23353,1830,771434,3,4,4,8,
23354,13981,771434,24,25,3,8,
23355,3595,771434,3,4,4,8,
23356,1781,771434,3,4,4,8,
23357,14167,771434,3,4,4,9,
23358,15081,771434,27,27,3,8,
23359,18921,771434,31,31,3,8,
23360,12738,771434,31,31,3,8,
23361,18874,771434,3,4,4,8,
23362,22521,771434,33,33,3,8,
23363,5889,771434,15,15,3,9,
23364,16878,771434,3,4,4,8,
23365,11083,771434,17,17,3,8,
23366,28631,771434,33,33,3,8,
23367,11407,771434,3,4,4,8,
23368,29125,771434,3,4,4,8,
23369,830,771434,3,4,4,8,
23370,941,771434,3,4,4,8,
23371,9339,771434,15,15,3,8,
23372,6667,771434,3,4,4,8,
23373,18584,771434,29,29,3,9,
23374,10392,771434,17,17,3,9,
23375,1715,771434,3,4,4,9,
23376,2125,771434,3,4,4,7,
23377,2859,771434,3,4,4,8,
23378,20613,771434,31,31,3,9,
23379,2199,771434,3,4,4,8,
23380,2953,771434,3,4,4,8,
23381,16445,771434,33,33,3,8,
23382,19819,771434,31,31,3,8,
23383,12280,771434,17,17,3,8,
23384,21477,771434,31,31,3,9,
23385,16444,771434,23,23,3,8,
23386,6682,771434,3,4,4,9,
23387,14774,771434,27,27,3,8,
23388,14486,771434,3,4,4,8,
23389,6369,771434,3,4,4,9,
23390,11510,771434,25,25,3,9,
23391,10920,771434,3,4,4,8,
23392,2380,771434,3,4,4,9,
23393,7727,771434,15,15,3,8,
23394,9529,771434,17,17,3,8,
23395,1663,771434,3,4,4,9,
23396,1674,771434,3,4,4,8,
23397,9716,771434,21,21,3,8,
23398,23516,771434,33,33,3,8,
23399,23987,771434,3,4,4,9,
23400,9708,771434,15,15,3,9,
23401,14561,771434,33,33,3,8,
23402,1702,771434,3,4,4,8,
23403,2927,771434,3,4,4,8,
23404,16087,771434,19,19,3,8,
23405,15912,771434,25,25,3,8,
23406,16582,771434,33,33,3,8,
23407,13333,771434,27,27,3,9,
23408,10736,771434,19,19,3,8,
23409,12037,771434,19,19,3,8,
23410,13350,771434,13,13,3,9,
23411,10969,771434,31,31,3,8,
23412,2401,771434,3,4,4,9,
23413,11213,771434,3,4,4,8,
23414,12437,771434,25,25,3,9,
23415,7688,771434,19,19,3,8,
23416,5998,771434,15,15,3,9,
23417,22863,771434,25,25,3,8,
23418,15242,771434,31,31,3,9,
23419,4991,771434,3,4,4,9,
23420,14784,771434,3,4,4,9,
23421,8126,771434,3,4,4,9,
23422,14602,771434,31,31,3,8,
23423,22647,771434,31,31,3,9,
23424,16012,771434,27,27,3,8,
23425,11379,771434,23,23,3,9,
23426,11266,771434,3,4,4,9,
23427,15901,771434,21,21,3,9,
23428,17958,771434,29,29,3,8,
23429,1945,771434,3,4,4,9,
23430,12744,771434,21,21,3,8,
23431,12879,771434,3,4,4,8,
23432,2041,771434,3,4,4,8,
23433,17184,771434,29,29,3,9,
23434,8453,771434,17,17,3,9,
23435,10504,771434,15,15,3,8,
23436,13391,771434,27,27,3,8,
23437,13037,771434,27,27,3,9,
23438,4020,771434,3,4,4,8,
23439,9505,771434,3,4,4,8,
23440,13286,771434,31,31,3,8,
23441,1558,771434,3,4,4,8,
23442,1931,771434,3,4,4,9,
23443,8784,771434,17,17,3,7,
23444,17424,771434,33,33,3,9,
23445,16107,771434,29,29,3,9,
23446,17408,771434,3,4,4,9,
23447,10113,771434,3,4,4,8,
23448,1775,771434,3,4,4,8,
23449,3501,771434,3,4,4,8,
23450,2345,771434,3,4,4,8,
23451,2731,771434,3,4,4,8,
23452,3443,771434,3,4,4,9,
23453,15624,771434,27,27,3,7,
23454,8745,771434,17,17,3,8,
23455,2537,771434,3,4,4,8,
23456,21575,771434,31,31,3,9,
23457,1656,771434,3,4,4,9,
23458,13391,771434,27,27,3,8,
23459,2287,771434,3,4,4,8,
23460,11932,771434,19,19,3,9,
23461,10400,771434,17,17,3,9,
23462,20819,771434,27,27,3,8,
23463,9083,771434,3,4,4,8,
23464,2081,771434,3,4,4,8,
23465,14940,771434,3,4,4,9,
23466,1474,771434,3,4,4,9,
23467,1445,771434,3,4,4,9,
23468,6126,771434,13,13,3,9,
23469,15372,771434,31,31,3,9,
23470,14440,771434,33,33,3,9,
23471,17135,771434,33,33,3,8,
23472,6336,771434,13,13,3,9,
23473,17495,771434,3,4,4,8,
23474,6036,771434,15,15,3,8,
23475,13610,771434,21,21,3,9,
23476,13220,771434,27,27,3,9,
23477,1729,771434,3,4,4,9,
23478,2009,771434,3,4,4,8,
23479,12955,771434,3,4,4,9,
23480,14070,771434,29,29,3,8,
23481,12313,771434,25,25,3,8,
23482,11150,771434,19,19,3,9,
23483,5196,771434,3,4,4,9,
23484,9856,771434,3,4,4,8,
23485,1952,771434,3,4,4,8,
23486,2562,771434,3,4,4,8,
23487,9677,771434,19,19,3,8,
23488,11359,771434,19,19,3,8,
23489,9214,771434,3,4,4,8,
23490,27516,771434,23,23,3,8,
23491,30973,771434,29,29,3,8,
23492,31062,771434,3,4,4,9,
23493,1799,771434,3,4,4,8,
23494,1264,771434,3,4,4,8,
23495,1390,771434,3,4,4,8,
23496,1865,771434,3,4,4,8,
23497,1951,771434,3,4,4,8,
23498,33617,771434,31,31,3,8,
23499,24747,771434,13,13,3,9,
23500,32809,771434,25,25,3,8,
23501,24005,771434,3,4,4,7,
23502,1278,771434,3,4,4,8,
23503,22935,771434,15,15,3,8,
23504,22783,771434,3,4,4,8,
23505,3332,771434,3,4,4,9,
23506,2506,771434,3,4,4,8,
23507,9376,771434,17,17,3,8,
23508,1507,771434,3,4,4,7,
23509,10485,771434,3,4,4,8,
23510,1362,771434,3,4,4,7,
23511,22016,771434,33,33,3,8,
23512,2217,771434,3,4,4,8,
23513,1946,771434,3,4,4,6,
23514,9383,771434,13,13,3,8,
23515,12583,771434,19,19,3,7,
23516,17690,771434,31,31,3,8,
23517,11223,771434,23,23,3,8,
23518,18378,771434,3,4,4,8,
23519,1391,771434,3,4,4,8,
23520,8684,771434,13,13,3,8,
23521,3379,771434,3,4,4,9,
23522,9352,771434,3,4,4,9,
23523,3694,771434,3,4,4,9,
23524,14407,771434,21,21,3,9,
23525,14283,771434,15,15,3,8,
23526,19000,771434,33,33,3,8,
23527,22621,771434,31,31,3,9,
23528,23053,771434,3,4,4,8,
23529,21369,771434,33,33,3,8,
23530,22163,771434,3,4,4,8,
23531,17554,771434,25,25,3,8,
23532,16204,771434,33,33,3,8,
23533,17918,771434,3,4,4,8,
23534,15577,771434,27,27,3,8,
23535,7117,771434,3,4,4,9,
23536,15412,771434,25,25,3,9,
23537,21411,771434,23,23,3,8,
23538,22963,771434,23,23,3,7,
23539,4803,771434,3,4,4,8,
23540,34663,771434,21,21,3,7,
23541,9707,771434,17,17,3,8,
23542,15250,771434,25,25,3,8,
23543,10392,771434,3,4,4,8,
23544,18871,771434,3,4,4,9,
23545,3478,771434,3,4,4,9,
23546,21184,771434,29,29,3,9,
23547,14658,771434,29,29,3,8,
23548,9086,771434,3,4,4,8,
23549,2895,771434,3,4,4,9,
23550,24795,771434,31,31,3,7,
23551,24247,771434,3,4,4,8,
23552,19843,771434,27,27,3,8,
23553,2309,771434,3,4,4,7,
23554,13806,771434,19,19,3,9,
23555,16471,771434,3,4,4,7,
23556,17121,771434,27,27,3,7,
23557,13322,771434,3,4,4,8,
23558,4601,771434,3,4,4,9,
23559,10169,771434,21,21,3,8,
23560,10795,771434,3,4,4,8,
23561,2435,771434,3,4,4,7,
23562,23980,771434,19,19,3,8,
23563,12771,771434,17,17,3,9,
23564,2097,771434,3,4,4,5,
23565,12443,771434,3,4,4,7,
23566,1062,771434,3,4,4,6,
23567,14817,771434,21,21,3,8,
23568,13636,771434,19,19,3,8,
23569,21271,771434,23,23,3,7,
23570,18593,771434,25,25,3,7,
23571,32869,771434,31,31,3,7,
23572,20973,771434,33,33,3,8,
23573,22309,771434,31,31,3,9,
23574,22002,771434,31,31,3,8,
23575,26582,771434,29,29,3,9,
23576,20571,771434,3,4,4,7,
23577,17857,771434,29,29,3,8,
23578,6174,771434,3,4,4,8,
23579,11666,771434,25,25,3,9,
23580,11792,771434,3,4,4,8,
23581,18778,771434,29,29,3,9,
23582,2220,771434,3,4,4,9,
23583,12657,771434,13,13,3,9,
23584,14442,771434,25,25,3,8,
23585,2297,771434,3,4,4,8,
23586,9692,771434,3,4,4,8,
23587,5856,771434,3,4,4,7,
23588,20086,771434,29,29,3,8,
23589,12722,771434,17,17,3,8,
23590,21726,771434,3,4,4,9,
23591,12783,771434,3,4,4,9,
23592,1963,771434,3,4,4,8,
23593,11618,771434,17,17,3,8,
23594,25892,771434,31,31,3,7,
23595,27063,771434,3,4,4,8,
23596,13141,771434,15,15,3,8,
23597,18351,771434,31,31,3,7,
23598,17893,771434,27,27,3,8,
23599,16837,771434,25,25,3,9,
23600,18550,771434,3,4,4,8,
23601,11225,771434,3,4,4,9,
23602,3628,771434,3,4,4,9,
23603,10415,771434,17,17,3,8,
23604,3686,771434,3,4,4,9,
23605,3554,771434,3,4,4,8,
23606,26003,771434,21,21,3,8,
23607,17890,771434,17,17,3,8,
23608,21336,771434,31,31,3,9,
23609,22485,771434,21,21,3,8,
23610,25677,771434,3,4,4,8,
23611,3225,771434,3,4,4,8,
23612,27677,771434,31,31,3,8,
23613,21960,771434,27,27,3,8,
23614,17123,771434,15,15,3,8,
23615,3873,771434,3,4,4,8,
23616,19287,771434,21,21,3,8,
23617,20280,771434,21,22,3,9,
23618,16315,771434,3,4,4,9,
23619,12979,771434,19,19,3,8,
23620,17403,771434,27,27,3,8,
23621,8673,771434,13,13,3,9,
23622,10689,771434,15,15,3,8,
23623,14724,771434,3,4,4,8,
23624,17006,771434,21,21,3,8,
23625,5463,771434,13,13,3,9,
23626,4740,771434,3,4,4,8,
23627,2655,771434,3,4,4,8,
23628,2713,771434,3,4,4,8,
23629,15598,771434,31,31,3,8,
23630,2476,771434,3,4,4,9,
23631,15552,771434,3,4,4,9,
23632,1572,771434,3,4,4,7,
23633,11495,771434,21,21,3,8,
23634,16142,771434,27,27,3,8,
23635,2276,771434,3,4,4,9,
23636,8265,771434,13,13,3,8,
23637,15205,771434,33,33,3,8,
23638,25486,771434,29,29,3,8,
23639,1855,771434,3,4,4,9,
23640,1649,771434,3,4,4,8,
23641,5053,771434,13,13,3,8,
23642,14871,771434,23,23,3,8,
23643,9254,771434,3,4,4,8,
23644,6932,771434,17,17,3,8,
23645,7034,771434,3,4,4,9,
23646,15350,771434,17,17,3,8,
23647,1069,771434,3,4,4,8,
23648,17082,771434,33,33,3,8,
23649,13330,771434,29,29,3,8,
23650,1992,771434,3,4,4,9,
23651,12276,771434,3,4,4,7,
23652,1909,771434,3,4,4,8,
23653,12064,771434,27,27,3,8,
23654,14062,771434,3,4,4,8,
23655,7513,771434,19,19,3,9,
23656,7399,771434,3,4,4,9,
23657,5877,771434,3,4,4,8,
23658,2786,771434,3,4,4,7,
23659,15034,771434,17,17,3,7,
23660,1518,771434,3,4,4,6,
23661,21333,771434,27,27,3,8,
23662,5910,771434,13,13,3,8,
23663,1629,771434,3,4,4,7,
23664,8637,771434,15,15,3,7,
23665,2803,771434,3,4,4,8,
23666,13375,771434,25,25,3,8,
23667,2217,771434,3,4,4,8,
23668,11375,771434,19,19,3,7,
23669,10767,771434,21,21,3,8,
23670,5492,771434,13,13,3,9,
23671,5678,771434,3,4,4,8,
23672,12962,771434,27,27,3,8,
23673,8754,771434,3,4,4,8,
23674,12255,771434,17,17,3,8,
23675,8580,771434,13,13,3,8,
23676,12804,771434,3,4,4,8,
23677,1581,771434,3,4,4,8,
23678,14846,771434,29,29,3,8,
23679,14803,771434,33,33,3,8,
23680,1854,771434,3,4,4,8,
23681,12611,771434,19,19,3,9,
23682,2674,771434,3,4,4,9,
23683,14527,771434,29,29,3,8,
23684,12117,771434,3,4,4,8,
23685,3922,771434,3,4,4,8,
23686,9195,771434,13,13,3,9,
23687,17946,771434,23,23,3,9,
23688,2282,771434,3,4,4,9,
23689,17279,771434,3,4,4,8,
23690,10123,771434,13,13,3,9,
23691,17785,771434,29,29,3,9,
23692,13128,771434,25,25,3,8,
23693,12953,771434,31,31,3,8,
23694,10789,771434,17,17,3,8,
23695,7813,771434,13,13,3,9,
23696,13780,771434,29,29,3,9,
23697,24032,771434,31,31,3,8,
23698,9692,771434,3,4,4,9,
23699,23338,771434,23,23,3,8,
23700,5980,771434,13,13,3,8,
23701,31307,771434,33,33,3,8,
23702,5699,771434,3,4,4,9,
23703,19335,771434,33,33,3,8,
23704,13424,771434,17,17,3,9,
23705,2188,771434,3,4,4,9,
23706,2907,771434,3,4,4,9,
23707,12549,771434,29,29,3,9,
23708,15094,771434,15,15,3,8,
23709,1764,771434,3,4,4,9,
23710,1900,771434,3,4,4,9,
23711,8782,771434,23,23,3,8,
23712,1918,771434,3,4,4,9,
23713,11843,771434,23,23,3,8,
23714,15091,771434,29,29,3,9,
23715,1286,771434,3,4,4,7,
23716,6084,771434,3,4,4,8,
23717,1943,771434,3,4,4,9,
23718,7930,771434,15,15,3,8,
23719,1289,771434,3,4,4,8,
23720,1125,771434,3,4,4,8,
23721,1963,771434,3,4,4,8,
23722,16711,771434,29,29,3,7,
23723,1788,771434,3,4,4,8,
23724,4867,771434,3,4,4,7,
23725,5350,771434,3,4,4,8,
23726,11082,771434,3,4,4,8,
23727,2109,771434,3,4,4,9,
23728,12251,771434,19,19,3,8,
23729,16725,771434,33,33,3,8,
23730,16359,771434,3,4,4,9,
23731,6659,771434,17,17,3,8,
23732,2174,771434,3,4,4,8,
23733,15392,771434,31,31,3,9,
23734,1211,771434,3,4,4,8,
23735,6705,771434,15,15,3,8,
23736,6906,771434,3,4,4,9,
23737,17985,771434,33,33,3,8,
23738,5003,771434,13,13,3,8,
23739,11094,771434,21,21,3,9,
23740,7350,771434,15,15,3,9,
23741,1053,771434,3,4,4,9,
23742,1044,771434,3,4,4,9,
23743,2386,771434,3,4,4,8,
23744,2583,771434,3,4,4,8,
23745,12781,771434,25,25,3,8,
23746,5337,771434,3,4,4,9,
23747,13184,771434,27,27,3,8,
23748,7731,771434,13,13,3,9,
23749,13752,771434,3,4,4,9,
23750,7301,771434,3,4,4,8,
23751,9036,771434,17,17,3,8,
23752,6847,771434,17,17,3,9,
23753,8987,771434,3,4,4,9,
23754,7194,771434,3,4,4,8,
23755,13643,771434,29,29,3,9,
23756,13587,771434,3,4,4,9,
23757,1336,771434,3,4,4,8,
23758,2374,771434,3,4,4,7,
23759,2338,771434,3,4,4,7,
23760,1784,771434,3,4,4,7,
23761,2936,771434,3,4,4,7,
23762,2011,771434,3,4,4,8,
23763,1619,771434,3,4,4,7,
23764,9208,771434,19,19,3,7,
23765,12004,771434,21,22,3,7,
23766,2333,771434,3,4,4,8,
23767,2387,771434,3,4,4,8,
23768,15175,771434,25,25,3,7,
23769,10151,771434,15,15,3,7,
23770,1374,771434,3,4,4,8,
23771,9452,771434,19,19,3,9,
23772,1803,771434,3,4,4,8,
23773,18853,771434,15,15,3,8,
23774,1811,771434,3,4,4,9,
23775,7741,771434,19,19,3,9,
23776,29365,771434,27,27,3,9,
23777,17266,771434,27,27,3,9,
23778,8513,771434,3,4,4,9,
23779,17192,771434,3,4,4,9,
23780,13229,771434,25,25,3,8,
23781,19392,771434,29,29,3,8,
23782,11922,771434,29,29,3,9,
23783,8356,771434,19,19,3,9,
23784,1589,771434,3,4,4,9,
23785,8530,771434,19,19,3,8,
23786,9650,771434,3,4,4,9,
23787,6047,771434,17,17,3,8,
23788,9719,771434,23,23,3,9,
23789,8236,771434,3,4,4,9,
23790,9028,771434,3,4,4,9,
23791,1419,771434,3,4,4,9,
23792,2472,771434,3,4,4,8,
23793,11246,771434,25,25,3,9,
23794,14141,771434,33,33,3,8,
23795,11793,771434,3,4,4,9,
23796,1809,771434,3,4,4,9,
23797,11699,771434,23,23,3,8,
23798,16060,771434,33,33,3,8,
23799,14332,771434,33,33,3,8,
23800,6691,771434,13,13,3,9,
23801,13881,771434,3,4,4,8,
23802,6271,771434,3,4,4,9,
23803,8225,771434,3,4,4,9,
23804,2185,771434,3,4,4,8,
23805,2425,771434,3,4,4,8,
23806,10481,771434,15,15,3,8,
23807,7690,771434,13,13,3,8,
23808,6424,771434,3,4,4,8,
23809,14441,771434,23,23,3,8,
23810,1878,771434,3,4,4,8,
23811,7754,771434,3,4,4,9,
23812,9567,771434,15,15,3,9,
23813,15426,771434,33,33,3,9,
23814,12121,771434,25,25,3,7,
23815,2189,771434,3,4,4,8,
23816,14376,771434,27,27,3,8,
23817,10946,771434,21,21,3,9,
23818,2347,771434,3,4,4,8,
23819,11334,771434,3,4,4,9,
23820,34717,771434,31,31,3,8,
23821,5960,771434,3,4,4,9,
23822,11337,771434,27,27,3,8,
23823,8485,771434,3,4,4,8,
23824,1558,771434,3,4,4,9,
23825,31178,771434,23,23,3,8,
23826,45825,771434,21,21,3,8,
23827,4413,771434,3,4,4,8,
23828,3454,771434,3,4,4,7,
23829,35123,771434,21,21,3,8,
23830,27157,771434,21,21,3,7,
23831,32486,771434,15,15,3,8,
23832,34606,771434,3,4,4,9,
23833,31509,771434,27,27,3,7,
23834,32160,771434,27,27,3,8,
23835,35596,771435,33,33,3,9,
23836,23622,771435,29,30,3,8,
23837,18619,771435,29,29,3,8,
23838,4420,771435,3,4,4,8,
23839,5558,771435,3,4,4,8,
23840,12492,771435,29,29,3,8,
23841,16278,771435,27,27,3,9,
23842,16120,771435,19,19,3,8,
23843,15817,771435,3,4,4,8,
23844,17893,771435,33,33,3,9,
23845,1450,771435,3,4,4,9,
23846,18521,771435,23,23,3,9,
23847,14591,771435,21,21,3,9,
23848,6868,771435,3,4,4,9,
23849,9153,771435,21,21,3,8,
23850,1639,771435,3,4,4,8,
23851,2302,771435,3,4,4,8,
23852,15840,771435,31,31,3,8,
23853,4166,771435,3,4,4,8,
23854,10405,771435,19,19,3,9,
23855,16194,771435,3,4,4,8,
23856,11360,771435,25,25,3,9,
23857,3504,771435,3,4,4,9,
23858,13019,771435,25,25,3,8,
23859,7472,771435,19,19,3,8,
23860,9667,771435,21,21,3,8,
23861,13770,771435,23,23,3,9,
23862,13617,771435,3,4,4,9,
23863,8966,771435,3,4,4,8,
23864,3396,771435,3,4,4,9,
23865,13222,771435,31,31,3,9,
23866,2075,771435,3,4,4,8,
23867,10221,771435,25,25,3,8,
23868,2148,771435,3,4,4,8,
23869,12128,771435,29,29,3,8,
23870,20336,771435,27,27,3,8,
23871,1761,771435,3,4,4,8,
23872,10345,771435,3,4,4,8,
23873,11675,771435,3,4,4,8,
23874,16265,771435,29,29,3,8,
23875,5036,771435,13,13,3,9,
23876,8352,771435,15,15,3,8,
23877,10607,771435,25,25,3,9,
23878,11748,771435,3,4,4,9,
23879,12329,771435,3,4,4,9,
23880,2095,771435,3,4,4,8,
23881,1780,771435,3,4,4,8,
23882,4529,771435,3,4,4,9,
23883,14669,771435,31,31,3,8,
23884,14428,771435,29,29,3,8,
23885,9645,771435,25,25,3,8,
23886,14964,771435,3,4,4,9,
23887,2466,771435,3,4,4,9,
23888,15132,771435,25,25,3,8,
23889,13556,771435,29,29,3,8,
23890,9663,771435,15,15,3,9,
23891,26132,771435,31,31,3,8,
23892,1692,771435,3,4,4,9,
23893,1612,771435,3,4,4,9,
23894,5562,771435,3,4,4,8,
23895,15397,771435,33,33,3,9,
23896,19970,771435,17,17,3,9,
23897,7921,771435,15,15,3,8,
23898,12941,771435,29,29,3,9,
23899,14535,771435,33,33,3,8,
23900,7649,771435,3,4,4,8,
23901,11998,771435,3,4,4,9,
23902,13086,771435,23,23,3,8,
23903,13996,771435,3,4,4,8,
23904,2030,771435,3,4,4,9,
23905,17675,771435,31,31,3,9,
23906,18227,771435,3,4,4,9,
23907,6760,771435,13,13,3,9,
23908,5988,771435,15,15,3,8,
23909,17324,771435,29,29,3,9,
23910,18833,771435,29,29,3,9,
23911,2736,771435,3,4,4,8,
23912,6219,771435,15,15,3,9,
23913,1669,771435,3,4,4,8,
23914,6189,771435,3,4,4,8,
23915,12574,771435,3,4,4,8,
23916,1940,771435,3,4,4,8,
23917,9271,771435,23,23,3,8,
23918,1634,771435,3,4,4,9,
23919,2582,771435,3,4,4,9,
23920,2568,771435,3,4,4,8,
23921,2101,771435,3,4,4,9,
23922,14056,771435,21,21,3,8,
23923,11949,771435,27,27,3,8,
23924,14781,771435,3,4,4,7,
23925,12369,771435,3,4,4,9,
23926,2376,771435,3,4,4,9,
23927,11775,771435,21,21,3,8,
23928,8181,771435,25,25,3,9,
23929,11602,771435,3,4,4,8,
23930,13830,771435,27,27,3,9,
23931,10205,771435,23,23,3,7,
23932,11522,771435,23,23,3,8,
23933,8348,771435,3,4,4,8,
23934,1258,771435,3,4,4,8,
23935,3050,771435,3,4,4,7,
23936,1757,771435,3,4,4,8,
23937,1404,771435,3,4,4,7,
23938,10520,771435,15,15,3,8,
23939,2503,771435,3,4,4,9,
23940,12691,771435,17,17,3,8,
23941,16696,771435,27,27,3,7,
23942,11230,771435,23,23,3,8,
23943,3782,771435,3,4,4,8,
23944,1674,771435,3,4,4,9,
23945,13436,771435,21,21,3,9,
23946,13444,771435,3,4,4,9,
23947,1739,771435,3,4,4,8,
23948,1189,771435,3,4,4,8,
23949,8979,771435,17,17,3,8,
23950,2089,771435,3,4,4,9,
23951,18046,771435,33,33,3,9,
23952,2065,771435,3,4,4,9,
23953,5308,771435,13,13,3,9,
23954,5453,771435,3,4,4,8,
23955,8242,771435,3,4,4,9,
23956,1502,771435,3,4,4,9,
23957,26721,771435,31,31,3,8,
23958,5719,771435,13,13,3,8,
23959,16393,771435,21,21,3,9,
23960,13199,771435,17,17,3,8,
23961,5952,771435,3,4,4,7,
23962,1408,771435,3,4,4,8,
23963,1697,771435,3,4,4,8,
23964,2145,771435,3,4,4,8,
23965,2223,771435,3,4,4,8,
23966,2549,771435,3,4,4,8,
23967,1669,771435,3,4,4,8,
23968,24608,771435,33,33,3,8,
23969,1665,771435,3,4,4,7,
23970,21093,771435,29,29,3,8,
23971,24314,771435,3,4,4,8,
23972,22214,771435,3,4,4,9,
23973,3075,771435,3,4,4,9,
23974,26805,771435,27,27,3,9,
23975,10956,771435,15,15,3,9,
23976,14009,771435,31,31,3,9,
23977,11851,771435,29,29,3,9,
23978,15925,771435,31,31,3,9,
23979,14572,771435,29,29,3,8,
23980,10937,771435,23,23,3,8,
23981,1055,771435,3,4,4,9,
23982,1498,771435,3,4,4,8,
23983,12678,771435,23,23,3,9,
23984,2180,771435,3,4,4,8,
23985,16221,771435,25,25,3,9,
23986,1917,771435,3,4,4,8,
23987,14816,771435,29,29,3,8,
23988,11132,771435,29,29,3,8,
23989,14550,771435,3,4,4,7,
23990,11218,771435,3,4,4,9,
23991,9491,771435,21,21,3,8,
23992,947,771435,3,4,4,8,
23993,7046,771435,3,4,4,8,
23994,1241,771435,3,4,4,9,
23995,15480,771435,29,29,3,8,
23996,14947,771435,25,25,3,8,
23997,5961,771435,3,4,4,8,
23998,10065,771435,25,25,3,8,
23999,2383,771435,3,4,4,8,
24000,10549,771435,3,4,4,8,
24001,2445,771435,3,4,4,8,
24002,8136,771435,15,15,3,7,
24003,2448,771435,3,4,4,8,
24004,2312,771435,3,4,4,7,
24005,9479,771435,19,19,3,7,
24006,10695,771435,13,13,3,8,
24007,17283,771435,31,31,3,9,
24008,13432,771435,23,23,3,8,
24009,9615,771435,3,4,4,9,
24010,2335,771435,3,4,4,8,
24011,18472,771435,33,33,3,7,
24012,12102,771435,27,27,3,8,
24013,4911,771435,13,13,3,8,
24014,1984,771435,3,4,4,9,
24015,14189,771435,31,31,3,8,
24016,6780,771435,3,4,4,9,
24017,13938,771435,3,4,4,8,
24018,9678,771435,23,23,3,9,
24019,9683,771435,3,4,4,8,
24020,5058,771435,3,4,4,9,
24021,10281,771435,25,25,3,9,
24022,10928,771435,3,4,4,7,
24023,4071,771435,15,15,3,8,
24024,4483,771435,3,4,4,9,
24025,6998,771435,3,4,4,8,
24026,6469,771435,13,13,3,8,
24027,2085,771435,3,4,4,8,
24028,13053,771435,27,27,3,8,
24029,8448,771435,19,19,3,8,
24030,1506,771435,3,4,4,8,
24031,8735,771435,3,4,4,8,
24032,2490,771435,3,4,4,8,
24033,1856,771435,3,4,4,7,
24034,2824,771435,3,4,4,9,
24035,19972,771435,31,31,3,8,
24036,2252,771435,3,4,4,9,
24037,1722,771435,3,4,4,7,
24038,8867,771435,3,4,4,8,
24039,20296,771435,3,4,4,8,
24040,13034,771435,31,31,3,9,
24041,1076,771435,3,4,4,8,
24042,6470,771435,13,13,3,8,
24043,1055,771435,3,4,4,8,
24044,8344,771435,17,17,3,9,
24045,8671,771435,3,4,4,9,
24046,1432,771435,3,4,4,9,
24047,1624,771435,3,4,4,8,
24048,11388,771435,21,21,3,9,
24049,14625,771435,31,31,3,8,
24050,11312,771435,3,4,4,9,
24051,5797,771435,3,4,4,9,
24052,7520,771435,15,15,3,9,
24053,9162,771435,15,15,3,8,
24054,13217,771435,31,31,3,9,
24055,16079,771435,29,29,3,9,
24056,9566,771435,17,17,3,8,
24057,6303,771435,3,4,4,9,
24058,2658,771435,3,4,4,9,
24059,9181,771435,13,13,3,8,
24060,2327,771435,3,4,4,9,
24061,13123,771435,23,23,3,8,
24062,6672,771435,3,4,4,9,
24063,1185,771435,3,4,4,9,
24064,2416,771435,3,4,4,8,
24065,15120,771435,27,27,3,9,
24066,12361,771435,15,15,3,8,
24067,19881,771435,25,25,3,8,
24068,6465,771435,3,4,4,8,
24069,9501,771435,15,15,3,9,
24070,9557,771435,19,19,3,8,
24071,20945,771435,29,29,3,8,
24072,7006,771435,3,4,4,9,
24073,16582,771435,27,27,3,8,
24074,9913,771435,13,13,3,9,
24075,10965,771435,17,17,3,9,
24076,1510,771435,3,4,4,8,
24077,10602,771435,3,4,4,8,
24078,11875,771435,15,15,3,8,
24079,14008,771435,25,25,3,8,
24080,14741,771435,25,25,3,8,
24081,13474,771435,33,33,3,8,
24082,9131,771435,21,21,3,8,
24083,15121,771435,19,19,3,9,
24084,9781,771435,17,17,3,9,
24085,9779,771435,3,4,4,8,
24086,5250,771435,3,4,4,9,
24087,11808,771435,27,27,3,8,
24088,2300,771435,3,4,4,8,
24089,1688,771435,3,4,4,8,
24090,2168,771435,3,4,4,8,
24091,10286,771435,19,19,3,8,
24092,8066,771435,3,4,4,8,
24093,17711,771435,33,33,3,9,
24094,14150,771435,31,31,3,8,
24095,10405,771435,3,4,4,8,
24096,14434,771435,3,4,4,8,
24097,1889,771435,3,4,4,9,
24098,5941,771435,13,13,3,8,
24099,6002,771435,3,4,4,8,
24100,19145,771435,33,33,3,8,
24101,12933,771435,25,25,3,8,
24102,10133,771435,3,4,4,9,
24103,12287,771435,23,23,3,9,
24104,1524,771435,3,4,4,8,
24105,16300,771435,25,25,3,8,
24106,1896,771435,3,4,4,9,
24107,1909,771435,3,4,4,9,
24108,2071,771435,3,4,4,8,
24109,10413,771435,17,17,3,8,
24110,8626,771435,13,13,3,8,
24111,13437,771435,25,25,3,9,
24112,8244,771435,3,4,4,9,
24113,2118,771435,3,4,4,9,
24114,17317,771435,31,31,3,8,
24115,16701,771435,3,4,4,8,
24116,11415,771435,27,27,3,9,
24117,6057,771435,3,4,4,9,
24118,1554,771435,3,4,4,9,
24119,14352,771435,33,33,3,8,
24120,4894,771435,3,4,4,9,
24121,8994,771435,23,23,3,8,
24122,14256,771435,3,4,4,9,
24123,8947,771435,25,25,3,8,
24124,9544,771435,3,4,4,8,
24125,8437,771435,21,21,3,9,
24126,9120,771435,3,4,4,8,
24127,9590,771435,25,25,3,8,
24128,6995,771435,3,4,4,8,
24129,2000,771435,3,4,4,8,
24130,2940,771435,3,4,4,7,
24131,11484,771435,23,23,3,9,
24132,15813,771435,27,27,3,7,
24133,13994,771435,25,25,3,8,
24134,2756,771435,3,4,4,9,
24135,1670,771435,3,4,4,7,
24136,2474,771435,3,4,4,8,
24137,45954,771435,23,23,3,9,
24138,2054,771435,3,4,4,8,
24139,14326,771435,21,21,3,8,
24140,19716,771435,33,33,3,8,
24141,11939,771435,21,21,3,8,
24142,10116,771435,23,23,3,8,
24143,12002,771435,3,4,4,8,
24144,16313,771435,33,33,3,9,
24145,4801,771435,3,4,4,8,
24146,8340,771435,15,15,3,8,
24147,38734,771435,27,27,3,9,
24148,36525,771435,3,4,4,6,
24149,34024,771435,29,29,3,7,
24150,1967,771435,3,4,4,9,
24151,31910,771435,21,21,3,8,
24152,36814,771435,3,4,4,8,
24153,5224,771435,17,17,3,9,
24154,2338,771435,3,4,4,8,
24155,28351,771435,3,4,4,7,
24156,1845,771435,3,4,4,9,
24157,31984,771435,19,19,3,8,
24158,24087,771435,3,4,4,8,
24159,33859,771435,31,31,3,8,
24160,20653,771435,31,31,3,7,
24161,28598,771435,27,27,3,7,
24162,17178,771435,19,19,3,7,
24163,1895,771435,3,4,4,7,
24164,12608,771435,17,17,3,8,
24165,20329,771435,17,17,3,9,
24166,23673,771435,27,27,3,9,
24167,24417,771435,3,4,4,8,
24168,21122,771435,3,4,4,9,
24169,27731,771435,23,23,3,9,
24170,18516,771435,3,4,4,9,
24171,15126,771435,13,13,3,8,
24172,15405,771435,21,21,3,9,
24173,15950,771435,19,19,3,8,
24174,3803,771435,3,4,4,8,
24175,1816,771435,3,4,4,8,
24176,11494,771435,19,19,3,8,
24177,11387,771435,19,19,3,8,
24178,11750,771435,3,4,4,8,
24179,7235,771435,15,15,3,9,
24180,4896,771435,13,13,3,8,
24181,9347,771435,17,17,3,9,
24182,11073,771435,19,19,3,8,
24183,13270,771435,17,17,3,8,
24184,13815,771435,3,4,4,8,
24185,3814,771435,3,4,4,9,
24186,16461,771435,27,27,3,9,
24187,14829,771435,29,29,3,8,
24188,8648,771435,19,19,3,9,
24189,1667,771435,3,4,4,9,
24190,8625,771435,3,4,4,8,
24191,19638,771435,29,29,3,9,
24192,19619,771435,3,4,4,9,
24193,8827,771435,13,13,3,9,
24194,6875,771435,17,17,3,8,
24195,23568,771435,29,29,3,8,
24196,1389,771435,3,4,4,9,
24197,25361,771435,33,33,3,8,
24198,11626,771435,19,19,3,8,
24199,28150,771435,31,31,3,8,
24200,1283,771435,3,4,4,9,
24201,15612,771435,25,25,3,7,
24202,8397,771435,15,15,3,8,
24203,1388,771435,3,4,4,9,
24204,2375,771435,3,4,4,9,
24205,12873,771435,17,17,3,9,
24206,15334,771435,27,27,3,9,
24207,1585,771435,3,4,4,8,
24208,7713,771435,21,21,3,8,
24209,4313,771435,13,13,3,8,
24210,15995,771435,33,33,3,8,
24211,8220,771435,3,4,4,9,
24212,12379,771435,3,4,4,9,
24213,11865,771435,13,13,3,8,
24214,24184,771435,25,25,3,9,
24215,15639,771435,29,29,3,9,
24216,15975,771435,29,29,3,8,
24217,20186,771435,29,29,3,9,
24218,17850,771435,29,29,3,9,
24219,15442,771435,33,33,3,8,
24220,3591,771435,3,4,4,8,
24221,21039,771435,23,23,3,9,
24222,7739,771435,15,15,3,8,
24223,2111,771435,3,4,4,9,
24224,10858,771435,17,17,3,8,
24225,14669,771435,27,27,3,9,
24226,15561,771435,33,33,3,9,
24227,11754,771435,19,19,3,8,
24228,20038,771435,31,31,3,8,
24229,13610,771435,25,25,3,8,
24230,2828,771435,3,4,4,8,
24231,14372,771435,3,4,4,8,
24232,1850,771435,3,4,4,8,
24233,10896,771435,23,23,3,7,
24234,9328,771435,19,19,3,9,
24235,6375,771435,13,13,3,9,
24236,7186,771435,3,4,4,9,
24237,2926,771435,3,4,4,8,
24238,8633,771435,3,4,4,9,
24239,17427,771435,31,31,3,8,
24240,1633,771435,3,4,4,8,
24241,17506,771435,3,4,4,8,
24242,1500,771435,3,4,4,8,
24243,1648,771435,3,4,4,8,
24244,2440,771435,3,4,4,8,
24245,15568,771435,25,25,3,7,
24246,9452,771435,23,23,3,8,
24247,8283,771435,13,13,3,8,
24248,2674,771435,3,4,4,8,
24249,9658,771435,3,4,4,9,
24250,9787,771435,17,17,3,8,
24251,7492,771435,13,13,3,9,
24252,5887,771435,17,17,3,8,
24253,15292,771435,31,31,3,8,
24254,11088,771435,19,19,3,7,
24255,1503,771435,3,4,4,7,
24256,2184,771435,3,4,4,8,
24257,2858,771435,3,4,4,8,
24258,1637,771435,3,4,4,8,
24259,2635,771435,3,4,4,8,
24260,7217,771435,15,15,3,8,
24261,1705,771435,3,4,4,8,
24262,2700,771435,3,4,4,7,
24263,1174,771435,3,4,4,7,
24264,12591,771435,31,31,3,7,
24265,1407,771435,3,4,4,7,
24266,1785,771435,3,4,4,8,
24267,12814,771435,3,4,4,7,
24268,12485,771435,31,31,3,8,
24269,6299,771435,3,4,4,8,
24270,12880,771435,3,4,4,8,
24271,1430,771435,3,4,4,9,
24272,1968,771435,3,4,4,9,
24273,2330,771435,3,4,4,8,
24274,2492,771435,3,4,4,8,
24275,654,771435,3,4,4,8,
24276,5171,771435,15,15,3,8,
24277,2445,771435,3,4,4,7,
24278,5887,771435,3,4,4,8,
24279,2100,771435,3,4,4,8,
24280,1257,771435,3,4,4,8,
24281,1723,771435,3,4,4,8,
24282,9701,771435,23,23,3,8,
24283,1931,771435,3,4,4,8,
24284,9738,771435,3,4,4,8,
24285,1846,771435,3,4,4,7,
24286,13574,771435,31,31,3,7,
24287,10526,771435,21,21,3,8,
24288,1431,771435,3,4,4,8,
24289,13361,771435,3,4,4,6,
24290,9779,771435,3,4,4,7,
24291,1715,771435,3,4,4,8,
24292,7520,771435,17,17,3,9,
24293,8078,771435,3,4,4,7,
24294,4410,771435,13,13,3,9,
24295,5905,771435,15,15,3,8,
24296,1625,771435,3,4,4,9,
24297,2663,771435,3,4,4,8,
24298,10274,771435,27,27,3,6,
24299,10500,771435,3,4,4,6,
24300,1700,771435,3,4,4,7,
24301,1526,771435,3,4,4,8,
24302,1512,771435,3,4,4,7,
24303,1806,771435,3,4,4,6,
24304,735,771435,3,4,4,7,
24305,5202,771435,13,13,3,5,
24306,1822,771435,3,4,4,6,
24307,10762,771435,33,33,3,7,
24308,1543,771435,3,4,4,3,
24309,11600,771435,25,25,3,6,
24310,549,771435,3,4,4,4,
24311,2622,771435,3,4,4,7,
24312,11166,771435,19,19,3,6,
24313,13420,771435,25,25,3,6,
24314,17989,771435,29,29,3,6,
24315,11770,771435,3,4,4,7,
24316,10870,771435,13,13,3,8,
24317,11996,771435,3,4,4,8,
24318,2358,771435,3,4,4,9,
24319,10736,771435,19,19,3,8,
24320,4915,771435,13,13,3,8,
24321,13517,771435,29,29,3,9,
24322,13645,771435,27,27,3,9,
24323,17481,771435,31,31,3,9,
24324,2473,771435,3,4,4,8,
24325,2658,771435,3,4,4,9,
24326,2064,771435,3,4,4,7,
24327,2842,771435,3,4,4,8,
24328,10617,771435,3,4,4,8,
24329,22952,771435,31,31,3,9,
24330,1962,771435,3,4,4,8,
24331,2692,771435,3,4,4,8,
24332,12140,771435,21,21,3,9,
24333,2411,771435,3,4,4,8,
24334,14484,771435,29,29,3,8,
24335,12191,771435,17,17,3,8,
24336,2040,771435,3,4,4,8,
24337,19352,771435,3,4,4,8,
24338,16373,771435,27,27,3,9,
24339,10019,771435,21,21,3,9,
24340,16971,771435,27,27,3,8,
24341,13518,771435,23,23,3,9,
24342,4343,771435,3,4,4,8,
24343,2900,771435,3,4,4,8,
24344,10401,771435,15,15,3,8,
24345,8501,771435,19,19,3,8,
24346,11016,771435,3,4,4,8,
24347,17454,771435,31,31,3,9,
24348,12784,771435,29,29,3,9,
24349,4314,771435,3,4,4,9,
24350,14503,771435,27,27,3,9,
24351,3583,771435,3,4,4,8,
24352,14450,771435,3,4,4,9,
24353,1646,771435,3,4,4,8,
24354,3047,771435,3,4,4,9,
24355,1233,771435,3,4,4,7,
24356,8151,771435,13,13,3,8,
24357,21311,771435,33,33,3,8,
24358,996,771435,3,4,4,8,
24359,13896,771435,15,15,3,8,
24360,15881,771435,17,17,3,9,
24361,17778,771435,27,27,3,8,
24362,21336,771435,25,25,3,8,
24363,19234,771435,33,33,3,8,
24364,17718,771435,25,25,3,8,
24365,10686,771435,3,4,4,9,
24366,23374,771435,33,33,3,8,
24367,10603,771435,15,15,3,9,
24368,17754,771435,21,21,3,8,
24369,1519,771435,3,4,4,8,
24370,13688,771435,19,19,3,8,
24371,10173,771435,13,13,3,8,
24372,13941,771435,27,27,3,9,
24373,9216,771435,3,4,4,9,
24374,5915,771435,13,13,3,7,
24375,2512,771435,3,4,4,8,
24376,5257,771435,13,13,3,9,
24377,1022,771435,3,4,4,8,
24378,9216,771435,19,19,3,8,
24379,9132,771435,3,4,4,9,
24380,4619,771435,3,4,4,8,
24381,7898,771435,19,19,3,9,
24382,9067,771435,19,19,3,9,
24383,9973,771435,3,4,4,8,
24384,9667,771435,23,23,3,7,
24385,1929,771435,3,4,4,8,
24386,5189,771435,3,4,4,8,
24387,10414,771435,3,4,4,9,
24388,7378,771435,23,23,3,8,
24389,7897,771435,3,4,4,8,
24390,1938,771435,3,4,4,8,
24391,1797,771435,3,4,4,9,
24392,1769,771435,3,4,4,8,
24393,1291,771435,3,4,4,8,
24394,1593,771435,3,4,4,8,
24395,1636,771435,3,4,4,8,
24396,2816,771435,3,4,4,8,
24397,2009,771435,3,4,4,8,
24398,9232,771435,17,17,3,8,
24399,10453,771435,3,4,4,8,
24400,1826,771435,3,4,4,8,
24401,15088,771435,27,27,3,8,
24402,2354,771435,3,4,4,8,
24403,2021,771435,3,4,4,7,
24404,7444,771435,21,21,3,8,
24405,2586,771435,3,4,4,8,
24406,2983,771435,3,4,4,8,
24407,2188,771435,3,4,4,9,
24408,2877,771435,3,4,4,8,
24409,2907,771435,3,4,4,8,
24410,8431,771435,13,13,3,9,
24411,2725,771435,3,4,4,8,
24412,2843,771435,3,4,4,8,
24413,8047,771435,3,4,4,9,
24414,1620,771435,3,4,4,8,
24415,8803,771435,17,17,3,8,
24416,1311,771435,3,4,4,8,
24417,14320,771435,29,29,3,8,
24418,8822,771435,15,15,3,8,
24419,2148,771435,3,4,4,9,
24420,15367,771435,25,25,3,7,
24421,14424,771435,29,29,3,8,
24422,11517,771435,23,23,3,9,
24423,13992,771435,3,4,4,8,
24424,2156,771435,3,4,4,9,
24425,2636,771435,3,4,4,8,
24426,1967,771435,3,4,4,9,
24427,7996,771435,3,4,4,8,
24428,9798,771435,3,4,4,7,
24429,1440,771435,3,4,4,8,
24430,2094,771435,3,4,4,9,
24431,5029,771435,15,15,3,8,
24432,2211,771435,3,4,4,9,
24433,7758,771435,21,21,3,8,
24434,7901,771435,3,4,4,9,
24435,1765,771435,3,4,4,7,
24436,3036,771435,3,4,4,8,
24437,8163,771435,19,19,3,9,
24438,3279,771435,3,4,4,7,
24439,7943,771435,3,4,4,7,
24440,1104,771435,3,4,4,7,
24441,2235,771435,3,4,4,7,
24442,808,771435,3,4,4,7,
24443,7750,771435,19,19,3,8,
24444,1745,771435,3,4,4,7,
24445,10663,771435,23,23,3,9,
24446,1702,771435,3,4,4,8,
24447,12825,771435,23,23,3,7,
24448,1879,771435,3,4,4,8,
24449,9754,771435,3,4,4,8,
24450,6990,771435,3,4,4,9,
24451,13359,771435,3,4,4,8,
24452,1730,771435,3,4,4,9,
24453,1340,771435,3,4,4,8,
24454,19070,771435,33,33,3,8,
24455,11694,771435,19,19,3,9,
24456,13983,771435,25,25,3,8,
24457,13050,771435,23,23,3,9,
24458,13531,771435,29,29,3,8,
24459,12920,771435,3,4,4,9,
24460,15190,771435,31,31,3,9,
24461,14635,771435,3,4,4,8,
24462,15697,771435,29,29,3,8,
24463,15194,771435,31,31,3,9,
24464,2590,771435,3,4,4,9,
24465,15578,771435,33,33,3,7,
24466,13413,771435,31,31,3,8,
24467,15234,771435,3,4,4,8,
24468,1748,771435,3,4,4,9,
24469,7213,771435,15,15,3,9,
24470,6764,771435,3,4,4,9,
24471,11166,771435,3,4,4,8,
24472,1136,771435,3,4,4,8,
24473,7053,771435,15,15,3,8,
24474,7086,771435,3,4,4,9,
24475,9442,771435,25,25,3,8,
24476,10385,771435,3,4,4,8,
24477,11253,771435,25,25,3,9,
24478,11581,771435,3,4,4,9,
24479,34709,771435,25,25,3,7,
24480,34290,771435,25,25,3,8,
24481,37959,771435,31,31,3,8,
24482,34196,771435,29,29,3,7,
24483,2122,771435,3,4,4,9,
24484,2482,771435,3,4,4,9,
24485,33836,771435,25,25,3,8,
24486,1868,771435,3,4,4,8,
24487,34326,771435,21,21,3,9,
24488,1832,771435,3,4,4,8,
24489,2756,771435,3,4,4,8,
24490,26171,771435,19,19,3,9,
24491,31692,771435,17,17,3,8,
24492,28149,771435,25,25,3,9,
24493,30629,771435,3,4,4,8,
24494,4521,771435,3,4,4,7,
24495,3309,771435,3,4,4,7,
24496,17594,771435,33,33,3,8,
24497,4581,771435,3,4,4,8,
24498,4116,771435,3,4,4,8,
24499,2600,771435,3,4,4,8,
24500,4023,771435,3,4,4,9,
24501,2306,771435,3,4,4,8,
24502,3287,771435,3,4,4,7,
24503,16627,771435,25,25,3,7,
24504,10277,771435,17,17,3,8,
24505,2377,771435,3,4,4,7,
24506,1819,771435,3,4,4,8,
24507,3646,771435,3,4,4,8,
24508,11740,771435,19,19,3,8,
24509,9844,771435,3,4,4,8,
24510,7246,771435,17,17,3,8,
24511,7827,771435,13,13,3,8,
24512,14678,771435,25,25,3,8,
24513,10010,771435,3,4,4,9,
24514,16080,771435,25,25,3,9,
24515,18540,771435,29,29,3,8,
24516,11394,771435,13,13,3,9,
24517,16701,771435,29,29,3,9,
24518,20208,771435,33,33,3,9,
24519,1224,771435,3,4,4,8,
24520,16970,771435,15,15,3,8,
24521,1480,771435,3,4,4,9,
24522,1159,771435,3,4,4,9,
24523,1914,771435,3,4,4,8,
24524,17723,771435,25,25,3,9,
24525,1977,771435,3,4,4,9,
24526,6094,771435,13,13,3,8,
24527,23216,771435,31,31,3,8,
24528,10262,771435,17,17,3,9,
24529,7524,771435,3,4,4,8,
24530,17495,771435,31,31,3,8,
24531,18006,771435,31,31,3,9,
24532,6735,771435,13,13,3,9,
24533,16165,771435,3,4,4,8,
24534,15253,771435,25,25,3,9,
24535,12347,771435,25,25,3,9,
24536,7306,771435,17,17,3,9,
24537,6140,771435,19,19,3,8,
24538,4991,771435,3,4,4,9,
24539,11137,771435,3,4,4,8,
24540,1981,771435,3,4,4,8,
24541,2385,771435,3,4,4,9,
24542,12359,771435,19,19,3,8,
24543,19119,771435,29,29,3,8,
24544,14978,771435,25,25,3,9,
24545,12350,771435,17,17,3,8,
24546,24134,771435,29,29,3,9,
24547,11208,771435,15,15,3,9,
24548,3410,771435,3,4,4,8,
24549,2584,771435,3,4,4,8,
24550,9121,771435,21,21,3,7,
24551,1878,771435,3,4,4,8,
24552,9524,771435,3,4,4,9,
24553,17451,771435,29,29,3,8,
24554,12507,771435,25,25,3,9,
24555,4717,771435,3,4,4,9,
24556,12983,771435,3,4,4,8,
24557,14243,771435,29,29,3,9,
24558,2412,771435,3,4,4,8,
24559,2181,771435,3,4,4,8,
24560,3044,771435,3,4,4,9,
24561,1645,771435,3,4,4,8,
24562,13895,771435,27,27,3,7,
24563,9524,771435,25,25,3,7,
24564,9338,771435,3,4,4,8,
24565,16355,771435,33,33,3,8,
24566,13310,771435,3,4,4,8,
24567,15015,771435,33,33,3,7,
24568,7776,771435,23,23,3,8,
24569,12958,771435,3,4,4,8,
24570,7721,771435,3,4,4,9,
24571,8181,771435,21,21,3,7,
24572,8333,771435,3,4,4,7,
24573,7169,771435,3,4,4,7,
24574,2455,771435,3,4,4,9,
24575,2940,771435,3,4,4,7,
24576,2309,771435,3,4,4,7,
24577,16207,771435,21,21,3,8,
24578,14513,771435,29,29,3,6,
24579,1534,771435,3,4,4,6,
24580,2530,771435,3,4,4,7,
24581,9803,771435,15,15,3,7,
24582,15126,771435,3,4,4,7,
24583,13658,771435,29,29,3,7,
24584,5948,771435,13,13,3,8,
24585,1586,771435,3,4,4,8,
24586,22726,771435,31,31,3,8,
24587,6010,771435,3,4,4,8,
24588,1104,771435,3,4,4,9,
24589,1639,771435,3,4,4,9,
24590,1733,771435,3,4,4,9,
24591,18098,771435,33,33,3,9,
24592,11138,771435,17,17,3,9,
24593,2129,771435,3,4,4,9,
24594,1381,771435,3,4,4,8,
24595,1524,771435,3,4,4,8,
24596,14406,771435,3,4,4,8,
24597,17450,771435,29,29,3,8,
24598,17155,771435,33,33,3,9,
24599,1193,771435,3,4,4,7,
24600,9708,771435,23,23,3,8,
24601,1852,771435,3,4,4,9,
24602,10054,771435,3,4,4,8,
24603,9046,771435,17,17,3,7,
24604,17797,771435,25,25,3,8,
24605,7136,771435,3,4,4,8,
24606,2139,771435,3,4,4,8,
24607,16021,771435,25,25,3,8,
24608,9910,771435,13,13,3,7,
24609,15867,771435,3,4,4,8,
24610,2583,771435,3,4,4,8,
24611,10854,771435,3,4,4,9,
24612,13024,771435,27,27,3,9,
24613,6389,771435,13,13,3,9,
24614,1209,771435,3,4,4,8,
24615,5678,771435,3,4,4,9,
24616,15319,771435,29,29,3,9,
24617,4881,771435,15,15,3,8,
24618,14220,771435,31,31,3,9,
24619,15145,771435,3,4,4,9,
24620,2290,771435,3,4,4,8,
24621,14934,771435,29,29,3,8,
24622,9817,771435,17,17,3,9,
24623,14913,771435,33,33,3,9,
24624,14742,771435,3,4,4,9,
24625,28137,771435,33,33,3,9,
24626,7683,771435,19,19,3,8,
24627,12347,771435,33,33,3,8,
24628,9889,771435,25,25,3,9,
24629,11184,771435,3,4,4,9,
24630,11248,771435,25,25,3,8,
24631,6504,771435,3,4,4,9,
24632,10681,771435,23,23,3,8,
24633,17840,771435,3,4,4,9,
24634,1959,771435,3,4,4,9,
24635,2171,771435,3,4,4,8,
24636,15650,771435,27,27,3,8,
24637,9104,771435,19,19,3,9,
24638,2542,771435,3,4,4,9,
24639,8189,771435,3,4,4,8,
24640,8487,771435,13,13,3,8,
24641,8624,771435,21,21,3,9,
24642,8621,771435,3,4,4,9,
24643,1452,771435,3,4,4,9,
24644,13684,771435,21,21,3,9,
24645,14158,771435,33,33,3,9,
24646,1623,771435,3,4,4,8,
24647,21514,771435,31,31,3,8,
24648,5988,771435,3,4,4,9,
24649,21507,771435,3,4,4,8,
24650,14729,771435,25,25,3,9,
24651,10001,771435,29,29,3,9,
24652,1134,771435,3,4,4,9,
24653,10857,771435,27,27,3,9,
24654,12225,771435,3,4,4,9,
24655,13921,771435,17,17,3,8,
24656,17283,771435,21,21,3,8,
24657,20398,771435,29,29,3,9,
24658,6965,771435,17,17,3,9,
24659,5215,771435,3,4,4,9,
24660,22344,771435,29,29,3,9,
24661,2453,771435,3,4,4,8,
24662,12398,771435,25,25,3,9,
24663,2235,771435,3,4,4,9,
24664,12454,771435,23,23,3,8,
24665,1897,771435,3,4,4,8,
24666,4758,771435,3,4,4,9,
24667,1290,771435,3,4,4,8,
24668,2403,771435,3,4,4,8,
24669,1107,771435,3,4,4,8,
24670,2025,771435,3,4,4,8,
24671,9939,771435,25,25,3,8,
24672,12656,771435,23,23,3,8,
24673,10692,771435,3,4,4,8,
24674,15585,771435,31,31,3,8,
24675,15605,771435,3,4,4,8,
24676,11889,771435,29,29,3,9,
24677,9078,771435,3,4,4,9,
24678,1655,771435,3,4,4,8,
24679,1798,771435,3,4,4,9,
24680,12601,771435,31,31,3,8,
24681,2049,771435,3,4,4,9,
24682,13215,771435,3,4,4,8,
24683,14091,771435,33,33,3,8,
24684,15124,771435,31,31,3,9,
24685,1856,771435,3,4,4,9,
24686,9890,771435,15,15,3,8,
24687,2263,771435,3,4,4,9,
24688,9751,771435,3,4,4,8,
24689,12925,771435,23,23,3,8,
24690,1229,771435,3,4,4,8,
24691,23377,771435,31,31,3,8,
24692,1536,771435,3,4,4,8,
24693,11918,771435,23,23,3,9,
24694,11194,771435,3,4,4,9,
24695,2387,771435,3,4,4,9,
24696,10930,771435,13,13,3,8,
24697,1023,771435,3,4,4,7,
24698,20217,771435,33,33,3,8,
24699,16697,771435,29,29,3,7,
24700,8056,771435,19,19,3,8,
24701,8325,771435,15,15,3,8,
24702,7630,771435,3,4,4,8,
24703,12779,771435,3,4,4,8,
24704,10992,771435,21,21,3,8,
24705,11699,771435,31,31,3,8,
24706,10471,771435,27,27,3,8,
24707,6620,771435,13,13,3,8,
24708,8189,771435,3,4,4,7,
24709,10636,771435,3,4,4,9,
24710,1298,771435,3,4,4,8,
24711,16087,771435,29,29,3,7,
24712,4348,771435,3,4,4,8,
24713,13112,771435,19,19,3,8,
24714,633,771435,3,4,4,7,
24715,14009,771435,3,4,4,8,
24716,20014,771435,33,33,3,8,
24717,15080,771435,27,27,3,8,
24718,15667,771435,3,4,4,9,
24719,2294,771435,3,4,4,9,
24720,5432,771435,21,21,3,9,
24721,3263,771435,3,4,4,8,
24722,5674,771435,3,4,4,9,
24723,22207,771435,33,33,3,8,
24724,22459,771435,3,4,4,8,
24725,21895,771435,33,33,3,9,
24726,10634,771435,15,15,3,8,
24727,20533,771435,33,33,3,9,
24728,20195,771435,3,4,4,8,
24729,10549,771435,27,27,3,8,
24730,14595,771435,17,17,3,8,
24731,5480,771435,15,15,3,9,
24732,10566,771435,3,4,4,8,
24733,11802,771435,27,27,3,9,
24734,4981,771435,13,13,3,9,
24735,7937,771435,3,4,4,9,
24736,21745,771435,33,33,3,8,
24737,15416,771435,27,27,3,8,
24738,16753,771435,3,4,4,8,
24739,17294,771435,29,29,3,8,
24740,15650,771435,23,23,3,8,
24741,8733,771435,17,17,3,9,
24742,2210,771435,3,4,4,8,
24743,19177,771435,31,32,3,8,
24744,1306,771435,3,4,4,8,
24745,14042,771435,25,25,3,8,
24746,1758,771435,3,4,4,9,
24747,1934,771435,3,4,4,9,
24748,14133,771435,27,27,3,9,
24749,9999,771435,25,25,3,9,
24750,19443,771435,31,31,3,9,
24751,7498,771435,13,13,3,9,
24752,5267,771435,3,4,4,8,
24753,7709,771435,3,4,4,9,
24754,13362,771435,3,4,4,9,
24755,5474,771435,3,4,4,8,
24756,3890,771435,3,4,4,8,
24757,2746,771435,3,4,4,7,
24758,13092,771435,25,25,3,8,
24759,19082,771435,27,27,3,8,
24760,11169,771435,17,17,3,7,
24761,2271,771435,3,4,4,8,
24762,8759,771435,19,19,3,8,
24763,16958,771435,27,27,3,8,
24764,16611,771435,13,13,3,7,
24765,2009,771435,3,4,4,9,
24766,13243,771435,25,25,3,9,
24767,9750,771435,13,13,3,9,
24768,1470,771435,3,4,4,9,
24769,1447,771435,3,4,4,8,
24770,36386,771435,33,33,3,8,
24771,3194,771435,3,4,4,8,
24772,38575,771435,3,4,4,8,
24773,36907,771435,33,33,3,8,
24774,1907,771435,3,4,4,9,
24775,2063,771435,3,4,4,9,
24776,3464,771435,3,4,4,8,
24777,1824,771435,3,4,4,9,
24778,2576,771435,3,4,4,8,
24779,2708,771435,3,4,4,9,
24780,31784,771435,23,23,3,6,
24781,32582,771435,23,23,3,5,
24782,2262,771435,3,4,4,7,
24783,32663,771435,3,4,4,6,
24784,32159,771435,3,4,4,6,
24785,31041,771435,27,27,3,7,
24786,2064,771435,3,4,4,9,
24787,1504,771435,3,4,4,8,
24788,28300,771435,21,21,3,6,
24789,28413,771435,3,4,4,7,
24790,3355,771436,3,4,4,6,
24791,1444,771436,3,4,4,4,
24792,13309,771436,33,33,3,6,
24793,10906,771436,31,31,3,6,
24794,1345,771436,3,4,4,4,
24795,3406,771436,3,4,4,7,
24796,27526,771436,23,23,3,6,
24797,7030,771436,21,21,3,7,
24798,9966,771436,3,4,4,7,
24799,1371,771436,3,4,4,7,
24800,2318,771436,3,4,4,8,
24801,7776,771436,3,4,4,9,
24802,7168,771436,23,23,3,8,
24803,2131,771436,3,4,4,9,
24804,7920,771436,3,4,4,8,
24805,2197,771436,3,4,4,9,
24806,10675,771436,25,25,3,9,
24807,11216,771436,3,4,4,9,
24808,4796,771436,15,15,3,9,
24809,4975,771436,3,4,4,8,
24810,16364,771436,23,23,3,8,
24811,1644,771436,3,4,4,9,
24812,2422,771436,3,4,4,8,
24813,16201,771436,3,4,4,8,
24814,2508,771436,3,4,4,8,
24815,15074,771436,29,29,3,8,
24816,1606,771436,3,4,4,8,
24817,18461,771436,27,28,3,9,
24818,1423,771436,3,4,4,8,
24819,9862,771436,19,19,3,8,
24820,11282,771436,17,17,3,8,
24821,7228,771436,17,17,3,8,
24822,13348,771436,33,33,3,9,
24823,15775,771436,25,25,3,9,
24824,11063,771436,3,4,4,9,
24825,7629,771436,3,4,4,9,
24826,11850,771436,21,21,3,8,
24827,4209,771436,3,4,4,8,
24828,12153,771436,21,21,3,8,
24829,12075,771436,15,15,3,8,
24830,17806,771436,31,31,3,9,
24831,16937,771436,21,21,3,9,
24832,10587,771436,19,19,3,9,
24833,11453,771436,25,25,3,9,
24834,12006,771436,3,4,4,9,
24835,15594,771436,19,19,3,8,
24836,12610,771436,25,25,3,9,
24837,18074,771436,33,33,3,8,
24838,9334,771436,15,15,3,8,
24839,19418,771436,3,4,4,8,
24840,15211,771436,23,23,3,9,
24841,2077,771436,3,4,4,8,
24842,12980,771436,23,23,3,9,
24843,9765,771436,23,23,3,9,
24844,9868,771436,17,17,3,8,
24845,15169,771436,27,27,3,9,
24846,2738,771436,3,4,4,9,
24847,9366,771436,17,17,3,8,
24848,13880,771436,19,19,3,8,
24849,14238,771436,3,4,4,9,
24850,12927,771436,19,19,3,8,
24851,1936,771436,3,4,4,7,
24852,2382,771436,3,4,4,8,
24853,2760,771436,3,4,4,8,
24854,4926,771436,3,4,4,8,
24855,8671,771436,13,13,3,8,
24856,7535,771436,15,15,3,8,
24857,24602,771436,31,31,3,8,
24858,7930,771436,15,15,3,8,
24859,24688,771436,3,4,4,9,
24860,17073,771436,31,31,3,9,
24861,2109,771436,3,4,4,8,
24862,6013,771436,13,13,3,8,
24863,14371,771436,21,21,3,8,
24864,14017,771436,3,4,4,8,
24865,1703,771436,3,4,4,8,
24866,13454,771436,19,19,3,8,
24867,1922,771436,3,4,4,8,
24868,2571,771436,3,4,4,8,
24869,11032,771436,25,25,3,7,
24870,8062,771436,21,21,3,8,
24871,2279,771436,3,4,4,9,
24872,11131,771436,25,25,3,9,
24873,13031,771436,27,27,3,9,
24874,1612,771436,3,4,4,9,
24875,17209,771436,33,33,3,8,
24876,9604,771436,15,15,3,9,
24877,8941,771436,17,17,3,7,
24878,7315,771436,13,13,3,7,
24879,9254,771436,13,13,3,8,
24880,11298,771436,3,4,4,8,
24881,4422,771436,3,4,4,9,
24882,2066,771436,3,4,4,8,
24883,3096,771436,3,4,4,8,
24884,13688,771436,33,33,3,8,
24885,2453,771436,3,4,4,8,
24886,12749,771436,3,4,4,8,
24887,2375,771436,3,4,4,8,
24888,2267,771436,3,4,4,8,
24889,2480,771436,3,4,4,8,
24890,12371,771436,31,31,3,8,
24891,2714,771436,3,4,4,8,
24892,8256,771436,13,13,3,9,
24893,10095,771436,17,17,3,8,
24894,2596,771436,3,4,4,9,
24895,10356,771436,3,4,4,7,
24896,6104,771436,3,4,4,8,
24897,8064,771436,19,19,3,8,
24898,15251,771436,31,31,3,8,
24899,6688,771436,3,4,4,8,
24900,8449,771436,19,19,3,8,
24901,9088,771436,3,4,4,9,
24902,2605,771436,3,4,4,9,
24903,3003,771436,3,4,4,8,
24904,9824,771436,3,4,4,8,
24905,11468,771436,17,17,3,8,
24906,6533,771436,15,15,3,8,
24907,9066,771436,17,17,3,8,
24908,11942,771436,23,23,3,8,
24909,6662,771436,3,4,4,9,
24910,8233,771436,3,4,4,8,
24911,12415,771436,23,23,3,9,
24912,12270,771436,3,4,4,8,
24913,17287,771436,25,25,3,8,
24914,15603,771436,23,23,3,9,
24915,20900,771436,31,31,3,9,
24916,12506,771436,19,19,3,9,
24917,9604,771436,25,25,3,8,
24918,3879,771436,3,4,4,8,
24919,12523,771436,13,13,3,9,
24920,2368,771436,3,4,4,9,
24921,1535,771436,3,4,4,9,
24922,13351,771436,23,23,3,9,
24923,13136,771436,3,4,4,9,
24924,1962,771436,3,4,4,9,
24925,7564,771436,15,15,3,8,
24926,4449,771436,3,4,4,8,
24927,11709,771436,19,19,3,9,
24928,14044,771436,23,23,3,8,
24929,13285,771436,3,4,4,7,
24930,16684,771436,29,29,3,8,
24931,14179,771436,31,31,3,8,
24932,10772,771436,27,27,3,8,
24933,5326,771436,3,4,4,9,
24934,14966,771436,19,19,3,9,
24935,12007,771436,19,19,3,8,
24936,16038,771436,27,27,3,8,
24937,1414,771436,3,4,4,9,
24938,1233,771436,3,4,4,9,
24939,1233,771436,3,4,4,8,
24940,2399,771436,3,4,4,8,
24941,1647,771436,3,4,4,7,
24942,5097,771436,3,4,4,8,
24943,3376,771436,3,4,4,8,
24944,2392,771436,3,4,4,8,
24945,7805,771436,13,13,3,8,
24946,11184,771436,23,23,3,9,
24947,5764,771436,3,4,4,8,
24948,8125,771436,3,4,4,9,
24949,10774,771436,3,4,4,8,
24950,2619,771436,3,4,4,9,
24951,2272,771436,3,4,4,8,
24952,21585,771436,31,31,3,8,
24953,15530,771436,30,31,3,8,
24954,1267,771436,3,4,4,8,
24955,8755,771436,13,13,3,9,
24956,19834,771436,31,31,3,8,
24957,14066,771436,23,23,3,9,
24958,2056,771436,3,4,4,8,
24959,16584,771436,23,23,3,9,
24960,8289,771436,13,13,3,9,
24961,9288,771436,17,17,3,8,
24962,12345,771436,27,27,3,9,
24963,12390,771436,3,4,4,8,
24964,7061,771436,3,4,4,9,
24965,15797,771436,29,29,3,9,
24966,14629,771436,3,4,4,8,
24967,2161,771436,3,4,4,9,
24968,15224,771436,29,29,3,9,
24969,13076,771436,17,17,3,8,
24970,7350,771436,13,13,3,9,
24971,2114,771436,3,4,4,9,
24972,1318,771436,3,4,4,7,
24973,12932,771436,27,27,3,8,
24974,9559,771436,15,15,3,8,
24975,5990,771436,13,13,3,8,
24976,12457,771436,25,25,3,8,
24977,20554,771436,21,21,3,8,
24978,5738,771436,3,4,4,8,
24979,6245,771436,3,4,4,9,
24980,2505,771436,3,4,4,8,
24981,11049,771436,17,17,3,8,
24982,19174,771436,31,31,3,8,
24983,2237,771436,3,4,4,8,
24984,6000,771436,15,15,3,8,
24985,10062,771436,3,4,4,8,
24986,9534,771436,19,19,3,9,
24987,18128,771436,15,15,3,8,
24988,7512,771436,21,21,3,8,
24989,19098,771436,29,29,3,8,
24990,20888,771436,27,27,3,9,
24991,5630,771436,3,4,4,9,
24992,2915,771436,3,4,4,8,
24993,11693,771436,15,15,3,8,
24994,16439,771436,21,21,3,8,
24995,2740,771436,3,4,4,8,
24996,2002,771436,3,4,4,9,
24997,7199,771436,13,13,3,8,
24998,1815,771436,3,4,4,9,
24999,6911,771436,3,4,4,8,
25000,2134,771436,3,4,4,9,
25001,1789,771436,3,4,4,8,
25002,15460,771436,29,29,3,8,
25003,13011,771436,23,23,3,8,
25004,7200,771436,3,4,4,9,
25005,8379,771436,3,4,4,8,
25006,1364,771436,3,4,4,8,
25007,10328,771436,13,13,3,8,
25008,15192,771436,27,27,3,9,
25009,12416,771436,21,21,3,8,
25010,16988,771436,33,33,3,8,
25011,1477,771436,3,4,4,9,
25012,1805,771436,3,4,4,9,
25013,14882,771436,27,27,3,8,
25014,11523,771436,19,19,3,8,
25015,10916,771436,23,23,3,8,
25016,11299,771436,3,4,4,8,
25017,3502,771436,3,4,4,9,
25018,8404,771436,3,4,4,9,
25019,5392,771436,13,13,3,8,
25020,13504,771436,17,17,3,8,
25021,2648,771436,3,4,4,8,
25022,1699,771436,3,4,4,7,
25023,9436,771436,23,23,3,7,
25024,10547,771436,3,4,4,6,
25025,3586,771436,3,4,4,8,
25026,2486,771436,3,4,4,7,
25027,9674,771436,3,4,4,8,
25028,1256,771436,3,4,4,8,
25029,26145,771436,23,23,3,9,
25030,24320,771436,31,31,3,9,
25031,25379,771436,3,4,4,7,
25032,1851,771436,3,4,4,8,
25033,18413,771436,23,23,3,9,
25034,5884,771436,13,13,3,9,
25035,18646,771436,27,27,3,9,
25036,12893,771436,15,15,3,8,
25037,1720,771436,3,4,4,9,
25038,14723,771436,3,4,4,8,
25039,29004,771436,31,31,3,8,
25040,1012,771436,3,4,4,9,
25041,19779,771436,21,21,3,9,
25042,27827,771436,13,13,3,8,
25043,10170,771436,15,15,3,8,
25044,17071,771436,33,33,3,9,
25045,13229,771436,17,17,3,9,
25046,13534,771436,3,4,4,8,
25047,20996,771436,27,27,3,9,
25048,5558,771436,3,4,4,8,
25049,7723,771436,15,15,3,9,
25050,8858,771436,3,4,4,8,
25051,13538,771436,19,19,3,9,
25052,14231,771436,3,4,4,9,
25053,13962,771436,19,19,3,9,
25054,2890,771436,3,4,4,9,
25055,2597,771436,3,4,4,8,
25056,1988,771436,3,4,4,8,
25057,2234,771436,3,4,4,7,
25058,14150,771436,25,25,3,8,
25059,19647,771436,33,33,3,8,
25060,12756,771436,23,23,3,8,
25061,13996,771436,3,4,4,8,
25062,19203,771436,3,4,4,8,
25063,12763,771436,3,4,4,9,
25064,12535,771436,21,21,3,9,
25065,3969,771436,3,4,4,9,
25066,11392,771436,21,21,3,9,
25067,17728,771436,27,27,3,9,
25068,10316,771436,17,17,3,9,
25069,32581,771436,31,31,3,8,
25070,12268,771436,27,27,3,9,
25071,34255,771436,19,19,3,8,
25072,8716,771436,25,25,3,9,
25073,7797,771436,17,17,3,8,
25074,21523,771436,3,4,4,8,
25075,1690,771436,3,4,4,8,
25076,31301,771436,29,29,3,8,
25077,23767,771436,3,4,4,8,
25078,31392,771436,3,4,4,9,
25079,24401,771436,3,4,4,9,
25080,21104,771436,3,4,4,8,
25081,33956,771436,23,23,3,8,
25082,7355,771436,3,4,4,9,
25083,4914,771436,3,4,4,8,
25084,1738,771436,3,4,4,8,
25085,2940,771436,3,4,4,8,
25086,2115,771436,3,4,4,7,
25087,20807,771436,29,29,3,8,
25088,10827,771436,23,23,3,9,
25089,11079,771436,27,27,3,9,
25090,12766,771436,3,4,4,7,
25091,10498,771436,3,4,4,7,
25092,3839,771436,13,13,3,8,
25093,11879,771436,3,4,4,9,
25094,18681,771436,31,31,3,8,
25095,11913,771436,27,27,3,8,
25096,11260,771436,29,29,3,8,
25097,20524,771436,31,31,3,8,
25098,2576,771436,3,4,4,8,
25099,21119,771436,3,4,4,8,
25100,7003,771436,15,15,3,9,
25101,1723,771436,3,4,4,8,
25102,6350,771436,3,4,4,8,
25103,1791,771436,3,4,4,9,
25104,15052,771436,21,21,3,9,
25105,12846,771436,17,17,3,8,
25106,4938,771436,15,15,3,8,
25107,6786,771436,13,13,3,9,
25108,1709,771436,3,4,4,9,
25109,21027,771436,31,31,3,8,
25110,9326,771436,15,15,3,8,
25111,9295,771436,3,4,4,8,
25112,16838,771436,33,33,3,8,
25113,12215,771436,27,27,3,8,
25114,12854,771436,27,27,3,9,
25115,3730,771436,3,4,4,8,
25116,2322,771436,3,4,4,9,
25117,3260,771436,3,4,4,8,
25118,3878,771436,3,4,4,8,
25119,8158,771436,13,13,3,9,
25120,10412,771436,21,21,3,8,
25121,8083,771436,3,4,4,8,
25122,1854,771436,3,4,4,9,
25123,9418,771436,3,4,4,8,
25124,2486,771436,3,4,4,8,
25125,7349,771436,17,17,3,9,
25126,7238,771436,3,4,4,9,
25127,10262,771436,23,23,3,9,
25128,15678,771436,31,31,3,8,
25129,10492,771436,29,29,3,8,
25130,15960,771436,33,33,3,9,
25131,10112,771436,3,4,4,8,
25132,16765,771436,3,4,4,9,
25133,2184,771436,3,4,4,8,
25134,6245,771436,13,13,3,9,
25135,9505,771436,21,21,3,9,
25136,6000,771436,3,4,4,9,
25137,9338,771436,3,4,4,9,
25138,8047,771436,3,4,4,8,
25139,1778,771436,3,4,4,8,
25140,17422,771436,25,25,3,8,
25141,2116,771436,3,4,4,8,
25142,14916,771436,29,29,3,9,
25143,2039,771436,3,4,4,8,
25144,2002,771436,3,4,4,8,
25145,6218,771436,13,13,3,8,
25146,12631,771436,17,17,3,8,
25147,18221,771436,31,31,3,8,
25148,6205,771436,3,4,4,8,
25149,9443,771436,21,21,3,8,
25150,13174,771436,25,25,3,8,
25151,11213,771436,19,19,3,8,
25152,12410,771436,3,4,4,9,
25153,13938,771436,33,33,3,8,
25154,12863,771436,3,4,4,8,
25155,8443,771436,3,4,4,9,
25156,1387,771436,3,4,4,9,
25157,1346,771436,3,4,4,8,
25158,1391,771436,3,4,4,8,
25159,14125,771436,27,27,3,8,
25160,1094,771436,3,4,4,8,
25161,6729,771436,17,17,3,7,
25162,14287,771436,3,4,4,8,
25163,1961,771436,3,4,4,8,
25164,7345,771436,3,4,4,9,
25165,1470,771436,3,4,4,8,
25166,1190,771436,3,4,4,7,
25167,13426,771436,23,23,3,8,
25168,2207,771436,3,4,4,9,
25169,16610,771436,31,31,3,8,
25170,13789,771436,27,27,3,8,
25171,18861,771436,33,33,3,9,
25172,14799,771436,21,21,3,8,
25173,9393,771436,19,19,3,8,
25174,2489,771436,3,4,4,9,
25175,2111,771436,3,4,4,9,
25176,2338,771436,3,4,4,9,
25177,17292,771436,21,21,3,8,
25178,16905,771436,3,4,4,8,
25179,22162,771436,33,33,3,8,
25180,12805,771436,19,19,3,8,
25181,7089,771436,17,17,3,8,
25182,4872,771436,3,4,4,9,
25183,3552,771436,3,4,4,9,
25184,13544,771436,25,25,3,8,
25185,12158,771436,25,25,3,8,
25186,14127,771436,3,4,4,9,
25187,18619,771436,31,31,3,8,
25188,939,771436,3,4,4,9,
25189,1141,771436,3,4,4,9,
25190,2094,771436,3,4,4,8,
25191,2888,771436,3,4,4,9,
25192,9055,771436,3,4,4,8,
25193,17682,771436,23,23,3,8,
25194,2346,771436,3,4,4,9,
25195,10759,771436,27,27,3,8,
25196,14079,771436,27,27,3,9,
25197,9677,771436,19,19,3,9,
25198,7282,771436,13,13,3,8,
25199,13222,771436,33,33,3,8,
25200,8552,771436,15,15,3,8,
25201,12694,771436,3,4,4,9,
25202,8007,771436,3,4,4,9,
25203,6376,771436,3,4,4,8,
25204,11155,771436,31,32,3,8,
25205,10788,771436,19,19,3,8,
25206,11754,771436,3,4,4,9,
25207,1983,771436,3,4,4,8,
25208,19747,771436,33,33,3,8,
25209,17205,771436,31,31,3,8,
25210,15501,771436,19,19,3,9,
25211,32199,771436,31,31,3,9,
25212,4462,771436,15,15,3,9,
25213,10518,771436,21,21,3,9,
25214,19090,771436,33,33,3,9,
25215,11094,771436,21,21,3,8,
25216,9814,771436,13,13,3,8,
25217,9248,771436,21,21,3,9,
25218,9371,771436,3,4,4,8,
25219,9493,771436,3,4,4,9,
25220,2727,771436,3,4,4,8,
25221,1934,771436,3,4,4,7,
25222,7565,771436,17,17,3,8,
25223,16617,771436,3,4,4,8,
25224,15822,771436,25,25,3,8,
25225,13274,771436,23,23,3,8,
25226,13966,771436,19,19,3,8,
25227,20146,771436,33,33,3,8,
25228,17233,771436,33,33,3,8,
25229,12972,771436,21,21,3,9,
25230,13150,771436,3,4,4,9,
25231,14947,771436,29,29,3,9,
25232,18983,771436,33,33,3,8,
25233,8630,771436,3,4,4,8,
25234,15950,771436,23,23,3,8,
25235,6940,771436,3,4,4,9,
25236,9506,771436,21,21,3,9,
25237,1372,771436,3,4,4,8,
25238,21155,771436,33,33,3,9,
25239,1283,771436,3,4,4,9,
25240,8716,771436,17,17,3,9,
25241,9420,771436,3,4,4,8,
25242,15043,771436,19,19,3,9,
25243,8012,771436,13,13,3,8,
25244,11228,771436,19,19,3,8,
25245,17566,771436,31,31,3,9,
25246,6377,771436,3,4,4,9,
25247,12927,771436,15,15,3,9,
25248,12251,771436,3,4,4,8,
25249,14538,771436,33,33,3,8,
25250,12381,771436,19,19,3,9,
25251,14642,771436,29,29,3,8,
25252,7575,771436,3,4,4,9,
25253,11208,771436,21,21,3,8,
25254,9813,771436,25,25,3,9,
25255,10214,771436,21,21,3,8,
25256,10195,771436,3,4,4,9,
25257,6579,771436,15,15,3,8,
25258,3501,771436,3,4,4,8,
25259,6122,771436,3,4,4,8,
25260,5177,771436,3,4,4,9,
25261,8661,771436,19,19,3,8,
25262,1836,771436,3,4,4,7,
25263,9292,771436,3,4,4,9,
25264,17365,771436,33,33,3,8,
25265,2031,771436,3,4,4,7,
25266,8125,771436,13,13,3,8,
25267,12466,771436,21,21,3,9,
25268,2324,771436,3,4,4,8,
25269,14349,771436,27,27,3,9,
25270,1635,771436,3,4,4,8,
25271,10495,771436,23,23,3,9,
25272,10750,771436,3,4,4,8,
25273,4594,771436,13,13,3,8,
25274,4963,771436,3,4,4,9,
25275,2346,771436,3,4,4,8,
25276,1961,771436,3,4,4,8,
25277,9378,771436,3,4,4,8,
25278,1813,771436,3,4,4,8,
25279,15814,771436,27,27,3,8,
25280,8131,771436,17,17,3,8,
25281,7253,771436,17,17,3,9,
25282,9095,771436,3,4,4,9,
25283,3948,771436,3,4,4,9,
25284,11265,771436,27,27,3,9,
25285,11697,771436,3,4,4,8,
25286,9570,771436,23,23,3,8,
25287,2660,771436,3,4,4,9,
25288,9903,771436,3,4,4,9,
25289,11849,771436,19,19,3,9,
25290,18696,771436,23,23,3,8,
25291,15455,771436,29,29,3,9,
25292,12005,771436,21,21,3,8,
25293,14678,771436,27,27,3,9,
25294,6092,771436,13,13,3,8,
25295,5533,771436,3,4,4,8,
25296,1411,771436,3,4,4,8,
25297,6560,771436,3,4,4,9,
25298,1723,771436,3,4,4,9,
25299,13326,771436,27,27,3,9,
25300,13939,771436,3,4,4,9,
25301,11883,771436,29,29,3,8,
25302,12411,771436,3,4,4,8,
25303,12418,771436,25,25,3,7,
25304,6646,771436,3,4,4,9,
25305,11986,771436,3,4,4,8,
25306,15535,771436,33,33,3,9,
25307,17008,771436,33,33,3,9,
25308,2049,771436,3,4,4,9,
25309,12991,771436,23,23,3,9,
25310,16853,771436,27,27,3,9,
25311,3318,771436,3,4,4,8,
25312,3060,771436,3,4,4,8,
25313,14973,771436,33,33,3,6,
25314,2358,771436,3,4,4,7,
25315,1969,771436,3,4,4,7,
25316,17095,771436,31,31,3,7,
25317,1081,771436,3,4,4,7,
25318,1662,771436,3,4,4,8,
25319,10553,771436,19,19,3,8,
25320,1338,771436,3,4,4,8,
25321,9475,771436,17,17,3,8,
25322,9967,771436,3,4,4,7,
25323,9270,771436,3,4,4,8,
25324,12492,771436,23,23,3,9,
25325,6603,771436,13,13,3,9,
25326,10707,771436,3,4,4,9,
25327,2955,771436,3,4,4,7,
25328,2186,771436,3,4,4,8,
25329,1812,771436,3,4,4,9,
25330,8405,771436,17,17,3,7,
25331,8239,771436,15,15,3,8,
25332,6778,771436,19,19,3,8,
25333,4705,771436,3,4,4,8,
25334,8515,771436,19,19,3,8,
25335,7471,771436,3,4,4,8,
25336,7817,771436,3,4,4,8,
25337,1673,771436,3,4,4,9,
25338,1490,771436,3,4,4,8,
25339,5312,771436,13,13,3,8,
25340,1725,771436,3,4,4,8,
25341,5803,771436,3,4,4,8,
25342,31826,771436,24,25,3,8,
25343,8576,771436,17,17,3,8,
25344,36060,771436,3,4,4,8,
25345,7658,771436,15,15,3,8,
25346,2255,771436,3,4,4,9,
25347,3168,771436,3,4,4,8,
25348,27500,771436,25,25,3,8,
25349,25912,771436,21,21,3,9,
25350,1902,771436,3,4,4,8,
25351,2285,771436,3,4,4,9,
25352,1969,771436,3,4,4,8,
25353,3010,771436,3,4,4,8,
25354,1980,771436,3,4,4,9,
25355,35301,771436,27,27,3,8,
25356,28484,771436,31,31,3,9,
25357,28049,771436,21,22,3,8,
25358,23363,771436,15,15,3,7,
25359,34727,771436,3,4,4,8,
25360,24565,771436,21,21,3,9,
25361,4249,771436,3,4,4,7,
25362,14282,771436,29,29,3,7,
25363,20598,771436,31,31,3,8,
25364,18932,771436,33,33,3,9,
25365,2038,771436,3,4,4,8,
25366,1563,771436,3,4,4,8,
25367,26948,771436,21,21,3,8,
25368,1415,771436,3,4,4,8,
25369,12257,771436,23,23,3,8,
25370,1885,771436,3,4,4,9,
25371,12119,771436,3,4,4,9,
25372,957,771436,3,4,4,9,
25373,1424,771436,3,4,4,9,
25374,2254,771436,3,4,4,8,
25375,1684,771436,3,4,4,8,
25376,614,771436,3,4,4,7,
25377,15971,771436,31,31,3,8,
25378,1625,771436,3,4,4,8,
25379,2048,771436,3,4,4,8,
25380,5635,771436,13,13,3,9,
25381,20221,771436,31,31,3,9,
25382,14796,771436,27,27,3,8,
25383,11018,771436,21,21,3,9,
25384,9800,771436,13,13,3,8,
25385,9840,771436,3,4,4,9,
25386,10092,771436,3,4,4,9,
25387,13312,771436,29,29,3,8,
25388,11404,771436,3,4,4,8,
25389,9462,771436,27,27,3,9,
25390,1714,771436,3,4,4,8,
25391,9647,771436,19,19,3,8,
25392,2162,771436,3,4,4,9,
25393,9715,771436,3,4,4,8,
25394,2687,771436,3,4,4,8,
25395,11833,771436,23,23,3,9,
25396,17439,771436,23,23,3,9,
25397,13037,771436,25,25,3,9,
25398,14980,771436,31,31,3,8,
25399,12572,771436,3,4,4,9,
25400,8462,771436,3,4,4,8,
25401,2253,771436,3,4,4,8,
25402,15687,771436,31,31,3,9,
25403,5792,771436,15,15,3,8,
25404,9869,771436,13,13,3,8,
25405,10046,771436,3,4,4,9,
25406,15800,771436,25,25,3,9,
25407,12862,771436,19,19,3,9,
25408,10145,771436,3,4,4,9,
25409,1373,771436,3,4,4,9,
25410,1446,771436,3,4,4,9,
25411,1738,771436,3,4,4,9,
25412,17749,771436,29,29,3,7,
25413,13185,771436,27,27,3,8,
25414,2489,771436,3,4,4,9,
25415,11407,771436,29,29,3,9,
25416,17822,771436,3,4,4,9,
25417,15897,771436,27,27,3,8,
25418,18619,771436,31,31,3,8,
25419,2175,771436,3,4,4,9,
25420,1816,771436,3,4,4,8,
25421,13999,771436,17,17,3,8,
25422,3006,771436,3,4,4,8,
25423,10954,771436,17,17,3,9,
25424,14256,771436,27,27,3,9,
25425,17960,771436,25,25,3,8,
25426,1673,771436,3,4,4,9,
25427,19753,771436,33,33,3,9,
25428,19424,771436,3,4,4,9,
25429,2198,771436,3,4,4,8,
25430,5345,771436,3,4,4,9,
25431,1874,771436,3,4,4,9,
25432,14564,771436,33,33,3,8,
25433,2088,771436,3,4,4,8,
25434,9213,771436,15,15,3,8,
25435,7303,771436,15,15,3,8,
25436,13085,771436,29,29,3,8,
25437,9402,771436,3,4,4,9,
25438,13610,771436,3,4,4,8,
25439,4672,771436,17,17,3,8,
25440,5892,771436,3,4,4,8,
25441,1048,771436,3,4,4,8,
25442,1542,771436,3,4,4,9,
25443,8059,771436,17,17,3,8,
25444,6548,771436,15,15,3,9,
25445,6511,771436,3,4,4,8,
25446,7418,771436,3,4,4,9,
25447,19176,771436,33,33,3,8,
25448,8480,771436,15,15,3,8,
25449,2118,771436,3,4,4,9,
25450,15770,771436,33,33,3,8,
25451,5734,771436,15,15,3,9,
25452,8471,771436,15,15,3,8,
25453,15609,771436,3,4,4,8,
25454,13328,771436,29,29,3,8,
25455,13149,771436,3,4,4,7,
25456,1365,771436,3,4,4,9,
25457,15544,771436,33,33,3,9,
25458,15836,771436,3,4,4,9,
25459,16052,771436,33,33,3,8,
25460,10374,771436,29,29,3,8,
25461,12598,771436,3,4,4,8,
25462,1070,771436,3,4,4,7,
25463,1480,771436,3,4,4,7,
25464,9570,771436,19,19,3,8,
25465,14492,771436,23,23,3,8,
25466,11947,771436,27,27,3,7,
25467,12591,771436,3,4,4,8,
25468,8400,771436,3,4,4,8,
25469,5735,771436,13,13,3,8,
25470,1560,771436,3,4,4,9,
25471,1413,771436,3,4,4,8,
25472,15722,771436,17,17,3,8,
25473,1208,771436,3,4,4,7,
25474,10913,771436,15,15,3,8,
25475,15029,771436,27,27,3,9,
25476,8864,771436,23,23,3,8,
25477,12007,771436,21,21,3,8,
25478,6521,771436,15,15,3,8,
25479,7526,771436,3,4,4,9,
25480,10938,771436,27,27,3,8,
25481,11718,771436,3,4,4,9,
25482,2573,771436,3,4,4,8,
25483,2483,771436,3,4,4,8,
25484,2206,771436,3,4,4,8,
25485,14935,771436,29,29,3,8,
25486,11960,771436,21,21,3,8,
25487,20413,771436,33,33,3,8,
25488,11458,771436,3,4,4,7,
25489,7588,771436,17,17,3,8,
25490,2662,771436,3,4,4,9,
25491,12374,771436,3,4,4,9,
25492,2573,771436,3,4,4,8,
25493,1974,771436,3,4,4,9,
25494,10000,771436,19,19,3,8,
25495,2125,771436,3,4,4,9,
25496,10518,771436,3,4,4,8,
25497,4951,771436,15,15,3,9,
25498,13517,771436,33,33,3,9,
25499,10519,771436,27,27,3,9,
25500,1276,771436,3,4,4,8,
25501,2581,771436,3,4,4,8,
25502,10068,771436,3,4,4,8,
25503,12248,771436,25,25,3,8,
25504,10187,771436,17,17,3,9,
25505,14174,771436,27,27,3,9,
25506,14057,771436,23,23,3,8,
25507,10745,771436,17,17,3,9,
25508,10496,771436,3,4,4,9,
25509,988,771436,3,4,4,8,
25510,1620,771436,3,4,4,8,
25511,13140,771436,29,29,3,8,
25512,14684,771436,29,29,3,8,
25513,17881,771436,15,15,3,8,
25514,10029,771436,25,25,3,8,
25515,6383,771436,3,4,4,9,
25516,5171,771436,3,4,4,9,
25517,11016,771436,27,27,3,9,
25518,10754,771436,3,4,4,9,
25519,14157,771436,33,33,3,9,
25520,9870,771436,21,21,3,8,
25521,13244,771436,3,4,4,8,
25522,9719,771436,3,4,4,8,
25523,14960,771436,31,31,3,8,
25524,5948,771436,3,4,4,9,
25525,13198,771436,3,4,4,9,
25526,24752,771436,29,29,3,9,
25527,8795,771436,21,21,3,9,
25528,1738,771436,3,4,4,8,
25529,17044,771436,25,25,3,8,
25530,2057,771436,3,4,4,8,
25531,12902,771436,21,21,3,8,
25532,9247,771436,21,21,3,9,
25533,13739,771436,21,21,3,8,
25534,17488,771436,33,33,3,8,
25535,13601,771436,3,4,4,8,
25536,21059,771436,29,29,3,8,
25537,1635,771436,3,4,4,9,
25538,1965,771436,3,4,4,9,
25539,1947,771436,3,4,4,9,
25540,6700,771436,21,21,3,9,
25541,1137,771436,3,4,4,9,
25542,1960,771436,3,4,4,9,
25543,16666,771436,31,31,3,8,
25544,16101,771436,27,27,3,8,
25545,16897,771436,3,4,4,9,
25546,14274,771436,3,4,4,8,
25547,956,771436,3,4,4,8,
25548,1961,771436,3,4,4,9,
25549,11336,771436,27,27,3,8,
25550,1668,771436,3,4,4,9,
25551,6058,771436,17,17,3,8,
25552,13299,771436,17,17,3,8,
25553,13286,771436,27,27,3,8,
25554,6665,771436,3,4,4,8,
25555,13126,771436,31,31,3,9,
25556,11692,771436,19,19,3,8,
25557,5787,771436,3,4,4,8,
25558,11230,771436,21,21,3,8,
25559,2463,771436,3,4,4,8,
25560,1881,771436,3,4,4,9,
25561,12201,771436,21,21,3,8,
25562,2653,771436,3,4,4,9,
25563,8415,771436,15,15,3,8,
25564,2063,771436,3,4,4,9,
25565,6167,771436,3,4,4,8,
25566,7074,771436,17,17,3,8,
25567,12420,771436,19,19,3,8,
25568,7485,771436,3,4,4,9,
25569,12610,771436,3,4,4,9,
25570,2014,771436,3,4,4,9,
25571,16336,771436,23,23,3,7,
25572,16804,771436,25,25,3,8,
25573,14689,771436,29,29,3,7,
25574,3379,771436,3,4,4,8,
25575,2508,771436,3,4,4,8,
25576,11694,771436,25,25,3,8,
25577,10519,771436,19,19,3,9,
25578,1699,771436,3,4,4,8,
25579,10111,771436,3,4,4,8,
25580,1283,771436,3,4,4,8,
25581,1008,771436,3,4,4,8,
25582,9488,771436,19,19,3,8,
25583,12663,771436,21,21,3,8,
25584,9489,771436,19,19,3,8,
25585,13650,771436,3,4,4,8,
25586,1335,771436,3,4,4,8,
25587,11181,771436,19,19,3,8,
25588,8977,771436,21,21,3,8,
25589,9598,771436,3,4,4,8,
25590,13610,771436,29,29,3,9,
25591,1244,771436,3,4,4,8,
25592,15287,771436,27,27,3,8,
25593,1908,771436,3,4,4,8,
25594,13107,771436,3,4,4,9,
25595,2139,771436,3,4,4,8,
25596,1920,771436,3,4,4,8,
25597,16352,771436,33,33,3,8,
25598,2635,771436,3,4,4,9,
25599,9429,771436,15,15,3,8,
25600,41847,771436,29,29,3,8,
25601,10980,771436,27,27,3,9,
25602,2357,771436,3,4,4,9,
25603,2547,771436,3,4,4,8,
25604,7640,771436,3,4,4,9,
25605,9390,771436,15,15,3,9,
25606,9499,771436,3,4,4,9,
25607,11231,771436,27,27,3,9,
25608,11389,771436,3,4,4,9,
25609,31054,771436,23,23,3,8,
25610,10740,771436,23,23,3,9,
25611,32753,771436,33,33,3,5,
25612,32536,771436,3,4,4,5,
25613,1898,771436,3,4,4,8,
25614,28725,771436,21,21,3,7,
25615,19025,771436,13,13,3,9,
25616,28470,771436,3,4,4,4,
25617,24337,771436,21,21,3,6,
25618,22640,771436,15,15,3,7,
25619,22381,771436,15,15,3,6,
25620,9835,771436,27,27,3,4,
25621,8844,771436,21,21,3,5,
25622,10242,771436,3,4,4,5,
25623,1100,771436,3,4,4,4,
25624,946,771436,3,4,4,4,
25625,859,771436,3,4,4,5,
25626,1155,771436,3,4,4,6,
25627,739,771436,3,4,4,6,
25628,8948,771436,3,4,4,7,
25629,1399,771436,3,4,4,7,
25630,2195,771436,3,4,4,7,
25631,5303,771436,15,15,3,8,
25632,16736,771436,33,33,3,8,
25633,18209,771436,3,4,4,8,
25634,6076,771436,3,4,4,8,
25635,15787,771436,31,31,3,7,
25636,12882,771436,29,29,3,8,
25637,2810,771436,3,4,4,8,
25638,5894,771436,13,13,3,8,
25639,8389,771436,13,13,3,8,
25640,11738,771436,25,25,3,8,
25641,8796,771436,19,19,3,7,
25642,13827,771436,25,25,3,8,
25643,7668,771436,3,4,4,8,
25644,10414,771436,3,4,4,9,
25645,1949,771436,3,4,4,8,
25646,2588,771436,3,4,4,8,
25647,13977,771436,29,29,3,7,
25648,1873,771436,3,4,4,7,
25649,6632,771436,17,17,3,8,
25650,9679,771436,23,23,3,9,
25651,10635,771436,27,27,3,8,
25652,13811,771436,3,4,4,8,
25653,9058,771436,3,4,4,8,
25654,5636,771436,3,4,4,8,
25655,14039,771436,31,31,3,9,
25656,14211,771436,31,32,3,9,
25657,14014,771436,3,4,4,8,
25658,10378,771436,21,21,3,8,
25659,10640,771436,3,4,4,9,
25660,5578,771436,13,13,3,9,
25661,5933,771436,3,4,4,8,
25662,5494,771436,3,4,4,8,
25663,2357,771436,3,4,4,8,
25664,1888,771436,3,4,4,8,
25665,10531,771436,29,29,3,5,
25666,6338,771436,13,13,3,7,
25667,8189,771436,23,23,3,6,
25668,10823,771436,3,4,4,4,
25669,6645,771436,3,4,4,7,
25670,8157,771436,25,25,3,6,
25671,11334,771436,21,21,3,4,
25672,8615,771436,3,4,4,5,
25673,569,771436,3,4,4,1,
25674,633,771436,3,4,4,1,
25675,1537,771436,3,4,4,2,
25676,1100,771436,3,4,4,3,
25677,15544,771436,27,27,3,5,
25678,8089,771436,17,17,3,6,
25679,11970,771436,19,19,3,6,
25680,2217,771436,3,4,4,6,
25681,15036,771436,19,19,3,5,
25682,1319,771436,3,4,4,6,
25683,2517,771436,3,4,4,7,
25684,14231,771436,19,19,3,7,
25685,18476,771436,31,31,3,8,
25686,7139,771436,15,15,3,8,
25687,7981,771436,3,4,4,8,
25688,1967,771436,3,4,4,9,
25689,1383,771436,3,4,4,9,
25690,1035,771436,3,4,4,9,
25691,1677,771436,3,4,4,8,
25692,2486,771436,3,4,4,8,
25693,12260,771436,25,25,3,8,
25694,2543,771436,3,4,4,8,
25695,3053,771436,3,4,4,8,
25696,1911,771436,3,4,4,9,
25697,2816,771436,3,4,4,8,
25698,1967,771436,3,4,4,8,
25699,3488,771436,3,4,4,7,
25700,8708,771436,3,4,4,8,
25701,2573,771436,3,4,4,7,
25702,15260,771436,21,21,3,8,
25703,13583,771436,27,27,3,8,
25704,5953,771436,3,4,4,8,
25705,11959,771436,23,23,3,8,
25706,12676,771436,3,4,4,7,
25707,14516,771436,3,4,4,8,
25708,14757,771436,23,23,3,8,
25709,12946,771436,31,31,3,7,
25710,9606,771436,19,20,3,8,
25711,9431,771436,17,17,3,7,
25712,10229,771436,21,21,3,9,
25713,15792,771436,29,29,3,8,
25714,18149,771436,29,29,3,8,
25715,9785,771436,19,19,3,8,
25716,2565,771436,3,4,4,8,
25717,16411,771436,29,29,3,7,
25718,3946,771436,3,4,4,8,
25719,1650,771436,3,4,4,8,
25720,24144,771436,13,13,3,9,
25721,1556,771436,3,4,4,8,
25722,15173,771436,3,4,4,8,
25723,11596,771436,25,25,3,8,
25724,18425,771436,29,29,3,8,
25725,16848,771436,33,33,3,8,
25726,17817,771436,3,4,4,8,
25727,7952,771436,17,17,3,8,
25728,14644,771436,25,25,3,9,
25729,8033,771436,3,4,4,8,
25730,15312,771436,31,32,3,8,
25731,11871,771436,21,21,3,8,
25732,655,771436,3,4,4,8,
25733,841,771436,3,4,4,8,
25734,1744,771436,3,4,4,9,
25735,1483,771436,3,4,4,8,
25736,994,771436,3,4,4,8,
25737,21142,771436,29,29,3,8,
25738,4249,771436,3,4,4,8,
25739,21453,771437,3,4,4,8,
25740,2567,771437,3,4,4,8,
25741,17339,771437,29,29,3,8,
25742,19074,771437,21,21,3,9,
25743,7858,771437,3,4,4,8,
25744,20578,771437,29,29,3,8,
25745,18058,771437,33,33,3,8,
25746,17256,771437,31,31,3,8,
25747,16105,771437,29,29,3,9,
25748,1536,771437,3,4,4,9,
25749,8202,771437,17,17,3,9,
25750,16131,771437,25,25,3,9,
25751,13498,771437,23,23,3,9,
25752,10494,771437,33,33,3,8,
25753,11535,771437,25,25,3,9,
25754,14717,771437,29,29,3,8,
25755,11340,771437,3,4,4,8,
25756,18896,771437,15,15,3,9,
25757,11044,771437,29,29,3,8,
25758,9677,771437,3,4,4,8,
25759,11370,771437,3,4,4,8,
25760,13329,771437,31,31,3,9,
25761,12164,771437,3,4,4,8,
25762,1868,771437,3,4,4,8,
25763,2297,771437,3,4,4,8,
25764,2194,771437,3,4,4,8,
25765,32430,771437,29,29,3,8,
25766,2405,771437,3,4,4,8,
25767,9679,771437,21,21,3,7,
25768,31588,771437,3,4,4,8,
25769,7179,771437,3,4,4,8,
25770,7887,771437,17,17,3,8,
25771,15129,771437,31,31,3,9,
25772,7998,771437,3,4,4,9,
25773,2787,771437,3,4,4,9,
25774,12330,771437,19,19,3,9,
25775,2458,771437,3,4,4,8,
25776,13358,771437,23,23,3,9,
25777,8365,771437,17,17,3,9,
25778,18802,771437,31,31,3,8,
25779,19699,771437,31,31,3,8,
25780,13361,771437,29,29,3,9,
25781,6117,771437,15,15,3,8,
25782,12434,771437,21,21,3,9,
25783,16259,771437,27,27,3,8,
25784,8805,771437,19,19,3,9,
25785,13612,771437,29,29,3,9,
25786,12363,771437,3,4,4,8,
25787,12652,771437,27,27,3,9,
25788,16783,771437,31,31,3,9,
25789,17527,771437,3,4,4,8,
25790,904,771437,3,4,4,8,
25791,15649,771437,33,33,3,8,
25792,15973,771437,3,4,4,9,
25793,1402,771437,3,4,4,9,
25794,2263,771437,3,4,4,8,
25795,16989,771437,27,27,3,9,
25796,11754,771437,19,19,3,8,
25797,3498,771437,3,4,4,8,
25798,10446,771437,27,27,3,7,
25799,12994,771437,23,23,3,8,
25800,10562,771437,17,17,3,9,
25801,14374,771437,23,23,3,9,
25802,9299,771437,21,21,3,7,
25803,10972,771437,23,23,3,7,
25804,15646,771437,27,27,3,8,
25805,2929,771437,3,4,4,8,
25806,8773,771437,3,4,4,8,
25807,11322,771437,3,4,4,9,
25808,6411,771437,3,4,4,8,
25809,1853,771437,3,4,4,8,
25810,16125,771437,25,25,3,9,
25811,9194,771437,17,17,3,8,
25812,13721,771437,25,25,3,9,
25813,2292,771437,3,4,4,9,
25814,1634,771437,3,4,4,8,
25815,907,771437,3,4,4,8,
25816,17585,771437,33,33,3,8,
25817,17321,771437,33,33,3,7,
25818,16443,771437,31,31,3,7,
25819,2591,771437,3,4,4,8,
25820,17458,771437,3,4,4,9,
25821,2783,771437,3,4,4,9,
25822,11163,771437,25,25,3,8,
25823,1771,771437,3,4,4,9,
25824,11008,771437,3,4,4,8,
25825,7668,771437,17,17,3,9,
25826,8417,771437,3,4,4,9,
25827,1763,771437,3,4,4,8,
25828,15439,771437,31,31,3,9,
25829,15602,771437,3,4,4,9,
25830,2080,771437,3,4,4,9,
25831,14046,771437,31,31,3,9,
25832,2310,771437,3,4,4,9,
25833,5955,771437,13,13,3,9,
25834,2619,771437,3,4,4,8,
25835,11176,771437,27,27,3,7,
25836,15971,771437,29,29,3,7,
25837,17833,771437,33,33,3,8,
25838,3016,771437,3,4,4,8,
25839,20135,771437,3,4,4,8,
25840,2695,771437,3,4,4,9,
25841,11749,771437,21,21,3,7,
25842,7794,771437,3,4,4,8,
25843,11340,771437,3,4,4,8,
25844,1834,771437,3,4,4,9,
25845,1995,771437,3,4,4,8,
25846,17529,771437,17,17,3,8,
25847,7539,771437,3,4,4,8,
25848,3492,771437,3,4,4,7,
25849,19042,771437,17,17,3,7,
25850,55268,771437,27,27,3,7,
25851,20689,771437,27,28,3,7,
25852,3602,771437,13,13,3,7,
25853,13914,771437,15,15,3,8,
25854,16801,771437,15,15,3,7,
25855,17453,771437,3,4,4,7,
25856,12695,771437,3,4,4,8,
25857,4644,771437,15,15,3,8,
25858,12704,771437,17,17,3,8,
25859,44838,771437,27,27,3,8,
25860,40757,771437,3,4,4,7,
25861,3857,771437,3,4,4,8,
25862,7753,771437,19,19,3,7,
25863,2652,771437,3,4,4,8,
25864,42365,771437,33,33,3,8,
25865,41121,771437,33,33,3,9,
25866,1830,771437,3,4,4,9,
25867,41275,771437,3,4,4,8,
25868,1921,771437,3,4,4,9,
25869,1378,771437,3,4,4,8,
25870,26567,771437,3,4,4,8,
25871,975,771437,3,4,4,8,
25872,24006,771437,3,4,4,9,
25873,33163,771437,17,17,3,8,
25874,11011,771437,17,17,3,9,
25875,14558,771437,33,33,3,8,
25876,6217,771437,3,4,4,9,
25877,8148,771437,19,19,3,8,
25878,8762,771437,3,4,4,9,
25879,4870,771437,3,4,4,9,
25880,2402,771437,3,4,4,8,
25881,11976,771437,23,23,3,9,
25882,1967,771437,3,4,4,7,
25883,12677,771437,25,25,3,7,
25884,11413,771437,19,19,3,8,
25885,934,771437,3,4,4,8,
25886,20062,771437,15,15,3,8,
25887,16062,771437,33,33,3,8,
25888,9872,771437,19,19,3,8,
25889,15766,771437,3,4,4,8,
25890,1779,771437,3,4,4,9,
25891,10756,771437,13,13,3,9,
25892,12515,771437,29,29,3,9,
25893,12770,771437,17,17,3,9,
25894,10431,771437,3,4,4,8,
25895,20393,771437,33,33,3,8,
25896,1418,771437,3,4,4,9,
25897,6729,771437,13,13,3,8,
25898,7255,771437,15,15,3,9,
25899,3435,771437,3,4,4,8,
25900,1868,771437,3,4,4,8,
25901,909,771437,3,4,4,8,
25902,7190,771437,13,13,3,8,
25903,12546,771437,27,27,3,8,
25904,7782,771437,13,13,3,8,
25905,11769,771437,29,29,3,8,
25906,6829,771437,3,4,4,8,
25907,4607,771437,13,13,3,8,
25908,12622,771437,3,4,4,8,
25909,12990,771437,15,15,3,9,
25910,4737,771437,3,4,4,9,
25911,6017,771437,13,13,3,8,
25912,9397,771437,23,23,3,8,
25913,15371,771437,33,33,3,9,
25914,9497,771437,3,4,4,9,
25915,7992,771437,3,4,4,9,
25916,921,771437,3,4,4,7,
25917,13919,771437,27,28,3,8,
25918,11548,771437,3,4,4,8,
25919,1721,771437,3,4,4,8,
25920,13767,771437,3,4,4,9,
25921,15054,771437,33,33,3,8,
25922,12323,771437,27,27,3,8,
25923,13578,771437,29,29,3,8,
25924,12129,771437,3,4,4,8,
25925,15969,771437,31,31,3,9,
25926,16063,771437,3,4,4,9,
25927,19638,771437,29,29,3,9,
25928,20110,771437,3,4,4,9,
25929,1306,771437,3,4,4,9,
25930,1704,771437,3,4,4,7,
25931,1366,771437,3,4,4,8,
25932,1483,771437,3,4,4,8,
25933,1276,771437,3,4,4,7,
25934,1483,771437,3,4,4,7,
25935,13332,771437,31,31,3,7,
25936,1723,771437,3,4,4,8,
25937,5541,771437,15,15,3,8,
25938,6185,771437,3,4,4,8,
25939,14260,771437,3,4,4,7,
25940,9432,771437,23,23,3,9,
25941,15448,771437,31,31,3,9,
25942,11842,771437,19,19,3,8,
25943,13931,771437,15,15,3,8,
25944,14496,771437,21,21,3,8,
25945,22584,771437,23,23,3,9,
25946,18541,771437,23,23,3,8,
25947,20636,771437,29,29,3,8,
25948,2760,771437,3,4,4,9,
25949,5996,771437,13,13,3,7,
25950,3971,771437,3,4,4,8,
25951,18057,771437,31,31,3,9,
25952,15449,771437,23,23,3,8,
25953,8121,771437,13,13,3,8,
25954,2364,771437,3,4,4,9,
25955,1286,771437,3,4,4,8,
25956,1919,771437,3,4,4,8,
25957,10231,771437,17,17,3,8,
25958,7361,771437,17,17,3,8,
25959,2310,771437,3,4,4,9,
25960,2045,771437,3,4,4,9,
25961,2174,771437,3,4,4,8,
25962,19166,771437,33,33,3,8,
25963,3870,771437,3,4,4,8,
25964,19220,771437,3,4,4,9,
25965,5843,771437,3,4,4,8,
25966,10734,771437,17,17,3,8,
25967,7708,771437,17,17,3,9,
25968,16243,771437,33,33,3,8,
25969,9504,771437,3,4,4,8,
25970,2602,771437,3,4,4,8,
25971,1409,771437,3,4,4,8,
25972,9768,771437,25,25,3,8,
25973,10191,771437,21,21,3,8,
25974,10098,771437,3,4,4,8,
25975,6966,771437,15,15,3,9,
25976,9553,771437,3,4,4,9,
25977,1203,771437,3,4,4,9,
25978,1821,771437,3,4,4,8,
25979,8164,771437,17,17,3,8,
25980,3113,771437,3,4,4,8,
25981,7548,771437,3,4,4,9,
25982,14325,771437,31,31,3,9,
25983,2741,771437,3,4,4,7,
25984,2097,771437,3,4,4,8,
25985,14633,771437,3,4,4,8,
25986,2589,771437,3,4,4,9,
25987,24839,771437,33,33,3,8,
25988,1965,771437,3,4,4,8,
25989,2505,771437,3,4,4,7,
25990,19374,771437,31,31,3,8,
25991,25766,771437,29,29,3,9,
25992,13956,771437,25,25,3,8,
25993,12488,771437,23,23,3,8,
25994,9877,771437,23,23,3,8,
25995,20092,771437,33,33,3,8,
25996,10736,771437,3,4,4,9,
25997,2107,771437,3,4,4,9,
25998,13749,771437,31,31,3,8,
25999,13905,771437,23,23,3,8,
26000,13844,771437,3,4,4,8,
26001,9982,771437,23,23,3,8,
26002,4975,771437,13,13,3,8,
26003,12035,771437,3,4,4,8,
26004,14848,771437,29,29,3,8,
26005,8126,771437,3,4,4,9,
26006,11463,771437,25,25,3,8,
26007,11933,771437,25,25,3,8,
26008,11693,771437,3,4,4,8,
26009,2452,771437,3,4,4,8,
26010,2745,771437,3,4,4,8,
26011,2122,771437,3,4,4,8,
26012,2255,771437,3,4,4,8,
26013,2626,771437,3,4,4,9,
26014,13807,771437,29,29,3,8,
26015,13783,771437,31,31,3,8,
26016,2190,771437,3,4,4,8,
26017,14310,771437,3,4,4,8,
26018,17069,771437,13,13,3,8,
26019,2596,771437,3,4,4,9,
26020,1305,771437,3,4,4,8,
26021,1140,771437,3,4,4,8,
26022,10652,771437,29,29,3,8,
26023,1776,771437,3,4,4,9,
26024,13822,771437,31,31,3,8,
26025,11745,771437,27,27,3,6,
26026,11228,771437,27,27,3,8,
26027,14346,771437,3,4,4,9,
26028,11803,771437,3,4,4,8,
26029,2709,771437,3,4,4,8,
26030,5951,771437,3,4,4,8,
26031,2309,771437,3,4,4,7,
26032,3168,771437,3,4,4,8,
26033,2026,771437,3,4,4,9,
26034,15720,771437,19,19,3,7,
26035,3403,771437,3,4,4,7,
26036,2923,771437,3,4,4,8,
26037,14709,771437,33,33,3,8,
26038,5873,771437,13,13,3,8,
26039,10277,771437,13,13,3,8,
26040,15603,771437,25,25,3,8,
26041,9175,771437,13,13,3,8,
26042,2546,771437,3,4,4,9,
26043,9038,771437,3,4,4,8,
26044,14567,771437,3,4,4,8,
26045,2279,771437,3,4,4,9,
26046,14635,771437,33,33,3,8,
26047,14607,771437,31,31,3,8,
26048,7574,771437,15,15,3,9,
26049,1736,771437,3,4,4,8,
26050,19530,771437,33,33,3,8,
26051,10799,771437,23,23,3,8,
26052,11320,771437,3,4,4,9,
26053,8379,771437,21,21,3,8,
26054,9134,771437,3,4,4,8,
26055,16453,771437,3,4,4,8,
26056,2340,771437,3,4,4,9,
26057,2262,771437,3,4,4,9,
26058,15643,771437,29,29,3,7,
26059,5320,771437,13,13,3,8,
26060,15791,771437,3,4,4,8,
26061,9561,771437,23,23,3,9,
26062,1980,771437,3,4,4,7,
26063,11659,771437,27,27,3,7,
26064,19548,771437,33,33,3,9,
26065,9894,771437,21,21,3,7,
26066,5448,771437,3,4,4,8,
26067,14136,771437,19,19,3,9,
26068,1492,771437,3,4,4,8,
26069,8199,771437,19,19,3,9,
26070,1617,771437,3,4,4,8,
26071,7960,771437,3,4,4,8,
26072,2105,771437,3,4,4,8,
26073,1413,771437,3,4,4,8,
26074,15000,771437,31,31,3,7,
26075,6691,771437,17,17,3,8,
26076,900,771437,3,4,4,8,
26077,15373,771437,3,4,4,7,
26078,6950,771437,3,4,4,9,
26079,1581,771437,3,4,4,9,
26080,15132,771437,29,29,3,9,
26081,15491,771437,3,4,4,9,
26082,1961,771437,3,4,4,9,
26083,9567,771437,23,23,3,7,
26084,12808,771437,31,31,3,9,
26085,13196,771437,3,4,4,9,
26086,2559,771437,3,4,4,9,
26087,2391,771437,3,4,4,8,
26088,6380,771437,3,4,4,7,
26089,4434,771437,13,13,3,9,
26090,4217,771437,3,4,4,7,
26091,8386,771437,21,21,3,8,
26092,9602,771437,23,23,3,7,
26093,6617,771437,19,19,3,8,
26094,7449,771437,3,4,4,7,
26095,8503,771437,3,4,4,8,
26096,9925,771437,3,4,4,9,
26097,2712,771437,3,4,4,9,
26098,1864,771437,3,4,4,8,
26099,1794,771437,3,4,4,8,
26100,10831,771437,25,25,3,9,
26101,22296,771437,31,31,3,8,
26102,12668,771437,33,33,3,8,
26103,13550,771437,3,4,4,8,
26104,2106,771437,3,4,4,8,
26105,11894,771437,29,29,3,8,
26106,10219,771437,27,27,3,8,
26107,11890,771437,3,4,4,8,
26108,10398,771437,3,4,4,7,
26109,1862,771437,3,4,4,9,
26110,1674,771437,3,4,4,9,
26111,4668,771437,13,13,3,9,
26112,5555,771437,3,4,4,9,
26113,13644,771437,3,4,4,9,
26114,3017,771437,3,4,4,7,
26115,1390,771437,3,4,4,8,
26116,2284,771437,3,4,4,7,
26117,2612,771437,3,4,4,8,
26118,1270,771437,3,4,4,7,
26119,35722,771437,25,25,3,6,
26120,2137,771437,3,4,4,8,
26121,2209,771437,3,4,4,8,
26122,6129,771437,15,15,3,8,
26123,41418,771437,3,4,4,8,
26124,1922,771437,3,4,4,8,
26125,6234,771437,3,4,4,8,
26126,1777,771437,3,4,4,9,
26127,6603,771437,19,19,3,8,
26128,1243,771437,3,4,4,8,
26129,6780,771437,3,4,4,9,
26130,1933,771437,3,4,4,9,
26131,30223,771437,13,13,3,8,
26132,34974,771437,3,4,4,8,
26133,38863,771437,29,29,3,9,
26134,1505,771437,3,4,4,8,
26135,38912,771437,3,4,4,9,
26136,30540,771437,21,21,3,7,
26137,26010,771437,3,4,4,8,
26138,37418,771437,27,27,3,9,
26139,42160,771437,29,29,3,9,
26140,13967,771437,25,25,3,7,
26141,15401,771437,19,19,3,8,
26142,21751,771437,27,27,3,8,
26143,1055,771437,3,4,4,8,
26144,15130,771437,25,25,3,8,
26145,14146,771437,29,29,3,9,
26146,19713,771437,31,31,3,8,
26147,6683,771437,15,15,3,9,
26148,6866,771437,3,4,4,8,
26149,15834,771437,3,4,4,9,
26150,2519,771437,3,4,4,8,
26151,13085,771437,23,23,3,9,
26152,16616,771437,33,33,3,8,
26153,15778,771437,25,25,3,8,
26154,19415,771437,27,27,3,9,
26155,1490,771437,3,4,4,8,
26156,8226,771437,15,15,3,8,
26157,5760,771437,3,4,4,8,
26158,8072,771437,3,4,4,8,
26159,15481,771437,23,23,3,8,
26160,14808,771437,31,31,3,9,
26161,14637,771437,3,4,4,8,
26162,22824,771437,33,33,3,8,
26163,14685,771437,21,21,3,9,
26164,5477,771437,3,4,4,8,
26165,12923,771437,17,17,3,9,
26166,15943,771437,27,27,3,8,
26167,832,771437,3,4,4,9,
26168,11055,771437,19,19,3,9,
26169,12001,771437,27,27,3,9,
26170,13339,771437,3,4,4,9,
26171,10340,771437,17,17,3,8,
26172,8786,771437,25,25,3,8,
26173,28913,771437,29,29,3,8,
26174,1530,771437,3,4,4,9,
26175,16692,771437,29,29,3,8,
26176,13848,771437,25,25,3,9,
26177,2136,771437,3,4,4,9,
26178,2185,771437,3,4,4,8,
26179,2950,771437,3,4,4,9,
26180,8708,771437,25,25,3,7,
26181,11067,771437,19,19,3,7,
26182,3064,771437,3,4,4,8,
26183,9552,771437,3,4,4,9,
26184,11520,771437,17,17,3,8,
26185,10657,771437,3,4,4,9,
26186,14916,771437,17,17,3,9,
26187,7040,771437,15,15,3,9,
26188,17309,771437,25,25,3,8,
26189,14420,771437,25,25,3,9,
26190,7527,771437,17,17,3,8,
26191,13828,771437,29,29,3,8,
26192,7479,771437,3,4,4,8,
26193,1708,771437,3,4,4,8,
26194,1834,771437,3,4,4,9,
26195,8429,771437,3,4,4,8,
26196,1900,771437,3,4,4,9,
26197,12777,771437,25,25,3,9,
26198,12997,771437,3,4,4,9,
26199,2210,771437,3,4,4,8,
26200,13933,771437,33,33,3,9,
26201,10972,771437,23,23,3,8,
26202,10008,771437,3,4,4,8,
26203,1356,771437,3,4,4,9,
26204,12075,771437,29,29,3,9,
26205,11899,771437,3,4,4,8,
26206,8893,771437,3,4,4,8,
26207,11447,771437,33,33,3,9,
26208,10948,771437,3,4,4,9,
26209,2088,771437,3,4,4,9,
26210,5572,771437,13,13,3,9,
26211,5299,771437,3,4,4,8,
26212,2145,771437,3,4,4,8,
26213,2024,771437,3,4,4,9,
26214,1547,771437,3,4,4,8,
26215,2061,771437,3,4,4,7,
26216,16195,771437,19,19,3,8,
26217,13753,771437,21,21,3,8,
26218,2169,771437,3,4,4,8,
26219,29068,771437,19,19,3,8,
26220,2448,771437,3,4,4,7,
26221,2212,771437,3,4,4,8,
26222,11453,771437,23,23,3,8,
26223,8371,771437,15,15,3,8,
26224,9770,771437,13,13,3,8,
26225,2036,771437,3,4,4,9,
26226,16438,771437,33,33,3,8,
26227,10064,771437,21,21,3,8,
26228,6285,771437,19,19,3,8,
26229,9773,771437,3,4,4,9,
26230,812,771437,3,4,4,8,
26231,15299,771437,25,25,3,9,
26232,15396,771437,3,4,4,9,
26233,9541,771437,19,19,3,9,
26234,10521,771437,19,19,3,8,
26235,7001,771437,13,13,3,8,
26236,15046,771437,23,23,3,9,
26237,12618,771437,21,21,3,8,
26238,17502,771437,25,25,3,9,
26239,3126,771437,3,4,4,9,
26240,10092,771437,21,21,3,9,
26241,2516,771437,3,4,4,9,
26242,17699,771437,31,31,3,8,
26243,7714,771437,15,15,3,8,
26244,16735,771437,33,33,3,8,
26245,18106,771437,27,27,3,8,
26246,18195,771437,3,4,4,8,
26247,1982,771437,3,4,4,9,
26248,12294,771437,27,27,3,8,
26249,12897,771437,23,23,3,8,
26250,12366,771437,3,4,4,9,
26251,11823,771437,25,25,3,8,
26252,13428,771437,3,4,4,8,
26253,9914,771437,21,21,3,8,
26254,3050,771437,3,4,4,8,
26255,10241,771437,27,27,3,8,
26256,10844,771437,3,4,4,8,
26257,3537,771437,3,4,4,9,
26258,8941,771437,19,19,3,6,
26259,2941,771437,3,4,4,8,
26260,8542,771437,13,13,3,8,
26261,13622,771437,25,25,3,9,
26262,8838,771437,3,4,4,8,
26263,17659,771437,31,31,3,8,
26264,9249,771437,17,17,3,8,
26265,13486,771437,25,25,3,8,
26266,17008,771437,3,4,4,8,
26267,1866,771437,3,4,4,7,
26268,21161,771437,31,31,3,8,
26269,8891,771437,15,15,3,8,
26270,2319,771437,3,4,4,9,
26271,8498,771437,3,4,4,7,
26272,2071,771437,3,4,4,9,
26273,8427,771437,19,19,3,9,
26274,8429,771437,17,17,3,9,
26275,8611,771437,3,4,4,9,
26276,12346,771437,23,23,3,9,
26277,7530,771437,13,13,3,9,
26278,16408,771437,33,33,3,8,
26279,1836,771437,3,4,4,8,
26280,16571,771437,3,4,4,9,
26281,18181,771437,27,27,3,8,
26282,11919,771437,21,21,3,9,
26283,1539,771437,3,4,4,8,
26284,11322,771437,3,4,4,9,
26285,1753,771437,3,4,4,8,
26286,2186,771437,3,4,4,9,
26287,14529,771437,23,23,3,8,
26288,16000,771437,31,31,3,8,
26289,16751,771437,33,33,3,9,
26290,9730,771437,15,15,3,9,
26291,14519,771437,31,31,3,9,
26292,1230,771437,3,4,4,9,
26293,6702,771437,13,13,3,9,
26294,7035,771437,3,4,4,9,
26295,1301,771437,3,4,4,9,
26296,10520,771437,17,17,3,8,
26297,21111,771437,31,32,3,9,
26298,11472,771437,3,4,4,8,
26299,20421,771437,3,4,4,9,
26300,7062,771437,3,4,4,9,
26301,13700,771437,23,23,3,8,
26302,2455,771437,3,4,4,9,
26303,12431,771437,27,27,3,9,
26304,2428,771437,3,4,4,8,
26305,2336,771437,3,4,4,8,
26306,16518,771437,33,33,3,8,
26307,11578,771437,15,15,3,9,
26308,8960,771437,21,21,3,8,
26309,19235,771437,31,32,3,8,
26310,12060,771437,19,19,3,8,
26311,18528,771437,33,33,3,8,
26312,1214,771437,3,4,4,8,
26313,10083,771437,23,23,3,9,
26314,14450,771437,21,21,3,8,
26315,9137,771437,21,21,3,9,
26316,9999,771437,3,4,4,9,
26317,8147,771437,21,21,3,8,
26318,8974,771437,3,4,4,7,
26319,10724,771437,3,4,4,8,
26320,9228,771437,3,4,4,9,
26321,1555,771437,3,4,4,8,
26322,11764,771437,21,21,3,8,
26323,2141,771437,3,4,4,8,
26324,2573,771437,3,4,4,8,
26325,11771,771437,3,4,4,9,
26326,12574,771437,23,23,3,8,
26327,3129,771437,3,4,4,8,
26328,11119,771437,23,23,3,8,
26329,12439,771437,3,4,4,9,
26330,13818,771437,29,29,3,8,
26331,12614,771437,25,25,3,8,
26332,19416,771437,31,31,3,9,
26333,13039,771437,3,4,4,8,
26334,17714,771437,29,29,3,9,
26335,9049,771437,19,19,3,9,
26336,12477,771437,23,23,3,9,
26337,4863,771437,3,4,4,9,
26338,11501,771437,25,25,3,8,
26339,12495,771437,3,4,4,8,
26340,7209,771437,15,15,3,8,
26341,2534,771437,3,4,4,9,
26342,7411,771437,15,15,3,8,
26343,2400,771437,3,4,4,8,
26344,15132,771437,25,25,3,9,
26345,6025,771437,3,4,4,8,
26346,15711,771437,3,4,4,8,
26347,962,771437,3,4,4,8,
26348,1707,771437,3,4,4,8,
26349,12023,771437,27,27,3,8,
26350,15896,771437,29,29,3,8,
26351,22874,771437,31,31,3,7,
26352,5919,771437,13,13,3,8,
26353,11001,771437,23,23,3,8,
26354,2362,771437,3,4,4,9,
26355,27895,771437,13,13,3,8,
26356,1653,771437,3,4,4,9,
26357,6985,771437,13,13,3,8,
26358,7931,771437,3,4,4,8,
26359,20760,771437,31,31,3,9,
26360,2299,771437,3,4,4,8,
26361,3133,771437,3,4,4,8,
26362,1742,771437,3,4,4,8,
26363,12713,771437,15,15,3,8,
26364,1736,771437,3,4,4,8,
26365,3088,771437,3,4,4,8,
26366,9584,771437,21,21,3,8,
26367,2116,771437,3,4,4,9,
26368,1757,771437,3,4,4,8,
26369,2593,771437,3,4,4,8,
26370,13866,771437,23,23,3,9,
26371,18129,771437,25,25,3,8,
26372,21095,771437,25,25,3,9,
26373,18049,771437,3,4,4,8,
26374,12821,771437,19,19,3,9,
26375,1956,771437,3,4,4,8,
26376,11408,771437,27,27,3,8,
26377,1297,771437,3,4,4,8,
26378,11716,771437,25,25,3,9,
26379,13066,771437,31,31,3,8,
26380,10794,771437,3,4,4,9,
26381,12242,771437,3,4,4,9,
26382,18315,771437,21,21,3,8,
26383,11702,771437,27,27,3,9,
26384,1591,771437,3,4,4,9,
26385,10254,771437,25,25,3,8,
26386,14640,771437,3,4,4,8,
26387,10158,771437,19,19,3,9,
26388,6692,771437,3,4,4,9,
26389,1770,771437,3,4,4,9,
26390,8983,771437,15,15,3,8,
26391,9947,771437,3,4,4,8,
26392,1145,771437,3,4,4,9,
26393,15314,771437,33,33,3,9,
26394,8586,771437,19,19,3,9,
26395,1030,771437,3,4,4,9,
26396,8313,771437,17,17,3,8,
26397,9268,771437,3,4,4,8,
26398,1652,771437,3,4,4,9,
26399,2320,771437,3,4,4,8,
26400,1791,771437,3,4,4,7,
26401,9257,771437,19,19,3,8,
26402,2464,771437,3,4,4,8,
26403,9303,771437,19,19,3,9,
26404,8437,771437,3,4,4,7,
26405,9570,771437,3,4,4,8,
26406,1707,771437,3,4,4,9,
26407,2437,771437,3,4,4,8,
26408,24443,771437,17,17,3,9,
26409,2584,771437,3,4,4,8,
26410,2215,771437,3,4,4,9,
26411,28509,771437,25,25,3,7,
26412,27188,771437,31,31,3,8,
26413,33035,771437,31,31,3,8,
26414,28568,771437,3,4,4,7,
26415,41824,771437,31,31,3,9,
26416,37084,771437,31,31,3,9,
26417,36283,771437,25,25,3,8,
26418,32057,771437,27,27,3,9,
26419,33747,771437,27,27,3,9,
26420,6885,771437,15,15,3,7,
26421,4406,771437,3,4,4,8,
26422,18514,771437,29,29,3,8,
26423,4784,771437,13,13,3,9,
26424,20788,771437,31,31,3,8,
26425,16279,771437,17,17,3,8,
26426,21809,771437,33,33,3,8,
26427,4973,771437,3,4,4,8,
26428,17570,771437,31,31,3,8,
26429,1774,771437,3,4,4,9,
26430,19028,771437,25,25,3,8,
26431,10306,771437,21,21,3,9,
26432,19056,771437,29,29,3,8,
26433,5342,771437,13,13,3,9,
26434,11838,771437,3,4,4,9,
26435,9376,771437,23,23,3,8,
26436,17341,771437,25,25,3,9,
26437,13082,771437,21,21,3,8,
26438,4737,771437,3,4,4,8,
26439,12525,771437,15,15,3,8,
26440,13132,771437,29,29,3,9,
26441,13431,771437,3,4,4,8,
26442,9050,771437,17,17,3,9,
26443,19057,771437,29,29,3,8,
26444,2782,771437,3,4,4,8,
26445,5978,771437,13,13,3,8,
26446,12044,771437,29,29,3,8,
26447,11710,771437,25,25,3,8,
26448,10377,771437,3,4,4,8,
26449,2918,771437,3,4,4,8,
26450,8673,771437,3,4,4,9,
26451,11114,771437,3,4,4,9,
26452,10125,771437,23,23,3,8,
26453,2345,771437,3,4,4,8,
26454,10853,771437,3,4,4,7,
26455,8688,771437,29,29,3,8,
26456,8456,771437,3,4,4,8,
26457,2053,771437,3,4,4,8,
26458,2283,771437,3,4,4,9,
26459,6676,771437,19,19,3,8,
26460,1340,771437,3,4,4,8,
26461,7504,771437,3,4,4,9,
26462,2223,771437,3,4,4,8,
26463,1754,771437,3,4,4,8,
26464,2254,771437,3,4,4,8,
26465,1276,771437,3,4,4,8,
26466,2554,771437,3,4,4,8,
26467,1659,771437,3,4,4,8,
26468,15730,771437,25,25,3,8,
26469,10190,771437,27,27,3,9,
26470,16296,771437,3,4,4,7,
26471,10911,771437,3,4,4,7,
26472,5087,771437,15,15,3,8,
26473,6222,771437,13,13,3,8,
26474,5127,771437,3,4,4,9,
26475,9650,771437,19,19,3,8,
26476,10647,771437,21,21,3,9,
26477,12304,771437,19,19,3,9,
26478,16429,771437,29,29,3,9,
26479,16743,771437,3,4,4,9,
26480,9581,771437,21,21,3,8,
26481,2127,771437,3,4,4,9,
26482,19530,771437,33,33,3,8,
26483,6232,771437,3,4,4,8,
26484,26610,771437,19,19,3,8,
26485,18632,771437,33,33,3,9,
26486,2554,771437,3,4,4,9,
26487,5309,771437,13,13,3,8,
26488,2290,771437,3,4,4,8,
26489,8502,771437,23,23,3,9,
26490,2251,771437,3,4,4,8,
26491,8225,771437,3,4,4,9,
26492,12537,771437,25,25,3,9,
26493,12807,771437,3,4,4,9,
26494,6702,771437,13,13,3,9,
26495,1510,771437,3,4,4,9,
26496,17490,771437,25,25,3,8,
26497,10584,771437,25,25,3,9,
26498,11641,771437,15,15,3,9,
26499,11882,771437,3,4,4,8,
26500,12839,771437,15,15,3,9,
26501,22389,771437,17,17,3,9,
26502,14211,771437,19,19,3,9,
26503,8197,771437,17,17,3,9,
26504,21060,771437,33,33,3,9,
26505,7220,771437,15,15,3,9,
26506,27754,771437,33,33,3,9,
26507,11757,771437,19,19,3,8,
26508,14528,771437,3,4,4,9,
26509,14885,771437,25,25,3,8,
26510,15567,771437,29,29,3,9,
26511,8759,771437,15,15,3,8,
26512,14653,771437,3,4,4,9,
26513,6185,771437,15,15,3,9,
26514,27712,771437,33,33,3,8,
26515,11246,771437,29,29,3,9,
26516,10359,771437,3,4,4,9,
26517,15905,771437,33,33,3,8,
26518,16090,771437,3,4,4,8,
26519,7190,771437,15,15,3,9,
26520,6722,771437,13,13,3,8,
26521,11593,771437,31,31,3,8,
26522,9637,771437,25,25,3,9,
26523,7496,771437,3,4,4,8,
26524,1320,771437,3,4,4,8,
26525,5305,771437,3,4,4,9,
26526,1208,771437,3,4,4,9,
26527,9606,771437,25,25,3,8,
26528,10076,771437,3,4,4,8,
26529,21857,771437,25,25,3,8,
26530,6022,771437,19,19,3,9,
26531,6317,771437,3,4,4,8,
26532,12870,771437,31,31,3,8,
26533,1182,771437,3,4,4,8,
26534,12636,771437,3,4,4,8,
26535,14133,771437,29,29,3,9,
26536,14813,771437,3,4,4,9,
26537,2215,771437,3,4,4,8,
26538,13926,771437,33,33,3,8,
26539,8605,771437,19,19,3,8,
26540,13922,771437,3,4,4,9,
26541,5053,771437,13,13,3,9,
26542,9867,771437,3,4,4,9,
26543,7925,771437,17,17,3,8,
26544,1149,771437,3,4,4,9,
26545,2083,771437,3,4,4,9,
26546,2843,771437,3,4,4,9,
26547,6331,771437,3,4,4,9,
26548,2043,771437,3,4,4,8,
26549,1794,771437,3,4,4,7,
26550,12413,771437,27,27,3,9,
26551,1560,771437,3,4,4,7,
26552,12305,771437,3,4,4,7,
26553,1934,771437,3,4,4,7,
26554,18513,771437,25,25,3,8,
26555,24959,771437,31,31,3,8,
26556,1580,771437,3,4,4,8,
26557,13813,771437,19,19,3,8,
26558,10996,771437,15,15,3,8,
26559,23962,771437,29,29,3,8,
26560,2156,771437,3,4,4,9,
26561,17247,771437,25,25,3,8,
26562,23955,771437,29,29,3,9,
26563,10500,771437,25,25,3,9,
26564,16794,771437,19,19,3,8,
26565,10243,771437,19,19,3,8,
26566,12116,771437,23,23,3,9,
26567,4043,771437,3,4,4,9,
26568,9088,771437,21,21,3,8,
26569,21106,771437,33,33,3,9,
26570,21042,771437,3,4,4,8,
26571,23796,771437,23,23,3,9,
26572,9316,771437,15,15,3,9,
26573,1094,771437,3,4,4,8,
26574,28009,771437,31,31,3,8,
26575,2195,771437,3,4,4,8,
26576,9003,771437,13,13,3,9,
26577,28306,771437,3,4,4,8,
26578,1141,771437,3,4,4,8,
26579,1784,771437,3,4,4,8,
26580,4359,771437,3,4,4,8,
26581,26950,771437,33,33,3,8,
26582,15886,771437,15,15,3,9,
26583,28634,771437,33,33,3,7,
26584,25621,771437,23,23,3,8,
26585,24563,771437,21,21,3,9,
26586,897,771437,3,4,4,8,
26587,17237,771437,29,29,3,9,
26588,12727,771437,21,21,3,8,
26589,17167,771437,3,4,4,8,
26590,23314,771437,33,33,3,8,
26591,1252,771437,3,4,4,7,
26592,2515,771437,3,4,4,7,
26593,24436,771437,33,33,3,7,
26594,13638,771437,3,4,4,8,
26595,2389,771437,3,4,4,8,
26596,24301,771437,3,4,4,7,
26597,9017,771437,13,13,3,8,
26598,2142,771437,3,4,4,8,
26599,2257,771437,3,4,4,8,
26600,1604,771437,3,4,4,8,
26601,7707,771437,3,4,4,8,
26602,8962,771437,13,13,3,7,
26603,1550,771437,3,4,4,8,
26604,1854,771437,3,4,4,8,
26605,13542,771437,23,23,3,8,
26606,1038,771437,3,4,4,8,
26607,16109,771437,25,25,3,7,
26608,33313,771437,23,23,3,9,
26609,2141,771437,3,4,4,8,
26610,9327,771437,13,13,3,8,
26611,6299,771437,13,13,3,9,
26612,12945,771437,29,29,3,8,
26613,15985,771437,31,31,3,8,
26614,9177,771437,3,4,4,8,
26615,8725,771437,3,4,4,8,
26616,11425,771437,3,4,4,9,
26617,16707,771437,25,25,3,7,
26618,13981,771437,15,15,3,7,
26619,22181,771437,29,29,3,7,
26620,23135,771437,21,21,3,7,
26621,20016,771437,27,27,3,9,
26622,1985,771437,3,4,4,8,
26623,1111,771437,3,4,4,8,
26624,18459,771437,27,27,3,8,
26625,16293,771437,33,33,3,8,
26626,17663,771437,3,4,4,8,
26627,15565,771437,3,4,4,8,
26628,9184,771437,3,4,4,8,
26629,19448,771437,25,25,3,8,
26630,8761,771437,3,4,4,9,
26631,13013,771438,19,19,3,8,
26632,15657,771438,31,31,3,9,
26633,15762,771438,25,25,3,8,
26634,23429,771438,33,33,3,7,
26635,14838,771438,3,4,4,7,
26636,17106,771438,25,25,3,8,
26637,38668,771438,23,23,3,8,
26638,6511,771438,17,17,3,9,
26639,5633,771438,3,4,4,9,
26640,1110,771438,3,4,4,9,
26641,1202,771438,3,4,4,9,
26642,17407,771438,31,31,3,8,
26643,19805,771438,23,23,3,8,
26644,16769,771438,25,25,3,8,
26645,9055,771438,17,17,3,9,
26646,3522,771438,3,4,4,8,
26647,6255,771438,3,4,4,8,
26648,10988,771438,17,17,3,9,
26649,10847,771438,3,4,4,8,
26650,22287,771438,29,29,3,9,
26651,985,771438,3,4,4,8,
26652,1122,771438,3,4,4,8,
26653,15593,771438,23,23,3,8,
26654,18460,771438,3,4,4,8,
26655,16756,771438,3,4,4,8,
26656,11864,771438,25,25,3,8,
26657,7350,771438,13,13,3,8,
26658,1155,771438,3,4,4,8,
26659,1877,771438,3,4,4,8,
26660,22677,771438,25,25,3,8,
26661,8997,771438,15,15,3,8,
26662,16012,771438,25,25,3,8,
26663,7255,771438,3,4,4,9,
26664,3005,771438,3,4,4,8,
26665,49056,771438,25,25,3,8,
26666,3747,771438,3,4,4,8,
26667,39872,771438,23,23,3,8,
26668,2424,771438,3,4,4,8,
26669,26531,771438,23,23,3,8,
26670,3601,771438,3,4,4,8,
26671,1719,771438,3,4,4,9,
26672,37847,771438,25,25,3,8,
26673,2183,771438,3,4,4,8,
26674,3836,771438,3,4,4,8,
26675,1951,771438,3,4,4,8,
26676,755,771438,3,4,4,7,
26677,47950,771438,33,33,3,8,
26678,51451,771438,31,31,3,8,
26679,41322,771438,29,29,3,8,
26680,46727,771438,33,33,3,8,
26681,28597,771438,13,13,3,8,
26682,32386,771438,3,4,4,8,
26683,5743,771438,3,4,4,8,
26684,23744,771438,19,19,3,8,
26685,8825,771438,3,4,4,7,
26686,5153,771438,3,4,4,9,
26687,1997,771438,3,4,4,8,
26688,19550,771438,3,4,4,9,
26689,12602,771438,17,17,3,8,
26690,12441,771438,15,15,3,8,
26691,2198,771438,3,4,4,8,
26692,24702,771438,17,17,3,8,
26693,21209,771438,21,21,3,9,
26694,19744,771438,3,4,4,8,
26695,1376,771438,3,4,4,8,
26696,23535,771438,27,27,3,9,
26697,10914,771438,19,19,3,9,
26698,13115,771438,17,17,3,8,
26699,1043,771438,3,4,4,8,
26700,20906,771438,27,27,3,8,
26701,20899,771438,3,4,4,8,
26702,1293,771438,3,4,4,9,
26703,1822,771438,3,4,4,8,
26704,17386,771438,25,25,3,8,
26705,17643,771438,3,4,4,7,
26706,10918,771438,13,13,3,8,
26707,1839,771438,3,4,4,8,
26708,638,771438,3,4,4,8,
26709,2183,771438,3,4,4,8,
26710,12997,771438,19,19,3,5,
26711,1183,771438,3,4,4,8,
26712,9803,771438,17,17,3,6,
26713,15120,771438,3,4,4,6,
26714,12707,771438,3,4,4,8,
26715,1860,771438,3,4,4,8,
26716,1476,771438,3,4,4,8,
26717,1920,771438,3,4,4,8,
26718,1544,771438,3,4,4,8,
26719,1798,771438,3,4,4,7,
26720,3558,771438,3,4,4,7,
26721,2826,771438,3,4,4,6,
26722,2989,771438,3,4,4,6,
26723,3547,771438,3,4,4,5,
26724,1232,771438,3,4,4,6,
26725,15722,771438,21,21,3,6,
26726,19692,771438,31,31,3,7,
26727,5874,771438,3,4,4,7,
26728,2862,771438,3,4,4,7,
26729,7977,771438,3,4,4,9,
26730,20770,771438,27,27,3,8,
26731,26569,771438,19,19,3,7,
26732,3705,771438,3,4,4,7,
26733,33797,771438,27,27,3,7,
26734,26929,771438,31,31,3,8,
26735,2917,771438,3,4,4,7,
26736,4871,771438,3,4,4,8,
26737,29319,771438,25,25,3,8,
26738,17889,771438,15,15,3,8,
26739,2114,771438,3,4,4,8,
26740,1346,771438,3,4,4,8,
26741,2963,771438,3,4,4,9,
26742,1765,771438,3,4,4,8,
26743,22825,771438,19,19,3,8,
26744,30071,771438,29,29,3,8,
26745,20208,771438,25,25,3,9,
26746,27490,771438,33,33,3,8,
26747,5008,771438,13,13,3,9,
26748,14938,771438,17,17,3,8,
26749,14038,771438,21,21,3,9,
26750,9860,771438,25,25,3,9,
26751,11766,771438,23,23,3,8,
26752,10301,771438,3,4,4,8,
26753,6284,771438,3,4,4,8,
26754,5185,771438,3,4,4,8,
26755,6928,771438,17,17,3,8,
26756,12323,771438,17,17,3,9,
26757,3207,771438,3,4,4,8,
26758,1669,771438,3,4,4,8,
26759,14828,771438,23,23,3,8,
26760,1496,771438,3,4,4,7,
26761,13189,771438,17,17,3,7,
26762,17117,771438,27,27,3,7,
26763,12469,771438,27,27,3,8,
26764,17711,771438,21,21,3,8,
26765,18205,771438,23,23,3,8,
26766,12451,771438,3,4,4,7,
26767,14496,771438,21,21,3,8,
26768,18797,771438,3,4,4,9,
26769,15006,771438,13,13,3,8,
26770,1975,771438,3,4,4,8,
26771,2727,771438,3,4,4,6,
26772,8305,771438,13,13,3,8,
26773,1243,771438,3,4,4,8,
26774,10792,771438,19,19,3,7,
26775,1158,771438,3,4,4,7,
26776,14687,771438,33,33,3,8,
26777,7618,771438,17,17,3,8,
26778,8100,771438,3,4,4,8,
26779,17617,771438,19,19,3,8,
26780,4427,771438,3,4,4,9,
26781,16746,771438,21,21,3,7,
26782,19871,771438,13,13,3,8,
26783,17581,771438,21,21,3,9,
26784,12418,771438,23,23,3,7,
26785,11321,771438,21,21,3,8,
26786,18373,771438,29,29,3,8,
26787,9878,771438,3,4,4,8,
26788,24700,771438,33,33,3,9,
26789,20786,771438,3,4,4,8,
26790,11696,771438,19,19,3,8,
26791,30377,771438,33,33,3,7,
26792,13894,771438,23,23,3,7,
26793,10102,771438,21,21,3,8,
26794,5633,771438,3,4,4,9,
26795,12081,771438,3,4,4,9,
26796,1959,771438,3,4,4,8,
26797,17480,771438,33,33,3,9,
26798,4110,771438,3,4,4,9,
26799,15730,771438,33,33,3,8,
26800,20417,771438,3,4,4,8,
26801,1111,771438,3,4,4,9,
26802,1855,771438,3,4,4,8,
26803,13919,771438,21,21,3,9,
26804,8162,771438,15,15,3,8,
26805,12730,771438,25,25,3,8,
26806,16453,771438,31,31,3,8,
26807,12477,771438,17,17,3,8,
26808,17862,771438,3,4,4,8,
26809,4461,771438,13,13,3,8,
26810,7796,771438,15,15,3,8,
26811,9461,771438,3,4,4,9,
26812,12847,771438,23,23,3,8,
26813,16661,771438,27,27,3,8,
26814,1980,771438,3,4,4,8,
26815,15207,771438,33,33,3,8,
26816,18879,771438,33,33,3,8,
26817,17737,771438,25,25,3,9,
26818,30472,771438,31,31,3,8,
26819,8609,771438,13,13,3,8,
26820,2416,771438,3,4,4,9,
26821,2191,771438,3,4,4,8,
26822,8155,771438,3,4,4,9,
26823,2157,771438,3,4,4,9,
26824,8636,771438,19,19,3,8,
26825,8476,771438,3,4,4,8,
26826,5639,771438,3,4,4,7,
26827,2722,771438,3,4,4,9,
26828,2766,771438,3,4,4,8,
26829,15155,771438,33,33,3,8,
26830,20508,771438,29,29,3,8,
26831,17933,771438,33,33,3,7,
26832,22108,771438,31,31,3,8,
26833,14899,771438,3,4,4,7,
26834,20547,771438,3,4,4,8,
26835,12444,771438,17,17,3,8,
26836,14974,771438,25,25,3,8,
26837,12915,771438,3,4,4,8,
26838,6730,771438,13,13,3,8,
26839,20830,771438,29,29,3,9,
26840,1282,771438,3,4,4,8,
26841,20489,771438,3,4,4,8,
26842,11734,771438,25,25,3,8,
26843,12804,771438,3,4,4,8,
26844,10080,771438,21,21,3,8,
26845,20833,771438,29,29,3,8,
26846,7397,771438,15,15,3,9,
26847,1384,771438,3,4,4,8,
26848,6543,771438,3,4,4,7,
26849,15489,771438,31,31,3,9,
26850,16149,771438,3,4,4,9,
26851,17784,771438,25,25,3,7,
26852,17142,771438,27,27,3,7,
26853,7351,771438,17,17,3,8,
26854,2827,771438,3,4,4,9,
26855,27223,771438,33,33,3,9,
26856,14667,771438,25,25,3,8,
26857,11797,771438,25,25,3,8,
26858,10460,771438,3,4,4,8,
26859,16934,771438,29,30,3,9,
26860,18607,771438,29,29,3,8,
26861,9422,771438,3,4,4,8,
26862,18298,771438,3,4,4,8,
26863,1617,771438,3,4,4,7,
26864,21595,771438,31,31,3,9,
26865,12003,771438,3,4,4,8,
26866,1847,771438,3,4,4,8,
26867,10658,771438,25,25,3,8,
26868,5281,771438,15,15,3,8,
26869,19911,771438,3,4,4,8,
26870,6643,771438,17,17,3,9,
26871,14637,771438,27,27,3,8,
26872,9196,771438,15,15,3,9,
26873,9100,771438,3,4,4,9,
26874,13380,771438,21,21,3,9,
26875,10413,771438,15,15,3,7,
26876,12883,771438,3,4,4,8,
26877,14243,771438,23,23,3,8,
26878,10210,771438,17,17,3,9,
26879,11657,771438,13,13,3,9,
26880,19754,771438,29,29,3,8,
26881,15070,771438,31,31,3,9,
26882,11839,771438,19,19,3,7,
26883,13386,771438,25,25,3,8,
26884,15137,771438,3,4,4,8,
26885,14015,771438,3,4,4,8,
26886,9343,771438,19,19,3,9,
26887,9027,771438,17,17,3,8,
26888,8430,771438,3,4,4,8,
26889,11141,771438,3,4,4,9,
26890,4440,771438,13,13,3,8,
26891,2318,771438,3,4,4,8,
26892,5851,771438,3,4,4,8,
26893,3301,771438,3,4,4,7,
26894,8132,771438,19,19,3,8,
26895,3272,771438,3,4,4,9,
26896,7745,771438,3,4,4,8,
26897,18040,771438,27,27,3,8,
26898,3206,771438,3,4,4,8,
26899,13019,771438,17,17,3,8,
26900,15049,771438,17,17,3,8,
26901,18046,771438,3,4,4,9,
26902,22057,771438,23,23,3,8,
26903,16448,771438,29,29,3,9,
26904,12400,771438,21,21,3,8,
26905,13648,771438,21,21,3,9,
26906,18625,771438,17,17,3,8,
26907,19030,771438,31,31,3,9,
26908,5354,771438,3,4,4,8,
26909,7011,771438,17,17,3,8,
26910,14446,771438,25,25,3,9,
26911,7660,771438,3,4,4,8,
26912,11266,771438,23,23,3,8,
26913,5309,771438,13,13,3,9,
26914,17579,771438,13,13,3,8,
26915,19993,771438,29,29,3,8,
26916,9299,771438,21,21,3,8,
26917,17821,771438,27,27,3,8,
26918,17317,771438,3,4,4,8,
26919,2264,771438,3,4,4,8,
26920,55705,771438,25,25,3,8,
26921,1199,771438,3,4,4,9,
26922,39016,771438,33,33,3,8,
26923,9720,771438,23,23,3,8,
26924,9686,771438,17,17,3,9,
26925,45835,771438,29,29,3,8,
26926,42833,771438,33,33,3,8,
26927,2427,771438,3,4,4,8,
26928,41823,771438,3,4,4,7,
26929,43200,771438,29,29,3,8,
26930,3334,771438,3,4,4,8,
26931,44030,771438,29,29,3,8,
26932,40103,771438,3,4,4,8,
26933,2390,771438,3,4,4,9,
26934,1810,771438,3,4,4,9,
26935,40211,771438,31,31,3,8,
26936,40848,771438,3,4,4,8,
26937,13989,771438,25,25,3,8,
26938,6955,771438,15,15,3,8,
26939,5933,771438,3,4,4,7,
26940,1981,771438,3,4,4,8,
26941,11536,771438,3,4,4,8,
26942,1635,771438,3,4,4,8,
26943,2609,771438,3,4,4,8,
26944,1365,771438,3,4,4,9,
26945,15913,771438,31,31,3,8,
26946,20291,771438,33,33,3,9,
26947,16998,771438,3,4,4,8,
26948,1856,771438,3,4,4,8,
26949,20118,771438,3,4,4,8,
26950,1003,771438,3,4,4,8,
26951,14626,771438,19,19,3,7,
26952,1279,771438,3,4,4,8,
26953,8239,771438,19,19,3,8,
26954,12296,771438,23,23,3,8,
26955,13822,771438,3,4,4,8,
26956,1323,771438,3,4,4,9,
26957,819,771438,3,4,4,8,
26958,1028,771438,3,4,4,8,
26959,2183,771438,3,4,4,9,
26960,15291,771438,25,25,3,8,
26961,9255,771438,17,17,3,8,
26962,15357,771438,3,4,4,9,
26963,22065,771438,27,27,3,8,
26964,19920,771438,27,27,3,8,
26965,5499,771438,3,4,4,9,
26966,22302,771438,3,4,4,8,
26967,12577,771438,25,25,3,9,
26968,11729,771438,21,21,3,9,
26969,13948,771438,25,25,3,8,
26970,2229,771438,3,4,4,9,
26971,1947,771438,3,4,4,9,
26972,9191,771438,21,21,3,9,
26973,8875,771438,3,4,4,9,
26974,2362,771438,3,4,4,9,
26975,11064,771438,15,15,3,8,
26976,11273,771438,3,4,4,8,
26977,6701,771438,3,4,4,9,
26978,16800,771438,27,27,3,8,
26979,21112,771438,31,31,3,8,
26980,9628,771438,19,19,3,8,
26981,19955,771438,31,31,3,8,
26982,14107,771438,25,25,3,9,
26983,14391,771438,3,4,4,9,
26984,20410,771438,21,21,3,9,
26985,12962,771438,21,21,3,8,
26986,5598,771438,15,15,3,8,
26987,7241,771438,13,13,3,9,
26988,11141,771438,3,4,4,9,
26989,6167,771438,11,12,3,8,
26990,5362,771438,3,4,4,8,
26991,7095,771438,3,4,4,8,
26992,9780,771438,17,17,3,9,
26993,13454,771438,23,23,3,9,
26994,6120,771438,3,4,4,8,
26995,14303,771438,23,23,3,9,
26996,16295,771438,3,4,4,7,
26997,7781,771438,13,13,3,8,
26998,2196,771438,3,4,4,9,
26999,7700,771438,3,4,4,8,
27000,2590,771438,3,4,4,9,
27001,3254,771438,3,4,4,9,
27002,10381,771438,21,21,3,8,
27003,16982,771438,21,21,3,8,
27004,11795,771438,3,4,4,8,
27005,7490,771438,17,17,3,9,
27006,19222,771438,29,29,3,9,
27007,17112,771438,31,31,3,8,
27008,17255,771438,3,4,4,8,
27009,3760,771438,3,4,4,8,
27010,3457,771438,3,4,4,7,
27011,1724,771438,3,4,4,8,
27012,14071,771438,21,21,3,8,
27013,9076,771438,17,17,3,8,
27014,16654,771438,23,23,3,8,
27015,23882,771438,31,31,3,8,
27016,9328,771438,3,4,4,8,
27017,14306,771438,25,25,3,9,
27018,20092,771438,29,29,3,8,
27019,2528,771438,3,4,4,8,
27020,1799,771438,3,4,4,9,
27021,17554,771438,3,4,4,9,
27022,1922,771438,3,4,4,8,
27023,1464,771438,3,4,4,9,
27024,12168,771438,19,19,3,8,
27025,2226,771438,3,4,4,9,
27026,21272,771438,33,33,3,8,
27027,8743,771438,17,17,3,8,
27028,12190,771438,3,4,4,8,
27029,6903,771438,13,13,3,9,
27030,7278,771438,17,17,3,9,
27031,8084,771438,3,4,4,9,
27032,22144,771438,33,33,3,8,
27033,13163,771438,17,17,3,8,
27034,15251,771438,19,19,3,8,
27035,15826,771438,25,25,3,8,
27036,3662,771438,3,4,4,9,
27037,9437,771438,17,17,3,7,
27038,2111,771438,3,4,4,8,
27039,14388,771438,25,25,3,9,
27040,20980,771438,31,31,3,9,
27041,13891,771438,3,4,4,8,
27042,20593,771438,3,4,4,8,
27043,12722,771438,23,23,3,9,
27044,10012,771438,3,4,4,8,
27045,13778,771438,27,27,3,8,
27046,11517,771438,3,4,4,8,
27047,7534,771438,3,4,4,8,
27048,17698,771438,17,17,3,8,
27049,7973,771438,19,19,3,9,
27050,12486,771438,15,15,3,9,
27051,11059,771438,3,4,4,8,
27052,6717,771438,17,17,3,8,
27053,23433,771438,25,25,3,9,
27054,13159,771438,29,29,3,8,
27055,11564,771438,23,23,3,8,
27056,2690,771438,3,4,4,9,
27057,17085,771438,27,27,3,8,
27058,10503,771438,17,17,3,8,
27059,13912,771438,21,21,3,9,
27060,17735,771438,3,4,4,8,
27061,1389,771438,3,4,4,8,
27062,2364,771438,3,4,4,9,
27063,2185,771438,3,4,4,8,
27064,12843,771438,27,27,3,9,
27065,13682,771438,15,15,3,9,
27066,2504,771438,3,4,4,8,
27067,13842,771438,3,4,4,8,
27068,10503,771438,17,17,3,8,
27069,21557,771438,29,29,3,8,
27070,10654,771438,3,4,4,9,
27071,10582,771438,25,25,3,9,
27072,18567,771438,33,33,3,8,
27073,1273,771438,3,4,4,8,
27074,27772,771438,27,27,3,8,
27075,12655,771438,31,31,3,9,
27076,13269,771438,25,25,3,8,
27077,13798,771438,3,4,4,8,
27078,8864,771438,21,21,3,9,
27079,11906,771438,3,4,4,7,
27080,6298,771438,13,13,3,9,
27081,8307,771438,3,4,4,9,
27082,10926,771438,19,19,3,9,
27083,10906,771438,17,17,3,8,
27084,11965,771438,19,19,3,8,
27085,12292,771438,17,17,3,8,
27086,18873,771438,15,15,3,8,
27087,2149,771438,3,4,4,8,
27088,8232,771438,21,21,3,7,
27089,13493,771438,3,4,4,8,
27090,11584,771438,21,21,3,8,
27091,11056,771438,3,4,4,9,
27092,1572,771438,3,4,4,9,
27093,1681,771438,3,4,4,9,
27094,21244,771438,31,31,3,8,
27095,7303,771438,13,13,3,8,
27096,19941,771438,27,27,3,8,
27097,15876,771438,25,25,3,8,
27098,15834,771438,27,27,3,8,
27099,1246,771438,3,4,4,7,
27100,2613,771438,3,4,4,9,
27101,8294,771438,19,19,3,8,
27102,16192,771438,33,33,3,8,
27103,16514,771438,29,29,3,8,
27104,17396,771438,3,4,4,8,
27105,11506,771438,3,4,4,9,
27106,14902,771438,27,27,3,8,
27107,20263,771438,15,15,3,8,
27108,17430,771438,21,21,3,8,
27109,2129,771438,3,4,4,9,
27110,2006,771438,3,4,4,8,
27111,2248,771438,3,4,4,7,
27112,4800,771438,3,4,4,9,
27113,14885,771438,3,4,4,8,
27114,13336,771438,25,25,3,7,
27115,1709,771438,3,4,4,7,
27116,19432,771438,31,31,3,8,
27117,2844,771438,3,4,4,9,
27118,2126,771438,3,4,4,7,
27119,29828,771438,33,33,3,8,
27120,14721,771438,31,31,3,8,
27121,1423,771438,3,4,4,8,
27122,28548,771438,3,4,4,8,
27123,1335,771438,3,4,4,9,
27124,1926,771438,3,4,4,9,
27125,1927,771438,3,4,4,9,
27126,1941,771438,3,4,4,9,
27127,2324,771438,3,4,4,9,
27128,12007,771438,23,23,3,9,
27129,11656,771438,3,4,4,8,
27130,14714,771438,31,31,3,8,
27131,10732,771438,27,27,3,9,
27132,7465,771438,19,19,3,8,
27133,8827,771438,13,13,3,9,
27134,3736,771438,3,4,4,8,
27135,5505,771438,13,13,3,9,
27136,6663,771438,3,4,4,8,
27137,5140,771438,3,4,4,7,
27138,1741,771438,3,4,4,9,
27139,1918,771438,3,4,4,8,
27140,3112,771438,3,4,4,8,
27141,14383,771438,19,19,3,9,
27142,19004,771438,19,19,3,9,
27143,6893,771438,15,15,3,9,
27144,9608,771438,17,17,3,9,
27145,22467,771438,31,31,3,7,
27146,888,771438,3,4,4,7,
27147,14750,771438,21,21,3,8,
27148,1373,771438,3,4,4,8,
27149,18744,771438,27,27,3,9,
27150,18371,771438,3,4,4,9,
27151,7835,771438,15,15,3,8,
27152,5835,771438,3,4,4,8,
27153,8558,771438,17,17,3,9,
27154,19579,771438,27,27,3,9,
27155,1231,771438,3,4,4,8,
27156,2535,771438,3,4,4,8,
27157,2258,771438,3,4,4,7,
27158,14256,771438,23,23,3,9,
27159,1640,771438,3,4,4,7,
27160,10038,771438,23,23,3,7,
27161,2642,771438,3,4,4,8,
27162,17001,771438,29,29,3,9,
27163,6741,771438,3,4,4,8,
27164,2370,771438,3,4,4,9,
27165,17975,771438,29,29,3,9,
27166,17330,771438,3,4,4,9,
27167,2492,771438,3,4,4,8,
27168,1372,771438,3,4,4,8,
27169,1521,771438,3,4,4,8,
27170,2570,771438,3,4,4,8,
27171,15194,771438,33,33,3,8,
27172,16849,771438,3,4,4,9,
27173,8285,771438,15,15,3,8,
27174,3237,771438,3,4,4,8,
27175,15332,771438,33,33,3,8,
27176,1800,771438,3,4,4,9,
27177,4986,771438,3,4,4,8,
27178,10150,771438,27,27,3,9,
27179,10496,771438,3,4,4,8,
27180,7091,771438,17,17,3,8,
27181,9704,771438,3,4,4,8,
27182,8434,771438,3,4,4,8,
27183,1462,771438,3,4,4,9,
27184,13213,771438,29,29,3,8,
27185,13464,771438,3,4,4,8,
27186,10815,771438,27,27,3,8,
27187,29231,771438,33,33,3,7,
27188,12608,771438,25,25,3,8,
27189,10091,771438,3,4,4,8,
27190,31970,771438,3,4,4,7,
27191,1778,771438,3,4,4,8,
27192,26401,771438,3,4,4,9,
27193,1561,771438,3,4,4,9,
27194,5625,771438,13,13,3,9,
27195,28544,771438,31,31,3,8,
27196,25451,771438,3,4,4,8,
27197,30305,771438,33,33,3,8,
27198,25597,771438,29,29,3,8,
27199,25053,771438,25,25,3,8,
27200,25522,771438,3,4,4,8,
27201,9108,771438,3,4,4,8,
27202,1187,771438,3,4,4,8,
27203,3328,771438,3,4,4,8,
27204,2322,771438,3,4,4,9,
27205,16118,771438,31,31,3,8,
27206,2613,771438,3,4,4,7,
27207,8822,771438,21,21,3,8,
27208,15474,771438,3,4,4,8,
27209,24369,771438,33,33,3,8,
27210,8246,771438,3,4,4,8,
27211,2094,771438,3,4,4,8,
27212,3635,771438,3,4,4,7,
27213,36707,771438,27,27,3,8,
27214,2183,771438,3,4,4,9,
27215,2068,771438,3,4,4,8,
27216,1894,771438,3,4,4,8,
27217,19317,771438,33,33,3,8,
27218,23986,771438,3,4,4,8,
27219,1576,771438,3,4,4,8,
27220,11306,771438,21,21,3,8,
27221,2059,771438,3,4,4,8,
27222,16269,771438,19,19,3,8,
27223,13214,771438,21,21,3,9,
27224,6515,771438,17,17,3,9,
27225,1305,771438,3,4,4,9,
27226,8482,771438,23,23,3,9,
27227,17670,771438,29,29,3,9,
27228,11954,771438,21,21,3,8,
27229,8092,771438,3,4,4,9,
27230,19067,771438,17,17,3,9,
27231,44157,771438,33,33,3,8,
27232,15298,771438,3,4,4,7,
27233,3073,771438,3,4,4,8,
27234,5711,771438,3,4,4,8,
27235,9382,771438,15,15,3,8,
27236,24339,771438,17,17,3,9,
27237,14646,771438,21,21,3,8,
27238,12461,771438,17,17,3,8,
27239,29355,771438,31,31,3,9,
27240,35145,771438,3,4,4,9,
27241,16150,771438,13,13,3,8,
27242,1460,771438,3,4,4,8,
27243,26841,771438,31,31,3,9,
27244,1396,771438,3,4,4,8,
27245,26158,771438,3,4,4,8,
27246,1075,771438,3,4,4,8,
27247,1098,771438,3,4,4,8,
27248,13326,771438,13,13,3,8,
27249,17383,771438,19,19,3,7,
27250,29328,771438,25,25,3,8,
27251,3280,771438,3,4,4,9,
27252,19948,771438,25,25,3,9,
27253,16639,771438,19,19,3,8,
27254,3141,771438,3,4,4,8,
27255,634,771438,3,4,4,8,
27256,17341,771438,15,15,3,8,
27257,19761,771438,3,4,4,8,
27258,53215,771438,31,32,3,8,
27259,35020,771438,33,33,3,8,
27260,3967,771438,3,4,4,9,
27261,24416,771438,25,25,3,8,
27262,33284,771438,21,21,3,8,
27263,26303,771438,29,29,3,9,
27264,2524,771438,3,4,4,8,
27265,531,771438,3,4,4,7,
27266,36379,771438,31,31,3,8,
27267,2561,771438,3,4,4,8,
27268,25890,771438,17,17,3,9,
27269,3870,771438,3,4,4,8,
27270,36915,771438,33,33,3,7,
27271,4133,771438,3,4,4,9,
27272,2461,771438,3,4,4,8,
27273,26902,771438,27,27,3,8,
27274,27597,771438,3,4,4,9,
27275,4902,771438,3,4,4,9,
27276,15150,771438,25,25,3,9,
27277,15163,771438,21,21,3,8,
27278,14675,771438,31,31,3,8,
27279,8360,771438,13,13,3,9,
27280,16123,771438,3,4,4,8,
27281,6296,771438,3,4,4,8,
27282,4242,771438,3,4,4,8,
27283,3115,771438,3,4,4,8,
27284,1612,771438,3,4,4,8,
27285,13371,771438,27,27,3,8,
27286,3174,771438,3,4,4,8,
27287,1992,771438,3,4,4,8,
27288,2587,771438,3,4,4,8,
27289,15631,771438,31,31,3,7,
27290,7760,771438,19,19,3,8,
27291,11562,771438,3,4,4,8,
27292,1849,771438,3,4,4,8,
27293,17668,771438,25,25,3,8,
27294,15199,771438,3,4,4,8,
27295,2310,771438,3,4,4,8,
27296,32543,771438,33,33,3,8,
27297,17472,771438,3,4,4,8,
27298,11877,771438,21,21,3,9,
27299,11399,771438,3,4,4,8,
27300,27063,771438,3,4,4,8,
27301,20227,771438,29,29,3,9,
27302,8559,771438,13,13,3,8,
27303,2626,771438,3,4,4,8,
27304,1262,771438,3,4,4,8,
27305,3974,771438,3,4,4,8,
27306,2115,771438,3,4,4,8,
27307,4544,771438,3,4,4,7,
27308,4101,771438,3,4,4,7,
27309,2854,771438,3,4,4,8,
27310,12599,771438,19,19,3,8,
27311,1987,771438,3,4,4,7,
27312,2222,771438,3,4,4,7,
27313,14698,771438,33,33,3,7,
27314,10566,771438,3,4,4,7,
27315,11878,771438,3,4,4,7,
27316,2563,771438,3,4,4,8,
27317,6583,771438,13,13,3,9,
27318,1812,771438,3,4,4,9,
27319,7783,771438,13,13,3,8,
27320,8649,771438,17,17,3,9,
27321,8207,771438,3,4,4,8,
27322,2579,771438,3,4,4,8,
27323,16536,771438,31,31,3,8,
27324,18331,771438,31,31,3,8,
27325,5003,771438,3,4,4,8,
27326,19737,771438,27,27,3,6,
27327,15295,771438,3,4,4,8,
27328,18294,771438,3,4,4,7,
27329,21465,771438,3,4,4,8,
27330,2817,771438,3,4,4,8,
27331,26225,771438,33,33,3,9,
27332,11831,771438,19,19,3,8,
27333,17822,771438,29,29,3,7,
27334,11649,771438,3,4,4,8,
27335,1881,771438,3,4,4,7,
27336,16844,771438,31,31,3,9,
27337,2876,771438,3,4,4,7,
27338,3033,771438,3,4,4,7,
27339,3726,771438,3,4,4,6,
27340,15256,771438,3,4,4,8,
27341,3921,771438,3,4,4,8,
27342,9962,771438,19,19,3,9,
27343,17429,771438,27,27,3,6,
27344,14014,771438,15,15,3,6,
27345,9186,771438,3,4,4,7,
27346,33998,771438,25,25,3,7,
27347,25649,771438,31,31,3,8,
27348,15312,771438,3,4,4,7,
27349,13837,771438,17,17,3,8,
27350,2673,771438,3,4,4,8,
27351,2150,771438,3,4,4,7,
27352,994,771438,3,4,4,8,
27353,1293,771438,3,4,4,8,
27354,19721,771438,23,23,3,8,
27355,5095,771438,3,4,4,7,
27356,2201,771438,3,4,4,7,
27357,14992,771438,3,4,4,7,
27358,921,771438,3,4,4,7,
27359,10492,771438,3,4,4,8,
27360,944,771438,3,4,4,7,
27361,1098,771438,3,4,4,7,
27362,19891,771438,33,33,3,8,
27363,2205,771438,3,4,4,8,
27364,10076,771438,15,15,3,8,
27365,2619,771438,3,4,4,9,
27366,14202,771438,3,4,4,8,
27367,12140,771438,13,13,3,9,
27368,9984,771438,3,4,4,8,
27369,1943,771438,3,4,4,9,
27370,17489,771438,29,29,3,9,
27371,14162,771438,27,27,3,8,
27372,8530,771438,21,21,3,8,
27373,12010,771438,15,15,3,9,
27374,32527,771438,33,33,3,8,
27375,1659,771438,3,4,4,8,
27376,14917,771438,19,19,3,8,
27377,3125,771438,3,4,4,9,
27378,15655,771438,3,4,4,8,
27379,2669,771438,3,4,4,8,
27380,16399,771438,23,23,3,8,
27381,1535,771438,3,4,4,8,
27382,7403,771438,13,13,3,8,
27383,13850,771438,17,17,3,8,
27384,9016,771438,25,25,3,9,
27385,22768,771438,3,4,4,8,
27386,17441,771438,31,31,3,8,
27387,17073,771438,3,4,4,9,
27388,8571,771438,3,4,4,8,
27389,3359,771438,3,4,4,9,
27390,10059,771438,21,21,3,9,
27391,2030,771438,3,4,4,8,
27392,1341,771438,3,4,4,7,
27393,13760,771438,19,19,3,8,
27394,2464,771438,3,4,4,8,
27395,5970,771438,13,13,3,7,
27396,12987,771438,27,27,3,8,
27397,7965,771438,19,19,3,8,
27398,13856,771438,3,4,4,9,
27399,7126,771438,3,4,4,9,
27400,2165,771438,3,4,4,8,
27401,3577,771438,3,4,4,9,
27402,20317,771438,27,27,3,8,
27403,9683,771438,21,21,3,8,
27404,14470,771438,29,29,3,8,
27405,2237,771438,3,4,4,9,
27406,14270,771438,3,4,4,8,
27407,15055,771438,23,23,3,9,
27408,15202,771438,3,4,4,8,
27409,9415,771438,19,19,3,9,
27410,8903,771438,13,13,3,8,
27411,1907,771438,3,4,4,9,
27412,15300,771438,31,31,3,8,
27413,8157,771438,23,23,3,8,
27414,10106,771438,3,4,4,8,
27415,7100,771438,21,21,3,8,
27416,8580,771438,3,4,4,9,
27417,1950,771438,3,4,4,8,
27418,7314,771438,3,4,4,9,
27419,15036,771438,31,31,3,8,
27420,1775,771438,3,4,4,8,
27421,14561,771438,3,4,4,8,
27422,1584,771439,3,4,4,8,
27423,7297,771439,13,13,3,8,
27424,17249,771439,31,31,3,9,
27425,2492,771439,3,4,4,7,
27426,30748,771439,23,23,3,8,
27427,9783,771439,19,19,3,8,
27428,8257,771439,13,13,3,9,
27429,2705,771439,3,4,4,9,
27430,20378,771439,27,27,3,8,
27431,2171,771439,3,4,4,9,
27432,17145,771439,29,29,3,9,
27433,16614,771439,3,4,4,8,
27434,6003,771439,3,4,4,8,
27435,16260,771439,27,27,3,8,
27436,2939,771439,3,4,4,8,
27437,1463,771439,3,4,4,9,
27438,20281,771439,31,31,3,8,
27439,11463,771439,13,13,3,9,
27440,15253,771439,17,17,3,9,
27441,10954,771439,23,23,3,9,
27442,15104,771439,3,4,4,9,
27443,17471,771439,27,27,3,9,
27444,9135,771439,15,15,3,8,
27445,20855,771439,33,33,3,8,
27446,1979,771439,3,4,4,9,
27447,1592,771439,3,4,4,8,
27448,20065,771439,3,4,4,9,
27449,14708,771439,29,29,3,9,
27450,13686,771439,19,19,3,8,
27451,15410,771439,31,31,3,9,
27452,1661,771439,3,4,4,9,
27453,15478,771439,33,33,3,8,
27454,8148,771439,3,4,4,8,
27455,12771,771439,3,4,4,8,
27456,36145,771439,3,4,4,9,
27457,33810,771439,25,25,3,9,
27458,6893,771439,17,17,3,8,
27459,38055,771439,31,31,3,8,
27460,39093,771439,3,4,4,8,
27461,36764,771439,21,21,3,8,
27462,45444,771439,31,31,3,8,
27463,36663,771439,3,4,4,8,
27464,29093,771439,19,19,3,9,
27465,52528,771439,27,27,3,8,
27466,39578,771439,23,23,3,9,
27467,29405,771439,21,21,3,9,
27468,22085,771439,23,23,3,8,
27469,19420,771439,21,21,3,9,
27470,828,771439,3,4,4,7,
27471,22982,771439,31,31,3,8,
27472,1094,771439,3,4,4,7,
27473,22196,771439,3,4,4,8,
27474,28348,771439,33,33,3,7,
27475,26745,771439,31,31,3,8,
27476,29038,771439,21,21,3,9,
27477,6793,771439,3,4,4,8,
27478,664,771439,3,4,4,7,
27479,21489,771439,3,4,4,8,
27480,19142,771439,27,27,3,8,
27481,19114,771439,23,23,3,8,
27482,11303,771439,17,17,3,8,
27483,11212,771439,3,4,4,9,
27484,14822,771439,19,19,3,8,
27485,17402,771439,21,21,3,9,
27486,16874,771439,21,21,3,8,
27487,1106,771439,3,4,4,8,
27488,23305,771439,31,31,3,9,
27489,16749,771439,3,4,4,8,
27490,23198,771439,3,4,4,9,
27491,2421,771439,3,4,4,7,
27492,13556,771439,19,19,3,8,
27493,14220,771439,3,4,4,8,
27494,1363,771439,3,4,4,8,
27495,8932,771439,15,15,3,8,
27496,8587,771439,15,15,3,8,
27497,17558,771439,31,31,3,8,
27498,19459,771439,31,31,3,9,
27499,16132,771439,3,4,4,8,
27500,14935,771439,21,21,3,8,
27501,11905,771439,3,4,4,9,
27502,14938,771439,3,4,4,8,
27503,17581,771439,29,29,3,8,
27504,18354,771439,3,4,4,9,
27505,1617,771439,3,4,4,9,
27506,2002,771439,3,4,4,8,
27507,14463,771439,21,21,3,8,
27508,8923,771439,13,13,3,8,
27509,22583,771439,27,27,3,9,
27510,9040,771439,3,4,4,9,
27511,11054,771439,13,13,3,8,
27512,13310,771439,13,13,3,8,
27513,10878,771439,3,4,4,8,
27514,22262,771439,15,15,3,9,
27515,2761,771439,3,4,4,8,
27516,20041,771439,25,25,3,8,
27517,33663,771439,33,33,3,8,
27518,5086,771439,13,13,3,8,
27519,32413,771439,3,4,4,9,
27520,23533,771439,29,29,3,8,
27521,27549,771439,31,31,3,8,
27522,26103,771439,3,4,4,7,
27523,13731,771439,3,4,4,8,
27524,10695,771439,3,4,4,9,
27525,16016,771439,23,23,3,9,
27526,12671,771439,15,15,3,9,
27527,3941,771439,3,4,4,8,
27528,16997,771439,19,19,3,9,
27529,2457,771439,3,4,4,8,
27530,10924,771439,23,23,3,8,
27531,17549,771439,19,19,3,8,
27532,2812,771439,3,4,4,8,
27533,2078,771439,3,4,4,8,
27534,6806,771439,3,4,4,8,
27535,14017,771439,27,27,3,8,
27536,16815,771439,33,33,3,7,
27537,17824,771439,3,4,4,8,
27538,18746,771439,15,15,3,9,
27539,8073,771439,19,19,3,9,
27540,8176,771439,3,4,4,8,
27541,10454,771439,23,23,3,8,
27542,2088,771439,3,4,4,9,
27543,1849,771439,3,4,4,9,
27544,14149,771439,31,31,3,9,
27545,13605,771439,3,4,4,8,
27546,1361,771439,3,4,4,8,
27547,1318,771439,3,4,4,8,
27548,21625,771439,31,31,3,8,
27549,1579,771439,3,4,4,8,
27550,22698,771439,3,4,4,8,
27551,7051,771439,3,4,4,8,
27552,1559,771439,3,4,4,8,
27553,24114,771439,33,33,3,8,
27554,11680,771439,25,25,3,8,
27555,16006,771439,33,33,3,9,
27556,15849,771439,3,4,4,9,
27557,16526,771439,19,19,3,9,
27558,17949,771439,33,33,3,9,
27559,683,771439,3,4,4,8,
27560,15988,771439,33,33,3,8,
27561,15079,771439,25,25,3,8,
27562,10625,771439,3,4,4,8,
27563,3282,771439,3,4,4,8,
27564,10407,771439,15,15,3,9,
27565,10285,771439,3,4,4,8,
27566,1415,771439,3,4,4,8,
27567,1936,771439,3,4,4,8,
27568,7353,771439,17,17,3,8,
27569,8991,771439,3,4,4,8,
27570,1429,771439,3,4,4,9,
27571,1007,771439,3,4,4,7,
27572,1932,771439,3,4,4,8,
27573,2116,771439,3,4,4,8,
27574,7821,771439,19,19,3,8,
27575,7603,771439,19,19,3,7,
27576,14299,771439,15,15,3,8,
27577,1926,771439,3,4,4,9,
27578,7893,771439,3,4,4,8,
27579,8194,771439,13,13,3,9,
27580,17067,771439,33,33,3,8,
27581,1694,771439,3,4,4,9,
27582,2852,771439,3,4,4,8,
27583,1716,771439,3,4,4,8,
27584,13045,771439,27,27,3,9,
27585,2661,771439,3,4,4,7,
27586,8128,771439,3,4,4,8,
27587,2396,771439,3,4,4,8,
27588,25877,771439,31,31,3,8,
27589,2050,771439,3,4,4,9,
27590,14406,771439,23,23,3,9,
27591,11595,771439,3,4,4,8,
27592,11352,771439,19,19,3,8,
27593,20808,771439,33,33,3,9,
27594,11740,771439,3,4,4,9,
27595,9858,771439,15,15,3,9,
27596,10805,771439,3,4,4,9,
27597,15475,771439,3,4,4,8,
27598,1478,771439,3,4,4,8,
27599,1878,771439,3,4,4,8,
27600,17608,771439,29,29,3,8,
27601,2057,771439,3,4,4,8,
27602,17631,771439,27,27,3,8,
27603,9099,771439,3,4,4,8,
27604,6294,771439,13,13,3,9,
27605,10954,771439,21,21,3,8,
27606,13832,771439,29,29,3,9,
27607,10837,771439,3,4,4,9,
27608,9175,771439,3,4,4,8,
27609,2178,771439,3,4,4,9,
27610,7187,771439,15,15,3,9,
27611,8081,771439,3,4,4,8,
27612,2087,771439,3,4,4,8,
27613,1654,771439,3,4,4,9,
27614,3363,771439,3,4,4,8,
27615,6437,771439,15,15,3,9,
27616,6908,771439,3,4,4,8,
27617,2512,771439,3,4,4,8,
27618,1708,771439,3,4,4,7,
27619,10826,771439,23,23,3,8,
27620,1874,771439,3,4,4,8,
27621,17916,771439,29,29,3,9,
27622,11662,771439,19,19,3,8,
27623,6848,771439,17,17,3,8,
27624,24489,771439,27,27,3,8,
27625,18117,771439,3,4,4,8,
27626,8190,771439,3,4,4,8,
27627,11398,771439,3,4,4,9,
27628,13067,771439,23,23,3,9,
27629,4468,771439,15,15,3,9,
27630,2481,771439,3,4,4,9,
27631,11341,771439,27,27,3,8,
27632,8105,771439,15,15,3,8,
27633,17447,771439,3,4,4,8,
27634,8976,771439,3,4,4,8,
27635,2613,771439,3,4,4,9,
27636,1057,771439,3,4,4,9,
27637,10304,771439,17,17,3,8,
27638,10622,771439,3,4,4,9,
27639,4642,771439,3,4,4,8,
27640,14285,771439,21,21,3,8,
27641,3250,771439,3,4,4,8,
27642,12924,771439,3,4,4,7,
27643,1756,771439,3,4,4,8,
27644,13147,771439,19,19,3,8,
27645,13034,771439,3,4,4,8,
27646,21990,771439,31,31,3,9,
27647,9478,771439,17,17,3,8,
27648,13033,771439,19,19,3,8,
27649,1614,771439,3,4,4,8,
27650,13158,771439,25,25,3,8,
27651,10154,771439,15,15,3,8,
27652,21244,771439,25,25,3,9,
27653,13109,771439,21,21,3,7,
27654,11408,771439,3,4,4,8,
27655,15897,771439,3,4,4,8,
27656,584,771439,3,4,4,8,
27657,496,771439,3,4,4,8,
27658,1351,771439,3,4,4,9,
27659,18955,771439,31,31,3,9,
27660,18623,771439,3,4,4,8,
27661,26332,771439,33,33,3,8,
27662,11592,771439,3,4,4,9,
27663,24861,771439,3,4,4,8,
27664,11995,771439,15,15,3,8,
27665,17346,771439,23,23,3,8,
27666,13843,771439,19,19,3,9,
27667,1271,771439,3,4,4,8,
27668,12137,771439,3,4,4,8,
27669,16488,771439,25,25,3,8,
27670,17886,771439,3,4,4,9,
27671,4516,771439,3,4,4,8,
27672,29623,771439,27,27,3,8,
27673,1861,771439,3,4,4,8,
27674,23928,771439,25,25,3,8,
27675,1388,771439,3,4,4,8,
27676,2523,771439,3,4,4,8,
27677,20344,771439,23,23,3,9,
27678,17542,771439,17,17,3,8,
27679,3851,771439,3,4,4,8,
27680,25317,771439,15,15,3,8,
27681,31281,771439,31,31,3,8,
27682,23649,771439,19,19,3,9,
27683,2373,771439,3,4,4,8,
27684,18453,771439,23,23,3,8,
27685,32990,771439,33,33,3,8,
27686,26430,771439,33,33,3,7,
27687,6394,771439,3,4,4,8,
27688,26169,771439,33,33,3,9,
27689,27412,771439,25,25,3,9,
27690,9953,771439,13,13,3,8,
27691,9818,771439,3,4,4,7,
27692,10674,771439,3,4,4,8,
27693,1592,771439,3,4,4,9,
27694,24888,771439,23,23,3,8,
27695,25002,771439,3,4,4,8,
27696,12229,771439,19,19,3,7,
27697,2440,771439,3,4,4,7,
27698,48330,771439,29,29,3,6,
27699,11568,771439,17,17,3,8,
27700,1439,771439,3,4,4,8,
27701,2229,771439,3,4,4,9,
27702,3072,771439,3,4,4,9,
27703,36783,771439,25,25,3,7,
27704,36275,771439,13,13,3,8,
27705,38959,771439,25,25,3,7,
27706,4346,771439,3,4,4,8,
27707,37631,771439,3,4,4,7,
27708,34901,771439,3,4,4,6,
27709,517,771439,3,4,4,7,
27710,47439,771439,19,19,3,8,
27711,24815,771439,3,4,4,8,
27712,30296,771439,21,21,3,5,
27713,56151,771439,31,31,3,9,
27714,27730,771439,3,4,4,6,
27715,6077,771439,3,4,4,6,
27716,16163,771439,27,27,3,7,
27717,7646,771439,3,4,4,7,
27718,918,771439,3,4,4,7,
27719,2542,771439,3,4,4,7,
27720,3793,771439,3,4,4,7,
27721,3580,771439,3,4,4,8,
27722,13644,771439,17,17,3,8,
27723,18266,771439,27,27,3,8,
27724,26124,771439,31,31,3,8,
27725,18648,771439,23,23,3,7,
27726,25524,771439,31,31,3,7,
27727,27002,771439,3,4,4,9,
27728,1696,771439,3,4,4,9,
27729,1626,771439,3,4,4,9,
27730,8107,771439,15,15,3,8,
27731,16664,771439,31,31,3,9,
27732,12439,771439,21,21,3,9,
27733,7937,771439,17,17,3,9,
27734,2376,771439,3,4,4,8,
27735,5404,771439,3,4,4,8,
27736,7279,771439,3,4,4,7,
27737,16075,771439,31,31,3,9,
27738,15794,771439,3,4,4,9,
27739,1273,771439,3,4,4,8,
27740,15000,771439,27,27,3,9,
27741,2627,771439,3,4,4,8,
27742,14046,771439,3,4,4,7,
27743,14834,771439,27,27,3,8,
27744,2282,771439,3,4,4,8,
27745,3427,771439,3,4,4,8,
27746,3076,771439,3,4,4,8,
27747,9368,771439,19,19,3,8,
27748,4685,771439,3,4,4,9,
27749,2858,771439,3,4,4,9,
27750,16129,771439,25,25,3,8,
27751,15605,771439,27,27,3,8,
27752,9911,771439,15,15,3,9,
27753,14435,771439,3,4,4,8,
27754,9959,771439,15,15,3,9,
27755,9313,771439,3,4,4,7,
27756,14493,771439,25,25,3,9,
27757,1316,771439,3,4,4,8,
27758,18138,771439,27,27,3,9,
27759,12655,771439,3,4,4,8,
27760,9037,771439,17,17,3,9,
27761,5561,771439,3,4,4,9,
27762,8770,771439,17,17,3,8,
27763,21083,771439,25,25,3,8,
27764,10166,771439,13,13,3,8,
27765,6744,771439,15,15,3,8,
27766,21438,771439,3,4,4,9,
27767,7564,771439,15,15,3,9,
27768,8681,771439,3,4,4,9,
27769,17871,771439,25,25,3,7,
27770,23294,771439,33,33,3,8,
27771,12367,771439,17,17,3,8,
27772,14844,771439,25,25,3,8,
27773,13718,771439,25,25,3,8,
27774,10158,771439,19,19,3,9,
27775,2838,771439,3,4,4,9,
27776,3319,771439,3,4,4,9,
27777,2308,771439,3,4,4,9,
27778,2183,771439,3,4,4,9,
27779,1668,771439,3,4,4,9,
27780,1966,771439,3,4,4,8,
27781,19366,771439,23,23,3,8,
27782,5727,771439,3,4,4,9,
27783,2296,771439,3,4,4,7,
27784,3071,771439,3,4,4,8,
27785,24088,771439,31,31,3,9,
27786,2608,771439,3,4,4,8,
27787,19983,771439,15,15,3,6,
27788,1901,771439,3,4,4,7,
27789,2804,771439,3,4,4,8,
27790,11054,771439,21,21,3,9,
27791,12048,771439,3,4,4,8,
27792,2326,771439,3,4,4,9,
27793,2140,771439,3,4,4,8,
27794,25573,771439,31,31,3,8,
27795,2444,771439,3,4,4,9,
27796,24918,771439,3,4,4,8,
27797,2091,771439,3,4,4,9,
27798,17895,771439,31,31,3,8,
27799,17123,771439,23,24,3,8,
27800,31958,771439,29,29,3,9,
27801,2321,771439,3,4,4,9,
27802,2011,771439,3,4,4,8,
27803,2071,771439,3,4,4,9,
27804,8611,771439,17,17,3,8,
27805,2251,771439,3,4,4,9,
27806,2070,771439,3,4,4,8,
27807,9548,771439,15,15,3,7,
27808,5098,771439,3,4,4,7,
27809,10118,771439,3,4,4,8,
27810,3146,771439,3,4,4,7,
27811,21077,771439,33,33,3,8,
27812,26025,771439,31,32,3,7,
27813,14896,771439,3,4,4,8,
27814,8648,771439,17,17,3,8,
27815,18646,771439,21,21,3,9,
27816,1944,771439,3,4,4,7,
27817,2672,771439,3,4,4,8,
27818,14726,771439,25,25,3,7,
27819,17760,771439,3,4,4,8,
27820,1802,771439,3,4,4,9,
27821,2641,771439,3,4,4,9,
27822,21551,771439,27,27,3,8,
27823,12090,771439,3,4,4,9,
27824,20476,771439,3,4,4,9,
27825,5478,771439,3,4,4,9,
27826,19596,771439,23,23,3,9,
27827,18263,771439,33,33,3,8,
27828,4541,771439,3,4,4,8,
27829,15951,771439,3,4,4,8,
27830,14403,771439,23,23,3,8,
27831,3739,771439,3,4,4,8,
27832,11808,771439,17,17,3,8,
27833,16129,771439,25,25,3,8,
27834,12570,771439,3,4,4,8,
27835,14888,771439,23,23,3,8,
27836,17730,771439,27,27,3,9,
27837,18015,771439,3,4,4,9,
27838,9236,771439,17,17,3,8,
27839,14742,771439,21,21,3,8,
27840,14315,771439,3,4,4,8,
27841,8931,771439,3,4,4,8,
27842,1279,771439,3,4,4,8,
27843,2798,771439,3,4,4,9,
27844,3201,771439,3,4,4,8,
27845,17857,771439,21,21,3,8,
27846,19759,771439,3,4,4,8,
27847,19985,771439,25,25,3,7,
27848,21050,771439,3,4,4,8,
27849,14581,771439,27,27,3,8,
27850,14302,771439,3,4,4,7,
27851,7746,771439,13,13,3,8,
27852,5868,771439,17,17,3,8,
27853,7204,771439,15,15,3,8,
27854,7998,771439,3,4,4,8,
27855,842,771439,3,4,4,8,
27856,23839,771439,29,29,3,9,
27857,24553,771439,3,4,4,9,
27858,1802,771439,3,4,4,8,
27859,2994,771439,3,4,4,6,
27860,22982,771439,31,31,3,8,
27861,12946,771439,15,15,3,6,
27862,29915,771439,27,27,3,7,
27863,16292,771439,3,4,4,7,
27864,9002,771439,13,13,3,8,
27865,12791,771439,17,17,3,7,
27866,1978,771439,3,4,4,8,
27867,21993,771439,23,23,3,9,
27868,9311,771439,25,25,3,9,
27869,5556,771439,3,4,4,8,
27870,24497,771439,23,23,3,7,
27871,10463,771439,3,4,4,8,
27872,19782,771439,27,27,3,7,
27873,19741,771439,3,4,4,6,
27874,13408,771439,17,17,3,8,
27875,1709,771439,3,4,4,9,
27876,2119,771439,3,4,4,8,
27877,14847,771439,21,21,3,9,
27878,13826,771439,17,17,3,8,
27879,15554,771439,25,25,3,7,
27880,793,771439,3,4,4,9,
27881,1896,771439,3,4,4,9,
27882,14750,771439,17,17,3,8,
27883,14565,771439,3,4,4,9,
27884,5562,771439,3,4,4,7,
27885,8745,771439,3,4,4,8,
27886,23850,771439,29,29,3,6,
27887,16890,771439,27,27,3,7,
27888,3504,771439,3,4,4,8,
27889,8493,771439,13,13,3,7,
27890,16559,771439,23,23,3,8,
27891,13138,771439,21,21,3,8,
27892,36676,771439,31,31,3,8,
27893,22423,771439,29,29,3,8,
27894,15110,771439,3,4,4,8,
27895,2774,771439,3,4,4,9,
27896,14764,771439,21,21,3,9,
27897,13705,771439,3,4,4,8,
27898,11655,771439,21,21,3,8,
27899,15229,771439,27,27,3,9,
27900,7772,771439,17,17,3,9,
27901,14579,771439,29,29,3,8,
27902,15457,771439,3,4,4,9,
27903,2319,771439,3,4,4,9,
27904,14417,771439,31,31,3,7,
27905,11196,771439,21,21,3,7,
27906,17836,771439,3,4,4,8,
27907,11824,771439,3,4,4,8,
27908,8441,771439,13,13,3,8,
27909,6687,771439,3,4,4,9,
27910,2144,771439,3,4,4,8,
27911,5862,771439,13,13,3,7,
27912,5241,771439,3,4,4,7,
27913,2741,771439,3,4,4,7,
27914,7092,771439,3,4,4,7,
27915,1996,771439,3,4,4,9,
27916,17524,771439,33,33,3,8,
27917,14481,771439,25,25,3,8,
27918,15383,771439,3,4,4,7,
27919,16690,771439,3,4,4,7,
27920,2742,771439,3,4,4,9,
27921,22559,771439,29,29,3,8,
27922,8807,771439,17,17,3,8,
27923,2418,771439,3,4,4,9,
27924,10536,771439,19,19,3,8,
27925,21088,771439,3,4,4,8,
27926,8235,771439,19,19,3,9,
27927,8105,771439,3,4,4,8,
27928,4940,771439,3,4,4,8,
27929,3100,771439,3,4,4,8,
27930,7187,771439,15,15,3,8,
27931,4796,771439,3,4,4,8,
27932,6663,771439,3,4,4,7,
27933,3657,771439,3,4,4,8,
27934,22117,771439,17,17,3,8,
27935,25581,771439,33,33,3,8,
27936,1971,771439,3,4,4,8,
27937,2073,771439,3,4,4,8,
27938,2394,771439,3,4,4,7,
27939,1659,771439,3,4,4,8,
27940,26941,771439,33,33,3,8,
27941,22023,771439,27,27,3,8,
27942,15110,771439,19,19,3,8,
27943,17151,771439,25,25,3,8,
27944,17633,771439,17,17,3,8,
27945,15343,771439,23,23,3,8,
27946,1158,771439,3,4,4,9,
27947,1321,771439,3,4,4,9,
27948,1614,771439,3,4,4,9,
27949,2476,771439,3,4,4,9,
27950,16635,771439,27,27,3,8,
27951,15721,771439,3,4,4,9,
27952,20229,771439,25,25,3,9,
27953,42183,771439,29,29,3,8,
27954,24413,771439,31,31,3,9,
27955,3807,771439,3,4,4,8,
27956,23741,771439,23,23,3,9,
27957,12404,771439,19,19,3,8,
27958,921,771439,3,4,4,8,
27959,9085,771439,15,15,3,9,
27960,20220,771439,17,17,3,8,
27961,3115,771439,3,4,4,9,
27962,2625,771439,3,4,4,8,
27963,17171,771439,21,21,3,7,
27964,21574,771439,29,29,3,8,
27965,21650,771439,31,31,3,8,
27966,13270,771439,17,17,3,9,
27967,8484,771439,3,4,4,8,
27968,7185,771439,3,4,4,8,
27969,19691,771439,31,31,3,8,
27970,2493,771439,3,4,4,7,
27971,12837,771439,13,13,3,8,
27972,16766,771439,3,4,4,8,
27973,16675,771439,21,21,3,8,
27974,1681,771439,3,4,4,9,
27975,1799,771439,3,4,4,8,
27976,10749,771439,17,17,3,8,
27977,9921,771439,17,17,3,8,
27978,14824,771439,15,15,3,8,
27979,14179,771439,25,25,3,8,
27980,15173,771439,3,4,4,9,
27981,6211,771439,3,4,4,7,
27982,6144,771439,3,4,4,8,
27983,4889,771439,3,4,4,8,
27984,5012,771439,13,13,3,8,
27985,7607,771439,3,4,4,8,
27986,1784,771439,3,4,4,8,
27987,17487,771439,21,21,3,8,
27988,13109,771439,23,23,3,8,
27989,20088,771439,33,33,3,8,
27990,17687,771439,3,4,4,8,
27991,13626,771439,21,21,3,8,
27992,19628,771439,29,29,3,8,
27993,28081,771439,30,31,3,8,
27994,19264,771439,31,31,3,9,
27995,21130,771439,3,4,4,9,
27996,25326,771439,3,4,4,9,
27997,56998,771439,27,27,3,8,
27998,7027,771439,3,4,4,8,
27999,1890,771439,3,4,4,9,
28000,47642,771439,31,31,3,8,
28001,47708,771439,33,33,3,7,
28002,48708,771439,29,29,3,8,
28003,52115,771439,3,4,4,9,
28004,3378,771439,3,4,4,8,
28005,47809,771439,29,29,3,9,
28006,39078,771439,21,21,3,9,
28007,45456,771439,33,33,3,9,
28008,38420,771439,23,23,3,9,
28009,41080,771439,3,4,4,8,
28010,3931,771439,3,4,4,8,
28011,17209,771439,29,29,3,8,
28012,9035,771439,13,13,3,9,
28013,21040,771439,29,29,3,8,
28014,3937,771439,3,4,4,8,
28015,15810,771439,21,21,3,8,
28016,4015,771439,3,4,4,9,
28017,15804,771439,33,33,3,9,
28018,8877,771439,17,17,3,8,
28019,18093,771439,3,4,4,8,
28020,16151,771439,23,23,3,8,
28021,17604,771439,31,31,3,8,
28022,15642,771439,3,4,4,9,
28023,8756,771439,15,15,3,9,
28024,11046,771439,17,17,3,9,
28025,5978,771439,17,17,3,8,
28026,8252,771439,15,15,3,8,
28027,17493,771439,33,33,3,8,
28028,7982,771439,3,4,4,9,
28029,12671,771439,31,31,3,8,
28030,9634,771439,21,21,3,8,
28031,12612,771439,3,4,4,7,
28032,9652,771439,3,4,4,8,
28033,8004,771439,23,23,3,8,
28034,13481,771439,3,4,4,9,
28035,13495,771439,33,33,3,9,
28036,1058,771439,3,4,4,9,
28037,12668,771439,33,33,3,8,
28038,12949,771439,3,4,4,9,
28039,8171,771439,3,4,4,8,
28040,6920,771439,17,17,3,8,
28041,14877,771439,33,33,3,9,
28042,17986,771439,27,27,3,9,
28043,18079,771439,3,4,4,8,
28044,6224,771439,13,13,3,9,
28045,14202,771439,23,23,3,9,
28046,2635,771439,3,4,4,8,
28047,12947,771439,21,21,3,8,
28048,13528,771439,21,21,3,8,
28049,2123,771439,3,4,4,8,
28050,13765,771439,3,4,4,8,
28051,1938,771439,3,4,4,9,
28052,5860,771439,15,15,3,8,
28053,1914,771439,3,4,4,9,
28054,2054,771439,3,4,4,9,
28055,7549,771439,13,13,3,8,
28056,5528,771439,17,17,3,9,
28057,4500,771439,3,4,4,8,
28058,8107,771439,19,19,3,9,
28059,6090,771439,3,4,4,8,
28060,13693,771439,31,31,3,8,
28061,2070,771439,3,4,4,8,
28062,16718,771439,33,33,3,7,
28063,14115,771439,3,4,4,8,
28064,11587,771439,27,27,3,8,
28065,30455,771439,25,25,3,8,
28066,13300,771439,27,27,3,9,
28067,11382,771439,3,4,4,8,
28068,7578,771439,21,21,3,9,
28069,1691,771439,3,4,4,9,
28070,1775,771439,3,4,4,9,
28071,2010,771439,3,4,4,9,
28072,1461,771439,3,4,4,9,
28073,1852,771439,3,4,4,8,
28074,1907,771439,3,4,4,9,
28075,5254,771439,3,4,4,8,
28076,15386,771439,23,23,3,8,
28077,15420,771439,25,25,3,8,
28078,14685,771439,27,27,3,9,
28079,11623,771439,25,25,3,8,
28080,11722,771439,21,21,3,8,
28081,11365,771439,3,4,4,7,
28082,1914,771439,3,4,4,9,
28083,1935,771439,3,4,4,8,
28084,18753,771439,23,23,3,9,
28085,2400,771439,3,4,4,9,
28086,17188,771439,33,33,3,9,
28087,16554,771439,3,4,4,8,
28088,14852,771439,23,23,3,7,
28089,2120,771439,3,4,4,8,
28090,15431,771439,25,25,3,8,
28091,5449,771439,13,13,3,8,
28092,1793,771439,3,4,4,8,
28093,12340,771439,23,23,3,8,
28094,1418,771439,3,4,4,9,
28095,9024,771439,21,21,3,8,
28096,9188,771439,3,4,4,8,
28097,4480,771439,3,4,4,8,
28098,9572,771439,3,4,4,8,
28099,1812,771439,3,4,4,8,
28100,1821,771439,3,4,4,8,
28101,14510,771439,27,27,3,8,
28102,2148,771439,3,4,4,9,
28103,14235,771439,3,4,4,8,
28104,17786,771439,31,31,3,7,
28105,11517,771439,25,25,3,9,
28106,9555,771439,19,19,3,8,
28107,11666,771439,3,4,4,8,
28108,2283,771439,3,4,4,8,
28109,1755,771439,3,4,4,9,
28110,1691,771439,3,4,4,8,
28111,1405,771439,3,4,4,8,
28112,15525,771439,27,27,3,8,
28113,7901,771439,13,13,3,8,
28114,12125,771439,25,25,3,8,
28115,6389,771439,13,13,3,8,
28116,7220,771439,3,4,4,8,
28117,1680,771439,3,4,4,7,
28118,5928,771439,17,17,3,8,
28119,5082,771439,13,13,3,7,
28120,7135,771439,3,4,4,8,
28121,13233,771439,33,33,3,8,
28122,5341,771439,3,4,4,8,
28123,14015,771439,3,4,4,9,
28124,2318,771439,3,4,4,6,
28125,3970,771439,3,4,4,8,
28126,9106,771439,25,25,3,8,
28127,2721,771439,3,4,4,8,
28128,12646,771439,31,31,3,9,
28129,7404,771439,17,17,3,7,
28130,2846,771439,3,4,4,8,
28131,14437,771439,31,31,3,8,
28132,8070,771439,3,4,4,8,
28133,14597,771439,3,4,4,8,
28134,2237,771439,3,4,4,9,
28135,10722,771439,19,19,3,9,
28136,10568,771439,3,4,4,9,
28137,2103,771439,3,4,4,8,
28138,4163,771439,3,4,4,8,
28139,9507,771439,19,19,3,9,
28140,10757,771439,25,25,3,8,
28141,9583,771439,3,4,4,9,
28142,12793,771439,29,29,3,9,
28143,9400,771439,21,21,3,8,
28144,21888,771439,27,27,3,8,
28145,18475,771439,31,31,3,8,
28146,3047,771439,3,4,4,9,
28147,7168,771439,15,15,3,8,
28148,2454,771439,3,4,4,9,
28149,17589,771439,29,29,3,8,
28150,2387,771439,3,4,4,9,
28151,15883,771439,25,25,3,8,
28152,6719,771439,13,13,3,8,
28153,3920,771439,3,4,4,9,
28154,17396,771439,23,23,3,8,
28155,13424,771439,3,4,4,8,
28156,2309,771439,3,4,4,8,
28157,11199,771439,3,4,4,9,
28158,19060,771439,33,33,3,9,
28159,7653,771439,21,21,3,8,
28160,10056,771439,17,17,3,9,
28161,1717,771439,3,4,4,8,
28162,10138,771439,3,4,4,8,
28163,7161,771439,13,13,3,9,
28164,18929,771439,31,31,3,8,
28165,1495,771439,3,4,4,7,
28166,11570,771439,15,15,3,8,
28167,13386,771439,29,29,3,9,
28168,10798,771439,21,21,3,8,
28169,13051,771439,3,4,4,8,
28170,2419,771439,3,4,4,9,
28171,1635,771439,3,4,4,9,
28172,24824,771439,33,33,3,8,
28173,12768,771439,21,21,3,8,
28174,6174,771439,3,4,4,9,
28175,1697,771439,3,4,4,9,
28176,1666,771439,3,4,4,9,
28177,18078,771439,33,33,3,8,
28178,18123,771439,3,4,4,7,
28179,13866,771439,25,25,3,8,
28180,8435,771439,19,19,3,9,
28181,9850,771439,23,23,3,9,
28182,9838,771439,19,19,3,9,
28183,9622,771439,3,4,4,8,
28184,5687,771439,13,13,3,8,
28185,10300,771439,27,27,3,8,
28186,4899,771439,3,4,4,8,
28187,3793,771439,3,4,4,8,
28188,2474,771439,3,4,4,9,
28189,1874,771439,3,4,4,8,
28190,12514,771439,23,23,3,8,
28191,2618,771439,3,4,4,8,
28192,17756,771439,33,33,3,9,
28193,6408,771439,13,13,3,8,
28194,31770,771439,29,29,3,8,
28195,12802,771439,21,21,3,9,
28196,12356,771440,3,4,4,8,
28197,2166,771440,3,4,4,8,
28198,12540,771440,27,27,3,8,
28199,2865,771440,3,4,4,8,
28200,6491,771440,13,13,3,9,
28201,16226,771440,33,33,3,9,
28202,16505,771440,3,4,4,8,
28203,11034,771440,29,29,3,9,
28204,14639,771440,27,27,3,9,
28205,7319,771440,3,4,4,9,
28206,1836,771440,3,4,4,9,
28207,13393,771440,23,23,3,8,
28208,10167,771440,23,23,3,9,
28209,13848,771440,3,4,4,9,
28210,16442,771440,3,4,4,9,
28211,7038,771440,15,15,3,9,
28212,9236,771440,21,21,3,9,
28213,12749,771440,27,27,3,9,
28214,8223,771440,17,17,3,9,
28215,11486,771440,23,23,3,8,
28216,18062,771440,31,31,3,8,
28217,12011,771440,3,4,4,9,
28218,8069,771440,13,13,3,8,
28219,1813,771440,3,4,4,9,
28220,8516,771440,19,19,3,9,
28221,8755,771440,3,4,4,9,
28222,8342,771440,23,23,3,8,
28223,2187,771440,3,4,4,8,
28224,1423,771440,3,4,4,9,
28225,5656,771440,3,4,4,8,
28226,6575,771440,13,13,3,9,
28227,7314,771440,3,4,4,8,
28228,17274,771440,31,31,3,9,
28229,10480,771440,23,23,3,9,
28230,33559,771440,33,33,3,9,
28231,5780,771440,13,13,3,9,
28232,5821,771440,3,4,4,8,
28233,1806,771440,3,4,4,8,
28234,8979,771440,19,19,3,8,
28235,16224,771440,31,31,3,8,
28236,9592,771440,21,21,3,8,
28237,4536,771440,3,4,4,8,
28238,15209,771440,3,4,4,9,
28239,17668,771440,27,27,3,8,
28240,17976,771440,3,4,4,9,
28241,1360,771440,3,4,4,9,
28242,1601,771440,3,4,4,8,
28243,1484,771440,3,4,4,9,
28244,16384,771440,31,31,3,8,
28245,6685,771440,13,13,3,9,
28246,17697,771440,29,29,3,8,
28247,8760,771440,15,15,3,9,
28248,9007,771440,17,17,3,9,
28249,7920,771440,13,13,3,9,
28250,19828,771440,29,29,3,8,
28251,15327,771440,23,23,3,9,
28252,14253,771440,27,27,3,9,
28253,6136,771440,13,13,3,8,
28254,2447,771440,3,4,4,8,
28255,15669,771440,31,31,3,9,
28256,10112,771440,23,23,3,8,
28257,15806,771440,3,4,4,9,
28258,9709,771440,3,4,4,9,
28259,3352,771440,3,4,4,8,
28260,7450,771440,3,4,4,8,
28261,14818,771440,25,25,3,9,
28262,9850,771440,17,17,3,8,
28263,4688,771440,3,4,4,9,
28264,1707,771440,3,4,4,8,
28265,1841,771440,3,4,4,8,
28266,8279,771440,15,15,3,8,
28267,18552,771440,33,33,3,8,
28268,23250,771440,33,33,3,8,
28269,2530,771440,3,4,4,8,
28270,6759,771440,13,13,3,8,
28271,3686,771440,3,4,4,8,
28272,2130,771440,3,4,4,9,
28273,2522,771440,3,4,4,9,
28274,2271,771440,3,4,4,9,
28275,2809,771440,3,4,4,7,
28276,3529,771440,3,4,4,7,
28277,1876,771440,3,4,4,8,
28278,2657,771440,3,4,4,8,
28279,2172,771440,3,4,4,8,
28280,8418,771440,13,13,3,8,
28281,10879,771440,3,4,4,6,
28282,2569,771440,3,4,4,8,
28283,10251,771440,19,19,3,8,
28284,9207,771440,21,21,3,8,
28285,2556,771440,3,4,4,8,
28286,4961,771440,13,13,3,8,
28287,9851,771440,3,4,4,7,
28288,7095,771440,17,17,3,8,
28289,8935,771440,3,4,4,9,
28290,17768,771440,33,33,3,9,
28291,7951,771440,3,4,4,9,
28292,7057,771440,15,15,3,8,
28293,14371,771440,3,4,4,7,
28294,10630,771440,21,21,3,7,
28295,1175,771440,3,4,4,7,
28296,6280,771440,3,4,4,8,
28297,17754,771440,31,31,3,9,
28298,8664,771440,19,19,3,8,
28299,5712,771440,13,13,3,9,
28300,19483,771440,25,25,3,8,
28301,18699,771440,3,4,4,9,
28302,16495,771440,31,31,3,9,
28303,16066,771440,31,31,3,8,
28304,11559,771440,3,4,4,9,
28305,8105,771440,13,13,3,8,
28306,15358,771440,33,33,3,9,
28307,11391,771440,21,21,3,9,
28308,12104,771440,27,27,3,8,
28309,11736,771440,27,27,3,8,
28310,8711,771440,3,4,4,9,
28311,11309,771440,3,4,4,9,
28312,16660,771440,31,31,3,9,
28313,1294,771440,3,4,4,8,
28314,16781,771440,3,4,4,8,
28315,1546,771440,3,4,4,8,
28316,2255,771440,3,4,4,7,
28317,1884,771440,3,4,4,8,
28318,1924,771440,3,4,4,8,
28319,23226,771440,31,31,3,9,
28320,14047,771440,29,29,3,7,
28321,2341,771440,3,4,4,8,
28322,23264,771440,3,4,4,8,
28323,17825,771440,33,33,3,8,
28324,8449,771440,17,17,3,9,
28325,9523,771440,25,25,3,9,
28326,9917,771440,21,21,3,9,
28327,10431,771440,3,4,4,9,
28328,13337,771440,21,21,3,8,
28329,33569,771440,31,31,3,8,
28330,30605,771440,23,23,3,8,
28331,54807,771440,29,29,3,8,
28332,9339,771440,19,19,3,8,
28333,31312,771440,25,25,3,7,
28334,9480,771440,13,13,3,9,
28335,51039,771440,25,25,3,9,
28336,1785,771440,3,4,4,8,
28337,21446,771440,3,4,4,7,
28338,50514,771440,33,33,3,8,
28339,46965,771440,23,23,3,9,
28340,50746,771440,3,4,4,8,
28341,42062,771440,3,4,4,8,
28342,12041,771440,27,27,3,7,
28343,5413,771440,3,4,4,8,
28344,14726,771440,27,27,3,8,
28345,17676,771440,31,32,3,8,
28346,15137,771440,3,4,4,8,
28347,10302,771440,17,17,3,9,
28348,15290,771440,3,4,4,8,
28349,12048,771440,19,19,3,8,
28350,10861,771440,21,21,3,8,
28351,10757,771440,29,29,3,8,
28352,10686,771440,3,4,4,9,
28353,15880,771440,33,33,3,8,
28354,17318,771440,3,4,4,9,
28355,4555,771440,13,13,3,9,
28356,13604,771440,23,23,3,8,
28357,1660,771440,3,4,4,8,
28358,11507,771440,25,25,3,8,
28359,7955,771440,15,15,3,8,
28360,10871,771440,3,4,4,8,
28361,14637,771440,33,33,3,8,
28362,11841,771440,29,29,3,9,
28363,5815,771440,13,13,3,9,
28364,28042,771440,29,29,3,9,
28365,8684,771440,3,4,4,8,
28366,5438,771440,3,4,4,9,
28367,2088,771440,3,4,4,8,
28368,14149,771440,17,17,3,9,
28369,2510,771440,3,4,4,8,
28370,14112,771440,23,23,3,8,
28371,15051,771440,29,29,3,8,
28372,2593,771440,3,4,4,9,
28373,1274,771440,3,4,4,8,
28374,10383,771440,27,27,3,7,
28375,19283,771440,33,33,3,8,
28376,11272,771440,3,4,4,8,
28377,19296,771440,3,4,4,8,
28378,2160,771440,3,4,4,9,
28379,11239,771440,25,25,3,9,
28380,14325,771440,27,27,3,9,
28381,11135,771440,15,15,3,8,
28382,2103,771440,3,4,4,8,
28383,12386,771440,23,23,3,8,
28384,13405,771440,21,21,3,9,
28385,14717,771440,25,25,3,8,
28386,11105,771440,19,19,3,8,
28387,10257,771440,25,25,3,8,
28388,12468,771440,3,4,4,9,
28389,13523,771440,25,25,3,8,
28390,797,771440,3,4,4,9,
28391,1311,771440,3,4,4,8,
28392,12012,771440,25,25,3,8,
28393,9292,771440,23,23,3,8,
28394,25320,771440,29,29,3,9,
28395,8821,771440,3,4,4,8,
28396,9283,771440,25,25,3,7,
28397,8934,771440,3,4,4,8,
28398,10063,771440,3,4,4,8,
28399,2148,771440,3,4,4,9,
28400,2250,771440,3,4,4,9,
28401,1903,771440,3,4,4,9,
28402,3147,771440,3,4,4,7,
28403,8357,771440,17,17,3,8,
28404,2283,771440,3,4,4,8,
28405,20314,771440,33,33,3,8,
28406,2768,771440,3,4,4,7,
28407,14798,771440,3,4,4,8,
28408,2005,771440,3,4,4,8,
28409,4215,771440,3,4,4,8,
28410,20451,771440,31,31,3,8,
28411,2156,771440,3,4,4,9,
28412,9690,771440,19,19,3,8,
28413,21435,771440,25,25,3,8,
28414,18632,771440,25,25,3,9,
28415,17836,771440,33,33,3,8,
28416,9927,771440,17,17,3,8,
28417,21880,771440,15,15,3,9,
28418,10421,771440,21,21,3,9,
28419,2178,771440,3,4,4,9,
28420,10921,771440,17,17,3,8,
28421,20386,771440,29,29,3,8,
28422,6637,771440,13,13,3,8,
28423,15650,771440,29,29,3,9,
28424,1375,771440,3,4,4,8,
28425,3361,771440,3,4,4,8,
28426,20111,771440,23,23,3,9,
28427,16003,771440,29,29,3,7,
28428,10370,771440,15,15,3,8,
28429,9828,771440,15,15,3,9,
28430,19378,771440,23,23,3,8,
28431,13665,771440,25,25,3,9,
28432,9568,771440,3,4,4,8,
28433,8157,771440,3,4,4,8,
28434,13384,771440,23,23,3,8,
28435,13977,771440,21,21,3,9,
28436,1294,771440,3,4,4,8,
28437,4609,771440,3,4,4,8,
28438,9071,771440,17,17,3,8,
28439,13079,771440,25,25,3,8,
28440,12749,771440,17,17,3,9,
28441,15731,771440,29,29,3,8,
28442,1567,771440,3,4,4,9,
28443,1955,771440,3,4,4,8,
28444,1802,771440,3,4,4,9,
28445,5982,771440,3,4,4,7,
28446,1490,771440,3,4,4,9,
28447,2029,771440,3,4,4,8,
28448,7156,771440,13,13,3,8,
28449,2471,771440,3,4,4,8,
28450,11564,771440,21,21,3,9,
28451,2375,771440,3,4,4,8,
28452,12360,771440,25,25,3,8,
28453,2547,771440,3,4,4,8,
28454,13206,771440,17,17,3,8,
28455,11562,771440,21,21,3,8,
28456,11805,771440,3,4,4,8,
28457,1206,771440,3,4,4,8,
28458,14429,771440,25,25,3,8,
28459,12129,771440,17,17,3,8,
28460,7503,771440,15,15,3,8,
28461,4535,771440,3,4,4,9,
28462,12720,771440,21,21,3,9,
28463,12332,771440,3,4,4,8,
28464,16014,771440,21,21,3,9,
28465,6950,771440,3,4,4,9,
28466,1591,771440,3,4,4,8,
28467,9521,771440,21,21,3,9,
28468,6991,771440,13,13,3,8,
28469,9762,771440,17,17,3,8,
28470,16344,771440,15,15,3,8,
28471,17092,771440,29,29,3,9,
28472,12016,771440,17,17,3,9,
28473,11253,771440,13,13,3,9,
28474,17902,771440,27,27,3,8,
28475,7290,771440,19,19,3,8,
28476,11586,771440,19,19,3,9,
28477,7986,771440,15,15,3,9,
28478,2009,771440,3,4,4,9,
28479,8766,771440,23,23,3,8,
28480,9084,771440,3,4,4,8,
28481,3178,771440,3,4,4,9,
28482,9886,771440,25,25,3,8,
28483,10191,771440,3,4,4,8,
28484,11942,771440,27,27,3,8,
28485,1906,771440,3,4,4,8,
28486,2050,771440,3,4,4,9,
28487,11300,771440,3,4,4,9,
28488,6447,771440,3,4,4,8,
28489,1730,771440,3,4,4,9,
28490,20151,771440,21,21,3,8,
28491,11807,771440,25,25,3,9,
28492,31212,771440,23,23,3,8,
28493,4859,771440,15,15,3,9,
28494,17374,771440,29,29,3,8,
28495,1752,771440,3,4,4,8,
28496,19935,771440,31,31,3,8,
28497,1753,771440,3,4,4,9,
28498,5353,771440,3,4,4,8,
28499,1420,771440,3,4,4,8,
28500,10583,771440,19,19,3,9,
28501,1503,771440,3,4,4,8,
28502,7316,771440,15,15,3,9,
28503,19266,771440,29,29,3,9,
28504,9465,771440,15,15,3,8,
28505,6717,771440,21,21,3,8,
28506,9766,771440,21,21,3,9,
28507,2362,771440,3,4,4,8,
28508,12409,771440,29,29,3,8,
28509,17446,771440,31,31,3,8,
28510,4957,771440,13,13,3,9,
28511,9236,771440,3,4,4,8,
28512,12955,771440,3,4,4,9,
28513,5878,771440,13,13,3,9,
28514,15058,771440,3,4,4,9,
28515,11418,771440,31,31,3,9,
28516,3841,771440,3,4,4,9,
28517,2067,771440,3,4,4,9,
28518,19603,771440,33,33,3,9,
28519,24286,771440,33,33,3,8,
28520,11342,771440,21,21,3,8,
28521,25015,771440,3,4,4,9,
28522,5481,771440,3,4,4,9,
28523,8400,771440,21,21,3,9,
28524,8157,771440,3,4,4,9,
28525,9286,771440,19,19,3,8,
28526,10094,771440,15,15,3,9,
28527,15600,771440,23,23,3,8,
28528,17836,771440,31,31,3,9,
28529,1880,771440,3,4,4,8,
28530,7444,771440,17,17,3,8,
28531,12365,771440,23,23,3,8,
28532,17660,771440,31,31,3,9,
28533,13866,771440,31,31,3,8,
28534,10761,771440,3,4,4,9,
28535,946,771440,3,4,4,8,
28536,16820,771440,27,27,3,9,
28537,16894,771440,3,4,4,8,
28538,6846,771440,15,15,3,8,
28539,10935,771440,17,17,3,8,
28540,5404,771440,15,15,3,8,
28541,10807,771440,15,15,3,9,
28542,6747,771440,15,15,3,9,
28543,17638,771440,21,21,3,9,
28544,11569,771440,21,21,3,8,
28545,2484,771440,3,4,4,9,
28546,15146,771440,29,29,3,8,
28547,17224,771440,33,33,3,9,
28548,16843,771440,3,4,4,9,
28549,7090,771440,17,17,3,9,
28550,2207,771440,3,4,4,8,
28551,8645,771440,21,21,3,8,
28552,2094,771440,3,4,4,8,
28553,8562,771440,3,4,4,8,
28554,2086,771440,3,4,4,9,
28555,2663,771440,3,4,4,8,
28556,2167,771440,3,4,4,8,
28557,5668,771440,3,4,4,8,
28558,4699,771440,3,4,4,8,
28559,1920,771440,3,4,4,9,
28560,11892,771440,25,25,3,8,
28561,12005,771440,3,4,4,8,
28562,8237,771440,19,19,3,9,
28563,15151,771440,27,27,3,8,
28564,12690,771440,13,13,3,8,
28565,8778,771440,23,23,3,9,
28566,9637,771440,3,4,4,8,
28567,14690,771440,3,4,4,9,
28568,1640,771440,3,4,4,9,
28569,8958,771440,19,19,3,9,
28570,15437,771440,29,29,3,9,
28571,6777,771440,3,4,4,9,
28572,12977,771440,23,23,3,7,
28573,18958,771440,31,31,3,9,
28574,10240,771440,17,17,3,8,
28575,9257,771440,25,25,3,8,
28576,2343,771440,3,4,4,8,
28577,8751,771440,3,4,4,8,
28578,2099,771440,3,4,4,9,
28579,1861,771440,3,4,4,8,
28580,2473,771440,3,4,4,9,
28581,2215,771440,3,4,4,8,
28582,2949,771440,3,4,4,9,
28583,1410,771440,3,4,4,8,
28584,3198,771440,3,4,4,8,
28585,12707,771440,21,21,3,8,
28586,13640,771440,29,29,3,9,
28587,3814,771440,3,4,4,8,
28588,3443,771440,3,4,4,8,
28589,11575,771440,19,19,3,8,
28590,8352,771440,3,4,4,9,
28591,16820,771440,27,27,3,8,
28592,11630,771440,19,19,3,8,
28593,1831,771440,3,4,4,9,
28594,7454,771440,15,15,3,8,
28595,16037,771440,3,4,4,9,
28596,16064,771440,29,29,3,8,
28597,1416,771440,3,4,4,9,
28598,12626,771440,25,25,3,9,
28599,13216,771440,29,29,3,9,
28600,10008,771440,3,4,4,8,
28601,15513,771440,31,31,3,9,
28602,2736,771440,3,4,4,9,
28603,15329,771440,3,4,4,9,
28604,1452,771440,3,4,4,9,
28605,1548,771440,3,4,4,9,
28606,14618,771440,23,23,3,8,
28607,20137,771440,31,31,3,8,
28608,2041,771440,3,4,4,8,
28609,11149,771440,19,19,3,9,
28610,7696,771440,23,23,3,8,
28611,10371,771440,3,4,4,8,
28612,8587,771440,3,4,4,9,
28613,11071,771440,31,31,3,9,
28614,8606,771440,17,17,3,9,
28615,1434,771440,3,4,4,9,
28616,8511,771440,17,17,3,8,
28617,12863,771440,23,23,3,8,
28618,8607,771440,3,4,4,8,
28619,23924,771440,23,23,3,8,
28620,9011,771440,3,4,4,9,
28621,9870,771440,25,25,3,9,
28622,7396,771440,19,19,3,8,
28623,1550,771440,3,4,4,9,
28624,1810,771440,3,4,4,9,
28625,2042,771440,3,4,4,9,
28626,2709,771440,3,4,4,8,
28627,10858,771440,21,21,3,8,
28628,9282,771440,17,17,3,7,
28629,7808,771440,17,17,3,8,
28630,8122,771440,3,4,4,8,
28631,15782,771440,29,29,3,8,
28632,2160,771440,3,4,4,8,
28633,20566,771440,29,29,3,9,
28634,1759,771440,3,4,4,9,
28635,13581,771440,3,4,4,8,
28636,10832,771440,23,23,3,8,
28637,9891,771440,3,4,4,8,
28638,1875,771440,3,4,4,9,
28639,36976,771440,31,31,3,8,
28640,13528,771440,29,29,3,8,
28641,8652,771440,3,4,4,8,
28642,4313,771440,15,15,3,9,
28643,32790,771440,3,4,4,8,
28644,2501,771440,3,4,4,8,
28645,8108,771440,13,13,3,9,
28646,29207,771440,15,15,3,8,
28647,8952,771440,17,17,3,9,
28648,31368,771440,23,23,3,8,
28649,31957,771440,27,27,3,8,
28650,27275,771440,3,4,4,8,
28651,1253,771440,3,4,4,8,
28652,26565,771440,17,17,3,8,
28653,27648,771440,3,4,4,8,
28654,26806,771440,3,4,4,9,
28655,10345,771440,23,23,3,9,
28656,14420,771440,31,31,3,8,
28657,3178,771440,3,4,4,8,
28658,17632,771440,25,25,3,9,
28659,13969,771440,3,4,4,9,
28660,15992,771440,27,27,3,8,
28661,2112,771440,3,4,4,9,
28662,2789,771440,3,4,4,8,
28663,16033,771440,3,4,4,9,
28664,1896,771440,3,4,4,8,
28665,3138,771440,3,4,4,8,
28666,11991,771440,25,25,3,9,
28667,2810,771440,3,4,4,8,
28668,13147,771440,21,21,3,8,
28669,7379,771440,15,15,3,8,
28670,10317,771440,25,25,3,9,
28671,9940,771440,3,4,4,8,
28672,11862,771440,33,33,3,9,
28673,12422,771440,3,4,4,8,
28674,2227,771440,3,4,4,8,
28675,4424,771440,3,4,4,9,
28676,6441,771440,13,13,3,8,
28677,11730,771440,31,31,3,8,
28678,9336,771440,21,21,3,8,
28679,12943,771440,23,23,3,7,
28680,12127,771440,3,4,4,7,
28681,11310,771440,19,19,3,8,
28682,13730,771440,3,4,4,8,
28683,11568,771440,29,29,3,8,
28684,4123,771440,3,4,4,9,
28685,1453,771440,3,4,4,8,
28686,1617,771440,3,4,4,8,
28687,8786,771440,19,19,3,8,
28688,2834,771440,3,4,4,8,
28689,9683,771440,3,4,4,9,
28690,2617,771440,3,4,4,8,
28691,1939,771440,3,4,4,8,
28692,3284,771440,3,4,4,8,
28693,14358,771440,33,33,3,8,
28694,2555,771440,3,4,4,7,
28695,12736,771440,21,21,3,8,
28696,21206,771440,29,29,3,8,
28697,28051,771440,33,33,3,9,
28698,12935,771440,3,4,4,8,
28699,2662,771440,3,4,4,8,
28700,15651,771440,19,19,3,8,
28701,18087,771440,27,27,3,9,
28702,23128,771440,31,31,3,8,
28703,10369,771440,19,19,3,9,
28704,5679,771440,15,15,3,9,
28705,4508,771440,3,4,4,8,
28706,11812,771440,17,17,3,9,
28707,7794,771440,17,17,3,9,
28708,29351,771440,31,31,3,9,
28709,7092,771440,13,13,3,9,
28710,6370,771440,3,4,4,9,
28711,9059,771440,25,25,3,8,
28712,8177,771440,3,4,4,8,
28713,7935,771440,15,15,3,8,
28714,14724,771440,27,27,3,8,
28715,1744,771440,3,4,4,9,
28716,10060,771440,15,15,3,8,
28717,6916,771440,15,15,3,8,
28718,10994,771440,3,4,4,9,
28719,1381,771440,3,4,4,8,
28720,8419,771440,13,13,3,8,
28721,14271,771440,25,25,3,8,
28722,5791,771440,13,13,3,8,
28723,12524,771440,29,29,3,8,
28724,3238,771440,3,4,4,9,
28725,15388,771440,29,29,3,9,
28726,15209,771440,3,4,4,9,
28727,11932,771440,27,27,3,9,
28728,22882,771440,23,23,3,9,
28729,17145,771440,27,27,3,8,
28730,7823,771440,3,4,4,8,
28731,5294,771440,13,13,3,9,
28732,2618,771440,3,4,4,8,
28733,16425,771440,27,27,3,8,
28734,18182,771440,31,31,3,8,
28735,1719,771440,3,4,4,9,
28736,15171,771440,3,4,4,8,
28737,1125,771440,3,4,4,8,
28738,7906,771440,19,19,3,9,
28739,7658,771440,3,4,4,8,
28740,15020,771440,33,33,3,8,
28741,1575,771440,3,4,4,8,
28742,13261,771440,31,31,3,8,
28743,8823,771440,15,15,3,8,
28744,1573,771440,3,4,4,9,
28745,8718,771440,3,4,4,8,
28746,11287,771440,21,21,3,9,
28747,10923,771440,3,4,4,9,
28748,2993,771440,3,4,4,8,
28749,17263,771440,33,33,3,8,
28750,1350,771440,3,4,4,9,
28751,14981,771440,33,33,3,8,
28752,11263,771440,27,27,3,8,
28753,9680,771440,25,25,3,8,
28754,10476,771440,3,4,4,8,
28755,12774,771440,31,31,3,8,
28756,14928,771440,3,4,4,7,
28757,13148,771440,3,4,4,8,
28758,1371,771440,3,4,4,9,
28759,1769,771440,3,4,4,9,
28760,13409,771440,31,31,3,5,
28761,13257,771440,3,4,4,4,
28762,9985,771440,29,29,3,5,
28763,7026,771440,19,19,3,6,
28764,3891,771440,3,4,4,7,
28765,4326,771440,13,13,3,5,
28766,549,771440,3,4,4,0,
28767,609,771440,3,4,4,0,
28768,837,771440,3,4,4,3,
28769,975,771440,3,4,4,3,
28770,9283,771440,17,17,3,5,
28771,1561,771440,3,4,4,6,
28772,1942,771440,3,4,4,6,
28773,11625,771440,19,19,3,7,
28774,23098,771440,31,31,3,7,
28775,8830,771440,13,13,3,7,
28776,19243,771440,27,27,3,6,
28777,12245,771440,3,4,4,8,
28778,1606,771440,3,4,4,8,
28779,14873,771440,33,33,3,8,
28780,2588,771440,3,4,4,8,
28781,7275,771440,15,15,3,8,
28782,22792,771440,33,33,3,8,
28783,23342,771440,3,4,4,9,
28784,1042,771440,3,4,4,8,
28785,7660,771440,3,4,4,8,
28786,2086,771440,3,4,4,8,
28787,2372,771440,3,4,4,9,
28788,2165,771440,3,4,4,8,
28789,2566,771440,3,4,4,8,
28790,4929,771440,3,4,4,8,
28791,1313,771440,3,4,4,8,
28792,15533,771440,17,17,3,8,
28793,8418,771440,17,17,3,8,
28794,9275,771440,3,4,4,7,
28795,4445,771440,3,4,4,8,
28796,3442,771440,3,4,4,7,
28797,12171,771440,3,4,4,8,
28798,14667,771440,15,15,3,9,
28799,1491,771440,3,4,4,8,
28800,3126,771440,3,4,4,8,
28801,11989,771440,3,4,4,8,
28802,14180,771440,17,17,3,9,
28803,19265,771440,17,17,3,8,
28804,19873,771440,3,4,4,8,
28805,15812,771440,21,21,3,8,
28806,14841,771440,25,25,3,9,
28807,32412,771440,31,31,3,9,
28808,27178,771440,27,27,3,8,
28809,20662,771440,23,23,3,9,
28810,1770,771440,3,4,4,9,
28811,2284,771440,3,4,4,8,
28812,25413,771440,23,23,3,8,
28813,22133,771440,27,27,3,8,
28814,24994,771440,3,4,4,9,
28815,18778,771440,3,4,4,8,
28816,15169,771440,17,17,3,9,
28817,1923,771440,3,4,4,8,
28818,3271,771440,3,4,4,8,
28819,2370,771440,3,4,4,8,
28820,24483,771440,31,31,3,9,
28821,16657,771440,25,25,3,8,
28822,13432,771440,19,19,3,8,
28823,2566,771440,3,4,4,8,
28824,13345,771440,3,4,4,9,
28825,2091,771440,3,4,4,8,
28826,7147,771440,13,13,3,7,
28827,2603,771440,3,4,4,8,
28828,20730,771440,27,27,3,9,
28829,1418,771440,3,4,4,7,
28830,1128,771440,3,4,4,8,
28831,1964,771440,3,4,4,8,
28832,1754,771440,3,4,4,8,
28833,2295,771440,3,4,4,8,
28834,2640,771440,3,4,4,8,
28835,11567,771440,17,17,3,8,
28836,14314,771440,23,23,3,9,
28837,11778,771440,3,4,4,7,
28838,19439,771440,29,29,3,8,
28839,11244,771440,17,17,3,8,
28840,8634,771440,21,21,3,9,
28841,1243,771440,3,4,4,9,
28842,16238,771440,31,31,3,9,
28843,15933,771440,3,4,4,9,
28844,3123,771440,3,4,4,9,
28845,2335,771440,3,4,4,8,
28846,2820,771440,3,4,4,8,
28847,17752,771440,31,31,3,7,
28848,13825,771440,23,23,3,8,
28849,16169,771440,33,33,3,9,
28850,14261,771440,25,25,3,9,
28851,15372,771440,3,4,4,8,
28852,17289,771440,29,29,3,8,
28853,9881,771440,19,19,3,8,
28854,5532,771440,3,4,4,8,
28855,1651,771440,3,4,4,9,
28856,1872,771440,3,4,4,9,
28857,2192,771440,3,4,4,9,
28858,1753,771440,3,4,4,8,
28859,17880,771440,27,27,3,8,
28860,20593,771440,29,30,3,7,
28861,17452,771440,3,4,4,8,
28862,5288,771440,3,4,4,8,
28863,17365,771440,29,29,3,9,
28864,9208,771440,23,23,3,8,
28865,6448,771440,15,15,3,9,
28866,9622,771440,21,21,3,8,
28867,15919,771440,29,29,3,9,
28868,1184,771440,3,4,4,9,
28869,1088,771440,3,4,4,9,
28870,2286,771440,3,4,4,8,
28871,1910,771440,3,4,4,8,
28872,4302,771440,3,4,4,8,
28873,18339,771440,33,33,3,9,
28874,18732,771440,3,4,4,8,
28875,9735,771440,3,4,4,7,
28876,1148,771440,3,4,4,8,
28877,2236,771440,3,4,4,8,
28878,3193,771440,3,4,4,8,
28879,1311,771440,3,4,4,7,
28880,1493,771440,3,4,4,8,
28881,14538,771440,27,27,3,9,
28882,16776,771440,29,29,3,8,
28883,14378,771440,3,4,4,8,
28884,1114,771440,3,4,4,8,
28885,1505,771440,3,4,4,9,
28886,1222,771440,3,4,4,7,
28887,6024,771440,13,13,3,8,
28888,15569,771440,3,4,4,8,
28889,1709,771440,3,4,4,9,
28890,11024,771440,21,21,3,9,
28891,4492,771440,13,13,3,8,
28892,18839,771440,29,29,3,9,
28893,9118,771440,15,15,3,8,
28894,15272,771440,17,17,3,9,
28895,1356,771440,3,4,4,8,
28896,12557,771440,15,15,3,8,
28897,14157,771440,23,23,3,8,
28898,2129,771440,3,4,4,9,
28899,22449,771440,31,31,3,8,
28900,9882,771440,15,15,3,9,
28901,5796,771440,13,13,3,8,
28902,2227,771440,3,4,4,9,
28903,15105,771440,25,25,3,8,
28904,17704,771440,29,29,3,8,
28905,17390,771440,3,4,4,8,
28906,3431,771440,3,4,4,8,
28907,10423,771440,3,4,4,9,
28908,6607,771440,13,13,3,8,
28909,21298,771440,27,27,3,8,
28910,17290,771440,29,29,3,9,
28911,18653,771440,29,29,3,8,
28912,9515,771440,21,21,3,8,
28913,10010,771440,19,19,3,9,
28914,12543,771440,19,19,3,7,
28915,10843,771440,17,17,3,7,
28916,9964,771440,17,17,3,8,
28917,6809,771440,3,4,4,8,
28918,7722,771440,15,15,3,8,
28919,13583,771440,27,27,3,9,
28920,9731,771440,3,4,4,9,
28921,2285,771440,3,4,4,8,
28922,2625,771440,3,4,4,8,
28923,7926,771440,19,19,3,7,
28924,2489,771440,3,4,4,8,
28925,16016,771440,33,33,3,6,
28926,14498,771440,29,29,3,7,
28927,15640,771440,3,4,4,8,
28928,10298,771440,23,23,3,8,
28929,10148,771440,15,15,3,8,
28930,9063,771440,15,15,3,9,
28931,8700,771440,3,4,4,8,
28932,2158,771440,3,4,4,8,
28933,14166,771440,31,31,3,9,
28934,8006,771440,15,15,3,8,
28935,13855,771440,3,4,4,9,
28936,1834,771440,3,4,4,8,
28937,6314,771440,3,4,4,8,
28938,9640,771440,27,27,3,8,
28939,2544,771440,3,4,4,9,
28940,8600,771440,23,23,3,8,
28941,8776,771440,3,4,4,8,
28942,2052,771440,3,4,4,9,
28943,11692,771440,29,29,3,7,
28944,5772,771440,3,4,4,7,
28945,2014,771440,3,4,4,9,
28946,21124,771440,21,21,3,9,
28947,8938,771440,21,21,3,9,
28948,8645,771440,3,4,4,9,
28949,8154,771440,15,15,3,8,
28950,11920,771440,27,27,3,9,
28951,8715,771440,3,4,4,8,
28952,14760,771440,31,31,3,8,
28953,12550,771440,25,25,3,8,
28954,53024,771440,33,33,3,6,
28955,15408,771440,27,27,3,8,
28956,13587,771440,25,25,3,8,
28957,44131,771440,25,25,3,8,
28958,2111,771440,3,4,4,9,
28959,2018,771440,3,4,4,8,
28960,2644,771440,3,4,4,9,
28961,11341,771440,19,19,3,8,
28962,1438,771440,3,4,4,9,
28963,9835,771440,23,23,3,8,
28964,10851,771440,3,4,4,8,
28965,10090,771440,3,4,4,9,
28966,11557,771440,17,17,3,9,
28967,37753,771440,21,21,3,7,
28968,1466,771440,3,4,4,8,
28969,35453,771440,25,25,3,8,
28970,36371,771440,3,4,4,8,
28971,35001,771440,31,31,3,8,
28972,29234,771440,19,19,3,8,
28973,25774,771440,15,15,3,8,
28974,29546,771440,17,17,3,7,
28975,29227,771440,21,21,3,9,
28976,9629,771440,15,15,3,6,
28977,11480,771440,15,15,3,7,
28978,24815,771440,31,31,3,7,
28979,3630,771440,3,4,4,7,
28980,12613,771440,19,19,3,8,
28981,5312,771440,3,4,4,9,
28982,12935,771440,3,4,4,8,
28983,4415,771440,3,4,4,8,
28984,6882,771440,13,13,3,8,
28985,3162,771440,3,4,4,8,
28986,19771,771440,33,33,3,9,
28987,8783,771440,17,17,3,8,
28988,7074,771440,13,13,3,9,
28989,7119,771440,3,4,4,9,
28990,12615,771440,27,27,3,9,
28991,8715,771440,15,15,3,9,
28992,9244,771440,3,4,4,8,
28993,2831,771440,3,4,4,9,
28994,2264,771440,3,4,4,8,
28995,8769,771440,13,13,3,8,
28996,8097,771440,15,15,3,8,
28997,10542,771440,3,4,4,9,
28998,16574,771440,29,29,3,8,
28999,12122,771440,27,27,3,9,
29000,629,771440,3,4,4,8,
29001,16196,771440,29,29,3,8,
29002,16679,771440,3,4,4,9,
29003,3175,771440,3,4,4,8,
29004,12155,771440,27,27,3,8,
29005,10806,771440,3,4,4,9,
29006,16813,771440,33,33,3,9,
29007,2021,771440,3,4,4,9,
29008,15732,771440,29,29,3,8,
29009,13188,771440,25,25,3,9,
29010,16008,771440,3,4,4,9,
29011,8373,771440,15,15,3,8,
29012,8839,771440,19,19,3,8,
29013,8604,771440,3,4,4,8,
29014,2993,771440,3,4,4,8,
29015,1501,771440,3,4,4,8,
29016,1239,771440,3,4,4,9,
29017,1491,771440,3,4,4,8,
29018,9019,771440,21,21,3,9,
29019,9053,771440,23,23,3,8,
29020,9878,771440,3,4,4,8,
29021,2649,771440,3,4,4,9,
29022,9186,771440,3,4,4,8,
29023,9116,771440,21,21,3,8,
29024,1878,771440,3,4,4,8,
29025,2665,771440,3,4,4,8,
29026,8458,771440,3,4,4,9,
29027,1243,771440,3,4,4,8,
29028,2173,771440,3,4,4,8,
29029,1650,771440,3,4,4,9,
29030,1574,771440,3,4,4,8,
29031,1763,771440,3,4,4,8,
29032,2721,771440,3,4,4,9,
29033,6156,771440,17,17,3,8,
29034,3181,771440,3,4,4,8,
29035,6299,771440,3,4,4,8,
29036,2722,771440,3,4,4,8,
29037,11516,771440,31,31,3,9,
29038,3286,771440,3,4,4,8,
29039,12444,771440,3,4,4,7,
29040,1609,771440,3,4,4,8,
29041,10036,771440,25,25,3,8,
29042,2515,771440,3,4,4,8,
29043,12709,771440,33,33,3,8,
29044,10171,771440,3,4,4,9,
29045,20033,771440,23,23,3,7,
29046,2123,771440,3,4,4,8,
29047,2114,771440,3,4,4,9,
29048,2304,771440,3,4,4,9,
29049,2526,771440,3,4,4,9,
29050,2145,771440,3,4,4,8,
29051,6350,771440,13,13,3,8,
29052,2186,771440,3,4,4,9,
29053,5655,771440,3,4,4,8,
29054,15600,771440,33,33,3,9,
29055,15767,771440,3,4,4,9,
29056,2582,771440,3,4,4,8,
29057,8088,771440,17,17,3,9,
29058,13385,771440,17,17,3,7,
29059,13623,771440,25,25,3,7,
29060,9909,771440,23,23,3,9,
29061,15159,771440,29,29,3,8,
29062,10025,771440,3,4,4,8,
29063,9424,771440,3,4,4,8,
29064,13570,771440,29,29,3,9,
29065,2864,771440,3,4,4,7,
29066,11127,771440,23,23,3,9,
29067,2943,771440,3,4,4,8,
29068,2780,771440,3,4,4,8,
29069,10809,771440,3,4,4,8,
29070,2310,771440,3,4,4,8,
29071,4946,771440,13,13,3,8,
29072,2558,771440,3,4,4,8,
29073,2945,771440,3,4,4,9,
29074,11841,771440,27,27,3,8,
29075,8034,771440,19,19,3,8,
29076,12049,771440,3,4,4,9,
29077,14320,771440,27,27,3,8,
29078,8189,771440,3,4,4,9,
29079,14958,771440,3,4,4,9,
29080,4231,771440,3,4,4,8,
29081,1974,771440,3,4,4,9,
29082,17899,771440,31,31,3,8,
29083,15530,771440,23,23,3,8,
29084,12384,771440,29,29,3,8,
29085,1684,771440,3,4,4,8,
29086,15549,771440,3,4,4,9,
29087,9730,771440,19,19,3,8,
29088,10801,771440,3,4,4,9,
29089,13162,771440,25,25,3,8,
29090,6290,771440,13,13,3,9,
29091,1566,771440,3,4,4,9,
29092,1046,771440,3,4,4,9,
29093,19639,771440,33,33,3,8,
29094,17254,771440,29,29,3,9,
29095,7219,771440,3,4,4,8,
29096,1666,771440,3,4,4,9,
29097,6497,771440,3,4,4,8,
29098,18829,771440,29,29,3,9,
29099,15877,771440,21,21,3,9,
29100,1990,771440,3,4,4,8,
29101,13488,771440,29,29,3,8,
29102,3230,771440,3,4,4,8,
29103,18581,771440,27,27,3,8,
29104,13040,771440,29,29,3,9,
29105,13062,771440,17,17,3,8,
29106,14871,771440,27,27,3,8,
29107,12774,771440,3,4,4,9,
29108,2771,771441,3,4,4,9,
29109,2811,771441,3,4,4,7,
29110,4977,771441,13,13,3,8,
29111,7003,771441,3,4,4,8,
29112,3038,771441,3,4,4,8,
29113,3910,771441,3,4,4,8,
29114,3925,771441,3,4,4,7,
29115,2437,771441,3,4,4,8,
29116,13783,771441,25,25,3,9,
29117,11071,771441,27,27,3,8,
29118,18696,771441,33,33,3,7,
29119,1898,771441,3,4,4,8,
29120,11007,771441,3,4,4,7,
29121,2352,771441,3,4,4,8,
29122,8093,771441,15,15,3,8,
29123,11991,771441,23,23,3,8,
29124,16837,771441,31,31,3,8,
29125,12936,771441,27,27,3,8,
29126,12578,771441,3,4,4,9,
29127,25120,771441,23,23,3,9,
29128,7237,771441,3,4,4,8,
29129,7223,771441,13,13,3,8,
29130,6595,771441,13,13,3,8,
29131,14814,771441,29,29,3,8,
29132,2350,771441,3,4,4,9,
29133,7625,771441,15,15,3,8,
29134,9814,771441,19,19,3,8,
29135,10111,771441,3,4,4,9,
29136,6466,771441,3,4,4,8,
29137,9917,771441,3,4,4,8,
29138,14521,771441,25,25,3,9,
29139,11903,771441,29,29,3,8,
29140,11043,771441,3,4,4,8,
29141,1325,771441,3,4,4,9,
29142,13919,771441,33,33,3,8,
29143,14259,771441,3,4,4,8,
29144,10106,771441,23,23,3,9,
29145,2506,771441,3,4,4,8,
29146,15290,771441,19,19,3,8,
29147,1792,771441,3,4,4,9,
29148,2397,771441,3,4,4,9,
29149,6576,771441,17,17,3,9,
29150,7807,771441,3,4,4,8,
29151,9697,771441,23,23,3,8,
29152,2377,771441,3,4,4,8,
29153,10510,771441,3,4,4,9,
29154,10212,771441,21,21,3,8,
29155,11411,771441,3,4,4,8,
29156,14746,771441,29,29,3,8,
29157,2950,771441,3,4,4,9,
29158,12148,771441,25,25,3,8,
29159,3014,771441,3,4,4,8,
29160,12838,771441,3,4,4,8,
29161,2870,771441,3,4,4,8,
29162,14769,771441,33,33,3,8,
29163,14611,771441,3,4,4,8,
29164,1349,771441,3,4,4,8,
29165,11641,771441,31,31,3,9,
29166,1621,771441,3,4,4,8,
29167,2464,771441,3,4,4,8,
29168,14527,771441,31,31,3,8,
29169,7966,771441,17,17,3,8,
29170,14289,771441,3,4,4,9,
29171,7526,771441,3,4,4,8,
29172,13837,771441,33,33,3,8,
29173,3764,771441,3,4,4,8,
29174,13423,771441,3,4,4,9,
29175,11161,771441,25,25,3,9,
29176,2049,771441,3,4,4,8,
29177,8335,771441,23,23,3,8,
29178,3446,771441,3,4,4,8,
29179,2190,771441,3,4,4,9,
29180,11117,771441,23,23,3,8,
29181,12758,771441,27,27,3,8,
29182,11050,771441,3,4,4,8,
29183,12765,771441,3,4,4,8,
29184,10327,771441,23,23,3,8,
29185,11055,771441,3,4,4,8,
29186,9326,771441,23,23,3,8,
29187,9006,771441,3,4,4,8,
29188,20282,771441,33,33,3,9,
29189,16399,771441,33,33,3,9,
29190,1592,771441,3,4,4,8,
29191,2652,771441,3,4,4,7,
29192,1500,771441,3,4,4,7,
29193,18501,771441,33,33,3,8,
29194,2223,771441,3,4,4,8,
29195,3140,771441,3,4,4,8,
29196,18423,771441,3,4,4,8,
29197,1225,771441,3,4,4,8,
29198,3238,771441,3,4,4,8,
29199,2307,771441,3,4,4,8,
29200,15397,771441,31,31,3,8,
29201,12558,771441,17,17,3,8,
29202,17714,771441,21,21,3,8,
29203,2450,771441,3,4,4,9,
29204,15213,771441,23,23,3,9,
29205,9631,771441,15,15,3,8,
29206,19633,771441,27,28,3,9,
29207,3595,771441,3,4,4,8,
29208,12962,771441,25,25,3,8,
29209,10098,771441,19,19,3,9,
29210,13940,771441,19,19,3,8,
29211,13871,771441,23,23,3,8,
29212,2743,771441,3,4,4,8,
29213,12752,771441,23,23,3,9,
29214,19029,771441,29,29,3,8,
29215,15369,771441,29,29,3,8,
29216,26263,771441,19,19,3,8,
29217,14860,771441,3,4,4,8,
29218,9838,771441,23,23,3,9,
29219,7445,771441,17,17,3,8,
29220,5932,771441,15,15,3,9,
29221,1526,771441,3,4,4,8,
29222,4417,771441,3,4,4,8,
29223,11244,771441,23,23,3,9,
29224,11811,771441,3,4,4,9,
29225,11765,771441,23,23,3,8,
29226,6181,771441,15,15,3,9,
29227,11665,771441,3,4,4,8,
29228,1798,771441,3,4,4,9,
29229,11313,771441,21,21,3,7,
29230,2081,771441,3,4,4,8,
29231,7960,771441,13,13,3,9,
29232,6448,771441,13,13,3,8,
29233,19667,771441,33,33,3,9,
29234,14416,771441,21,21,3,9,
29235,16476,771441,13,13,3,8,
29236,8130,771441,17,17,3,8,
29237,14019,771441,29,29,3,9,
29238,16329,771441,29,29,3,8,
29239,1870,771441,3,4,4,8,
29240,27544,771441,33,33,3,8,
29241,2789,771441,3,4,4,8,
29242,8485,771441,3,4,4,9,
29243,2463,771441,3,4,4,9,
29244,6339,771441,13,13,3,9,
29245,10193,771441,19,19,3,8,
29246,7457,771441,3,4,4,9,
29247,17690,771441,27,27,3,9,
29248,18342,771441,3,4,4,9,
29249,5796,771441,3,4,4,9,
29250,8469,771441,23,23,3,8,
29251,9628,771441,17,17,3,9,
29252,10005,771441,19,19,3,9,
29253,9449,771441,3,4,4,8,
29254,20252,771441,33,33,3,8,
29255,22622,771441,31,31,3,7,
29256,13588,771441,27,27,3,9,
29257,7941,771441,21,21,3,8,
29258,12758,771441,25,25,3,9,
29259,12444,771441,29,29,3,8,
29260,12611,771441,3,4,4,8,
29261,11599,771441,21,21,3,7,
29262,8963,771441,3,4,4,8,
29263,10900,771441,3,4,4,8,
29264,14423,771441,33,33,3,9,
29265,5891,771441,3,4,4,8,
29266,2539,771441,3,4,4,9,
29267,2095,771441,3,4,4,8,
29268,15867,771441,27,27,3,8,
29269,2706,771441,3,4,4,8,
29270,38894,771441,3,4,4,8,
29271,8860,771441,17,17,3,9,
29272,10449,771441,21,21,3,7,
29273,9630,771441,17,17,3,8,
29274,8007,771441,3,4,4,8,
29275,1784,771441,3,4,4,9,
29276,38687,771441,29,29,3,6,
29277,2004,771441,3,4,4,9,
29278,1398,771441,3,4,4,9,
29279,1826,771441,3,4,4,9,
29280,34387,771441,27,27,3,7,
29281,6278,771441,15,15,3,9,
29282,40711,771441,3,4,4,8,
29283,29260,771441,15,15,3,7,
29284,36602,771441,3,4,4,7,
29285,3188,771441,3,4,4,9,
29286,31039,771441,33,33,3,6,
29287,25364,771441,3,4,4,8,
29288,31530,771441,3,4,4,5,
29289,42779,771441,31,31,3,9,
29290,1971,771441,3,4,4,5,
29291,3697,771441,3,4,4,6,
29292,13065,771441,15,15,3,7,
29293,25717,771441,29,29,3,6,
29294,18596,771441,17,17,3,7,
29295,1330,771441,3,4,4,7,
29296,2617,771441,3,4,4,7,
29297,10772,771441,17,17,3,8,
29298,14190,771441,19,19,3,8,
29299,19325,771441,25,25,3,8,
29300,8855,771441,13,13,3,9,
29301,10536,771441,19,19,3,8,
29302,18868,771441,29,29,3,9,
29303,2022,771441,3,4,4,8,
29304,700,771441,3,4,4,8,
29305,12883,771441,19,19,3,8,
29306,11406,771441,23,23,3,8,
29307,14271,771441,27,27,3,8,
29308,12216,771441,3,4,4,8,
29309,10011,771441,21,21,3,8,
29310,13504,771441,25,25,3,9,
29311,15672,771441,31,31,3,9,
29312,9705,771441,23,23,3,9,
29313,10412,771441,23,23,3,9,
29314,9027,771441,17,17,3,7,
29315,11120,771441,3,4,4,8,
29316,3742,771441,3,4,4,9,
29317,4750,771441,3,4,4,8,
29318,12317,771441,13,13,3,8,
29319,6380,771441,15,15,3,8,
29320,6321,771441,3,4,4,8,
29321,2070,771441,3,4,4,9,
29322,6859,771441,15,15,3,8,
29323,2859,771441,3,4,4,8,
29324,7415,771441,3,4,4,8,
29325,5092,771441,15,15,3,8,
29326,5857,771441,3,4,4,8,
29327,1807,771441,3,4,4,8,
29328,4719,771441,3,4,4,8,
29329,10532,771441,21,21,3,8,
29330,12547,771441,31,31,3,8,
29331,9038,771441,19,19,3,8,
29332,13098,771441,3,4,4,8,
29333,11604,771441,21,21,3,8,
29334,14777,771441,27,27,3,9,
29335,1787,771441,3,4,4,8,
29336,11283,771441,3,4,4,8,
29337,1909,771441,3,4,4,8,
29338,14842,771441,3,4,4,8,
29339,638,771441,3,4,4,8,
29340,1244,771441,3,4,4,9,
29341,5564,771441,17,17,3,8,
29342,6245,771441,3,4,4,8,
29343,6478,771441,15,15,3,7,
29344,8006,771441,3,4,4,8,
29345,2461,771441,3,4,4,8,
29346,12766,771441,27,27,3,9,
29347,1690,771441,3,4,4,7,
29348,3149,771441,3,4,4,8,
29349,12197,771441,3,4,4,8,
29350,7946,771441,13,13,3,8,
29351,2754,771441,3,4,4,7,
29352,5679,771441,15,15,3,8,
29353,11707,771441,21,21,3,9,
29354,16534,771441,27,27,3,8,
29355,10887,771441,23,23,3,8,
29356,11193,771441,3,4,4,8,
29357,10721,771441,3,4,4,8,
29358,16416,771441,3,4,4,8,
29359,13199,771441,27,27,3,8,
29360,7897,771441,17,17,3,9,
29361,10950,771441,21,21,3,9,
29362,18397,771441,31,31,3,8,
29363,21677,771441,29,29,3,9,
29364,2347,771441,3,4,4,8,
29365,10011,771441,19,19,3,8,
29366,1796,771441,3,4,4,9,
29367,12678,771441,29,29,3,8,
29368,1937,771441,3,4,4,9,
29369,13512,771441,23,23,3,8,
29370,14389,771441,29,29,3,8,
29371,11425,771441,23,23,3,9,
29372,9038,771441,3,4,4,8,
29373,10711,771441,3,4,4,8,
29374,8852,771441,3,4,4,8,
29375,10361,771441,3,4,4,9,
29376,2038,771441,3,4,4,8,
29377,9112,771441,13,13,3,8,
29378,11622,771441,19,19,3,8,
29379,16469,771441,29,29,3,8,
29380,14306,771441,33,33,3,8,
29381,11223,771441,3,4,4,8,
29382,9532,771441,17,17,3,8,
29383,4260,771441,13,13,3,9,
29384,12658,771441,3,4,4,9,
29385,2089,771441,3,4,4,8,
29386,2063,771441,3,4,4,9,
29387,11440,771441,3,4,4,8,
29388,1952,771441,3,4,4,9,
29389,13886,771441,31,31,3,9,
29390,14728,771441,31,31,3,7,
29391,22641,771441,25,25,3,8,
29392,13103,771441,31,31,3,8,
29393,7134,771441,13,13,3,9,
29394,8996,771441,15,15,3,8,
29395,8651,771441,25,25,3,8,
29396,9238,771441,3,4,4,9,
29397,5359,771441,13,13,3,9,
29398,5575,771441,3,4,4,8,
29399,3856,771441,3,4,4,8,
29400,13225,771441,33,33,3,8,
29401,11913,771441,21,21,3,9,
29402,12211,771441,23,23,3,7,
29403,11357,771441,3,4,4,8,
29404,12953,771441,3,4,4,8,
29405,1892,771441,3,4,4,8,
29406,2576,771441,3,4,4,8,
29407,3117,771441,3,4,4,9,
29408,3204,771441,3,4,4,9,
29409,13892,771441,25,25,3,9,
29410,2061,771441,3,4,4,8,
29411,13179,771441,3,4,4,9,
29412,1890,771441,3,4,4,9,
29413,14181,771441,27,27,3,9,
29414,14903,771441,29,29,3,8,
29415,4404,771441,3,4,4,8,
29416,1176,771441,3,4,4,8,
29417,3161,771441,3,4,4,8,
29418,13371,771441,23,24,3,7,
29419,8741,771441,19,19,3,8,
29420,14383,771441,3,4,4,8,
29421,12433,771441,23,23,3,9,
29422,16409,771441,25,25,3,9,
29423,11403,771441,3,4,4,9,
29424,1482,771441,3,4,4,9,
29425,9121,771441,23,23,3,8,
29426,10121,771441,3,4,4,9,
29427,2603,771441,3,4,4,8,
29428,13571,771441,25,25,3,9,
29429,13606,771441,25,25,3,9,
29430,14609,771441,29,29,3,9,
29431,1996,771441,3,4,4,7,
29432,17855,771441,33,33,3,8,
29433,16610,771441,31,31,3,8,
29434,16965,771441,3,4,4,7,
29435,17754,771441,31,31,3,8,
29436,16302,771441,3,4,4,9,
29437,18691,771441,27,27,3,8,
29438,5806,771441,3,4,4,9,
29439,5531,771441,15,15,3,9,
29440,11971,771441,23,23,3,7,
29441,11994,771441,27,27,3,7,
29442,23768,771441,25,25,3,9,
29443,7739,771441,3,4,4,7,
29444,6904,771441,13,13,3,8,
29445,1472,771441,3,4,4,8,
29446,2301,771441,3,4,4,8,
29447,7784,771441,3,4,4,9,
29448,13496,771441,19,19,3,8,
29449,2238,771441,3,4,4,8,
29450,1279,771441,3,4,4,8,
29451,8530,771441,19,19,3,8,
29452,2182,771441,3,4,4,6,
29453,6944,771441,15,15,3,7,
29454,22181,771441,31,31,3,8,
29455,3547,771441,3,4,4,8,
29456,23002,771441,33,33,3,9,
29457,2969,771441,3,4,4,8,
29458,23883,771441,25,25,3,8,
29459,18592,771441,29,29,3,8,
29460,23475,771441,3,4,4,9,
29461,18149,771441,31,31,3,9,
29462,7670,771441,15,15,3,9,
29463,2804,771441,3,4,4,9,
29464,7037,771441,15,15,3,8,
29465,5899,771441,13,13,3,8,
29466,2513,771441,3,4,4,9,
29467,15184,771441,25,25,3,9,
29468,8376,771441,13,13,3,9,
29469,1117,771441,3,4,4,8,
29470,18454,771441,27,27,3,7,
29471,17002,771441,31,31,3,8,
29472,9407,771441,19,19,3,8,
29473,2178,771441,3,4,4,8,
29474,10178,771441,3,4,4,8,
29475,2099,771441,3,4,4,9,
29476,6653,771441,3,4,4,8,
29477,8141,771441,15,15,3,8,
29478,11376,771441,19,19,3,8,
29479,7758,771441,17,17,3,9,
29480,7935,771441,3,4,4,8,
29481,2314,771441,3,4,4,8,
29482,1361,771441,3,4,4,7,
29483,2427,771441,3,4,4,8,
29484,1621,771441,3,4,4,7,
29485,5456,771441,3,4,4,8,
29486,2504,771441,3,4,4,8,
29487,11384,771441,21,21,3,9,
29488,8692,771441,12,13,3,8,
29489,2110,771441,3,4,4,8,
29490,8838,771441,19,19,3,7,
29491,1091,771441,3,4,4,7,
29492,11313,771441,25,25,3,8,
29493,11551,771441,21,21,3,8,
29494,2765,771441,3,4,4,8,
29495,11718,771441,3,4,4,8,
29496,12543,771441,23,23,3,8,
29497,8655,771441,17,17,3,8,
29498,9521,771441,3,4,4,8,
29499,10891,771441,3,4,4,8,
29500,8816,771441,23,23,3,9,
29501,1691,771441,3,4,4,9,
29502,1443,771441,3,4,4,8,
29503,2046,771441,3,4,4,7,
29504,2969,771441,3,4,4,8,
29505,17309,771441,33,33,3,8,
29506,10260,771441,17,17,3,8,
29507,7612,771441,19,19,3,9,
29508,2119,771441,3,4,4,7,
29509,29486,771441,25,25,3,7,
29510,9141,771441,3,4,4,8,
29511,1498,771441,3,4,4,8,
29512,8970,771441,23,23,3,8,
29513,9481,771441,3,4,4,8,
29514,7268,771441,19,19,3,7,
29515,8053,771441,3,4,4,8,
29516,5561,771441,17,17,3,8,
29517,10755,771441,27,27,3,9,
29518,1148,771441,3,4,4,6,
29519,14484,771441,17,17,3,7,
29520,1952,771441,3,4,4,8,
29521,2072,771441,3,4,4,8,
29522,7983,771441,13,13,3,7,
29523,6289,771441,15,15,3,8,
29524,1865,771441,3,4,4,9,
29525,9211,771441,3,4,4,8,
29526,16344,771441,29,29,3,8,
29527,5761,771441,3,4,4,9,
29528,20929,771441,33,33,3,9,
29529,9608,771441,13,13,3,8,
29530,7809,771441,3,4,4,7,
29531,2773,771441,3,4,4,9,
29532,2948,771441,3,4,4,8,
29533,16979,771441,27,27,3,8,
29534,2761,771441,3,4,4,8,
29535,16796,771441,27,27,3,9,
29536,2468,771441,3,4,4,9,
29537,1649,771441,3,4,4,8,
29538,1957,771441,3,4,4,9,
29539,2066,771441,3,4,4,8,
29540,8047,771441,13,13,3,8,
29541,2238,771441,3,4,4,8,
29542,2631,771441,3,4,4,8,
29543,2457,771441,3,4,4,8,
29544,1682,771441,3,4,4,7,
29545,2338,771441,3,4,4,9,
29546,5950,771441,3,4,4,7,
29547,5623,771441,3,4,4,7,
29548,843,771441,3,4,4,7,
29549,10273,771441,19,19,3,8,
29550,8603,771441,13,13,3,9,
29551,11163,771441,3,4,4,8,
29552,14550,771441,27,27,3,9,
29553,2088,771441,3,4,4,8,
29554,2061,771441,3,4,4,8,
29555,7724,771441,15,15,3,8,
29556,11553,771441,23,23,3,9,
29557,8323,771441,3,4,4,8,
29558,3106,771441,3,4,4,9,
29559,11093,771441,3,4,4,9,
29560,11513,771441,13,13,3,8,
29561,7944,771441,17,17,3,9,
29562,19849,771441,33,33,3,8,
29563,8836,771441,15,15,3,9,
29564,12706,771441,21,21,3,9,
29565,15008,771441,17,17,3,9,
29566,8840,771441,15,15,3,9,
29567,14961,771441,27,27,3,7,
29568,15577,771441,3,4,4,9,
29569,20489,771441,31,31,3,8,
29570,15698,771441,27,27,3,9,
29571,8985,771441,17,17,3,8,
29572,10917,771441,21,21,3,8,
29573,4251,771441,3,4,4,8,
29574,4716,771441,3,4,4,8,
29575,1131,771441,3,4,4,8,
29576,2619,771441,3,4,4,8,
29577,14787,771441,29,29,3,9,
29578,2385,771441,3,4,4,8,
29579,6826,771441,15,15,3,7,
29580,37733,771441,33,33,3,7,
29581,28555,771441,33,33,3,8,
29582,12152,771441,33,33,3,9,
29583,42620,771441,3,4,4,8,
29584,43612,771441,3,4,4,8,
29585,11262,771441,3,4,4,8,
29586,4480,771441,3,4,4,9,
29587,18602,771441,3,4,4,8,
29588,2200,771441,3,4,4,9,
29589,35195,771441,27,27,3,8,
29590,36168,771441,3,4,4,8,
29591,38686,771441,33,33,3,9,
29592,30540,771441,3,4,4,8,
29593,26861,771441,3,4,4,8,
29594,24100,771441,29,29,3,8,
29595,19234,771441,27,27,3,8,
29596,4795,771441,3,4,4,8,
29597,8819,771441,13,13,3,8,
29598,2244,771441,3,4,4,8,
29599,28516,771441,25,25,3,9,
29600,17491,771441,3,4,4,8,
29601,4516,771441,13,13,3,8,
29602,13244,771441,29,29,3,9,
29603,11433,771441,25,25,3,9,
29604,3459,771441,3,4,4,9,
29605,2414,771441,3,4,4,9,
29606,21281,771441,31,32,3,9,
29607,2072,771441,3,4,4,9,
29608,9167,771441,23,23,3,8,
29609,1552,771441,3,4,4,8,
29610,1063,771441,3,4,4,8,
29611,7596,771441,13,13,3,8,
29612,7961,771441,3,4,4,9,
29613,10813,771441,25,25,3,9,
29614,19639,771441,15,15,3,8,
29615,7213,771441,21,21,3,9,
29616,1562,771441,3,4,4,9,
29617,1680,771441,3,4,4,8,
29618,11405,771441,3,4,4,9,
29619,2944,771441,3,4,4,8,
29620,7984,771441,13,13,3,8,
29621,2529,771441,3,4,4,9,
29622,11023,771441,17,17,3,9,
29623,20327,771441,27,27,3,8,
29624,12096,771441,23,23,3,9,
29625,12887,771441,25,26,3,9,
29626,13072,771441,17,17,3,9,
29627,15499,771441,3,4,4,8,
29628,12818,771441,25,25,3,8,
29629,9015,771441,25,25,3,8,
29630,9779,771441,3,4,4,9,
29631,7632,771441,15,15,3,8,
29632,5129,771441,3,4,4,8,
29633,2130,771441,3,4,4,9,
29634,2417,771441,3,4,4,9,
29635,2899,771441,3,4,4,8,
29636,13583,771441,29,29,3,8,
29637,2619,771441,3,4,4,8,
29638,2380,771441,3,4,4,7,
29639,13813,771441,3,4,4,9,
29640,6576,771441,13,13,3,8,
29641,1887,771441,3,4,4,7,
29642,5588,771441,13,13,3,7,
29643,2425,771441,3,4,4,8,
29644,5459,771441,3,4,4,7,
29645,21474,771441,33,33,3,8,
29646,12316,771441,25,25,3,8,
29647,16343,771441,29,29,3,9,
29648,12243,771441,3,4,4,9,
29649,10921,771441,15,15,3,9,
29650,1524,771441,3,4,4,8,
29651,21634,771441,31,31,3,8,
29652,1880,771441,3,4,4,9,
29653,1563,771441,3,4,4,9,
29654,18232,771441,33,33,3,9,
29655,9953,771441,15,15,3,9,
29656,2110,771441,3,4,4,9,
29657,780,771441,3,4,4,9,
29658,24954,771441,33,33,3,9,
29659,25859,771441,3,4,4,7,
29660,1443,771441,3,4,4,9,
29661,9856,771441,19,19,3,9,
29662,17061,771441,33,33,3,9,
29663,16996,771441,3,4,4,9,
29664,17566,771441,31,31,3,8,
29665,15537,771441,33,33,3,8,
29666,6351,771441,15,15,3,9,
29667,6693,771441,13,13,3,9,
29668,9549,771441,3,4,4,8,
29669,1980,771441,3,4,4,9,
29670,9583,771441,19,19,3,8,
29671,9037,771441,25,25,3,8,
29672,18262,771441,23,23,3,8,
29673,1715,771441,3,4,4,9,
29674,16177,771441,31,31,3,8,
29675,9051,771441,17,17,3,9,
29676,2308,771441,3,4,4,8,
29677,30862,771441,27,27,3,8,
29678,11119,771441,21,21,3,9,
29679,1989,771441,3,4,4,8,
29680,13001,771441,29,29,3,8,
29681,9461,771441,15,15,3,7,
29682,20074,771441,31,31,3,8,
29683,10190,771441,3,4,4,8,
29684,20940,771441,3,4,4,9,
29685,13509,771441,25,25,3,9,
29686,4280,771441,3,4,4,8,
29687,26836,771441,33,33,3,8,
29688,8616,771441,3,4,4,8,
29689,16444,771441,29,29,3,9,
29690,18346,771441,31,31,3,9,
29691,2144,771441,3,4,4,9,
29692,2154,771441,3,4,4,9,
29693,12711,771441,19,19,3,8,
29694,19476,771441,25,25,3,9,
29695,1966,771441,3,4,4,9,
29696,7884,771441,17,17,3,8,
29697,10446,771441,23,23,3,9,
29698,1701,771441,3,4,4,8,
29699,22435,771441,31,31,3,8,
29700,18471,771441,27,27,3,9,
29701,668,771441,3,4,4,7,
29702,6539,771441,17,17,3,8,
29703,1691,771441,3,4,4,8,
29704,8387,771441,3,4,4,7,
29705,1652,771441,3,4,4,8,
29706,7986,771441,3,4,4,7,
29707,12791,771441,23,23,3,8,
29708,16530,771441,29,29,3,8,
29709,7478,771441,13,13,3,8,
29710,11943,771441,27,27,3,8,
29711,1783,771441,3,4,4,7,
29712,1470,771441,3,4,4,8,
29713,8541,771441,17,17,3,7,
29714,9141,771441,13,13,3,7,
29715,6161,771441,3,4,4,8,
29716,9736,771441,3,4,4,8,
29717,8529,771441,3,4,4,9,
29718,11693,771441,29,29,3,8,
29719,2589,771441,3,4,4,9,
29720,22367,771441,29,29,3,8,
29721,2025,771441,3,4,4,8,
29722,2568,771441,3,4,4,7,
29723,16037,771441,29,29,3,7,
29724,3028,771441,3,4,4,8,
29725,11516,771441,25,25,3,7,
29726,14359,771441,23,23,3,8,
29727,1553,771441,3,4,4,8,
29728,2210,771441,3,4,4,9,
29729,1554,771441,3,4,4,7,
29730,13348,771441,3,4,4,8,
29731,2699,771441,3,4,4,9,
29732,1051,771441,3,4,4,9,
29733,19572,771441,31,31,3,8,
29734,13072,771441,27,27,3,9,
29735,14636,771441,3,4,4,9,
29736,19541,771441,3,4,4,8,
29737,4884,771441,15,15,3,9,
29738,19135,771441,31,31,3,8,
29739,21469,771441,31,31,3,9,
29740,12287,771441,25,25,3,8,
29741,12928,771441,21,21,3,8,
29742,15176,771441,21,22,3,8,
29743,19037,771441,29,29,3,8,
29744,29967,771441,25,25,3,8,
29745,5345,771441,17,17,3,8,
29746,12457,771441,31,31,3,9,
29747,11940,771441,3,4,4,8,
29748,14551,771441,33,33,3,8,
29749,9434,771441,23,23,3,9,
29750,10337,771441,27,27,3,9,
29751,10884,771441,3,4,4,8,
29752,7066,771441,3,4,4,9,
29753,7576,771441,3,4,4,9,
29754,12709,771441,27,27,3,8,
29755,14342,771441,3,4,4,9,
29756,2270,771441,3,4,4,8,
29757,8149,771441,17,17,3,9,
29758,1982,771441,3,4,4,8,
29759,2315,771441,3,4,4,8,
29760,14231,771441,33,33,3,8,
29761,12437,771441,29,29,3,8,
29762,15095,771441,3,4,4,8,
29763,15630,771441,29,29,3,8,
29764,24983,771441,29,29,3,8,
29765,7333,771441,17,17,3,9,
29766,3742,771441,3,4,4,8,
29767,6514,771441,19,19,3,8,
29768,7975,771441,21,21,3,8,
29769,7774,771441,3,4,4,8,
29770,6704,771441,3,4,4,8,
29771,7282,771441,3,4,4,8,
29772,13920,771441,3,4,4,9,
29773,10509,771441,23,23,3,8,
29774,2636,771441,3,4,4,8,
29775,10046,771441,3,4,4,8,
29776,14751,771441,31,31,3,8,
29777,7645,771441,15,15,3,8,
29778,6039,771441,17,17,3,9,
29779,11261,771441,21,21,3,8,
29780,5985,771441,3,4,4,8,
29781,6675,771441,3,4,4,8,
29782,17979,771441,29,29,3,9,
29783,8797,771441,15,15,3,8,
29784,19389,771441,29,29,3,7,
29785,1911,771441,3,4,4,8,
29786,3385,771441,3,4,4,7,
29787,10068,771441,15,15,3,9,
29788,1961,771441,3,4,4,9,
29789,13400,771441,25,25,3,9,
29790,2768,771441,3,4,4,9,
29791,12554,771441,3,4,4,7,
29792,11174,771441,25,25,3,8,
29793,1927,771441,3,4,4,8,
29794,11069,771441,23,23,3,8,
29795,10361,771441,3,4,4,8,
29796,12510,771441,3,4,4,8,
29797,13755,771441,23,23,3,9,
29798,9035,771441,19,19,3,8,
29799,2590,771441,3,4,4,8,
29800,15328,771441,33,33,3,9,
29801,6999,771441,3,4,4,8,
29802,9274,771441,19,19,3,8,
29803,5994,771441,15,15,3,8,
29804,3161,771441,3,4,4,9,
29805,8397,771441,3,4,4,8,
29806,12100,771441,31,31,3,8,
29807,14019,771441,25,25,3,8,
29808,13065,771441,3,4,4,9,
29809,19574,771441,13,13,3,9,
29810,2067,771441,3,4,4,9,
29811,1565,771441,3,4,4,8,
29812,8683,771441,3,4,4,9,
29813,1801,771441,3,4,4,8,
29814,1646,771441,3,4,4,8,
29815,10280,771441,17,17,3,8,
29816,1354,771441,3,4,4,8,
29817,10168,771441,19,19,3,9,
29818,1037,771441,3,4,4,9,
29819,14118,771441,27,27,3,9,
29820,11973,771441,19,19,3,9,
29821,15176,771441,23,23,3,9,
29822,15127,771441,33,33,3,9,
29823,22728,771441,29,29,3,9,
29824,14849,771441,3,4,4,9,
29825,11518,771441,19,19,3,9,
29826,15826,771441,33,33,3,8,
29827,16001,771441,3,4,4,9,
29828,21186,771441,33,33,3,8,
29829,2111,771441,3,4,4,9,
29830,8064,771441,17,17,3,9,
29831,4511,771441,13,13,3,8,
29832,17213,771441,3,4,4,9,
29833,11302,771441,21,21,3,9,
29834,5398,771441,13,13,3,8,
29835,16692,771441,31,31,3,8,
29836,3129,771441,3,4,4,9,
29837,8273,771441,21,21,3,9,
29838,7943,771441,3,4,4,8,
29839,13812,771441,3,4,4,8,
29840,16093,771441,23,23,3,9,
29841,12142,771441,23,23,3,9,
29842,3317,771441,3,4,4,9,
29843,5847,771441,13,13,3,9,
29844,12300,771441,21,21,3,9,
29845,1405,771441,3,4,4,8,
29846,7369,771441,15,15,3,9,
29847,7316,771441,3,4,4,8,
29848,1901,771441,3,4,4,8,
29849,8883,771441,21,21,3,8,
29850,8631,771441,3,4,4,8,
29851,8818,771441,3,4,4,9,
29852,18745,771441,19,19,3,9,
29853,7283,771441,15,15,3,8,
29854,29753,771441,3,4,4,8,
29855,30326,771441,19,19,3,9,
29856,31390,771441,15,15,3,7,
29857,26248,771441,17,17,3,9,
29858,27691,771441,15,15,3,8,
29859,26099,771441,13,13,3,8,
29860,27948,771441,19,19,3,9,
29861,26580,771441,3,4,4,8,
29862,18763,771441,3,4,4,9,
29863,6467,771441,15,15,3,8,
29864,3572,771441,3,4,4,7,
29865,6911,771441,3,4,4,8,
29866,2628,771441,3,4,4,7,
29867,2470,771441,3,4,4,8,
29868,1918,771441,3,4,4,6,
29869,3151,771441,3,4,4,8,
29870,2026,771441,3,4,4,6,
29871,6815,771441,15,15,3,8,
29872,1602,771441,3,4,4,6,
29873,6881,771441,3,4,4,8,
29874,12319,771441,19,19,3,9,
29875,12400,771441,25,25,3,6,
29876,8452,771441,17,17,3,7,
29877,1006,771441,3,4,4,7,
29878,2122,771441,3,4,4,8,
29879,11894,771441,3,4,4,8,
29880,13094,771441,3,4,4,8,
29881,10459,771441,13,13,3,8,
29882,1778,771441,3,4,4,9,
29883,1530,771441,3,4,4,9,
29884,2145,771441,3,4,4,9,
29885,18652,771441,33,33,3,8,
29886,12349,771441,21,21,3,8,
29887,15732,771441,33,33,3,9,
29888,15634,771441,29,29,3,8,
29889,3932,771441,3,4,4,8,
29890,2050,771441,3,4,4,9,
29891,25364,771441,31,31,3,8,
29892,3501,771441,3,4,4,8,
29893,2343,771441,3,4,4,8,
29894,10496,771441,17,17,3,8,
29895,3238,771441,3,4,4,9,
29896,15837,771441,27,27,3,8,
29897,15300,771441,3,4,4,8,
29898,1797,771441,3,4,4,9,
29899,18923,771441,27,27,3,8,
29900,5021,771441,3,4,4,9,
29901,13472,771441,29,29,3,9,
29902,2088,771441,3,4,4,7,
29903,13563,771441,23,23,3,9,
29904,15380,771441,27,27,3,7,
29905,14471,771441,31,31,3,7,
29906,14280,771441,3,4,4,8,
29907,5601,771441,13,13,3,9,
29908,19003,771441,23,23,3,8,
29909,1570,771441,3,4,4,8,
29910,12189,771441,33,33,3,9,
29911,4360,771441,3,4,4,8,
29912,12225,771441,3,4,4,9,
29913,3238,771441,3,4,4,8,
29914,16037,771441,33,33,3,8,
29915,17456,771441,3,4,4,8,
29916,1585,771441,3,4,4,9,
29917,16698,771441,31,31,3,8,
29918,7028,771441,19,19,3,8,
29919,13023,771441,31,31,3,9,
29920,7326,771441,3,4,4,8,
29921,16283,771441,3,4,4,9,
29922,14333,771441,29,29,3,8,
29923,14287,771441,3,4,4,8,
29924,1695,771441,3,4,4,9,
29925,1488,771441,3,4,4,9,
29926,10976,771441,17,17,3,8,
29927,14067,771441,31,31,3,9,
29928,8283,771441,15,15,3,9,
29929,7113,771441,3,4,4,8,
29930,22553,771441,33,33,3,9,
29931,19291,771441,27,27,3,8,
29932,8189,771441,13,13,3,8,
29933,9089,771441,3,4,4,9,
29934,1829,771441,3,4,4,8,
29935,1516,771441,3,4,4,8,
29936,5343,771441,3,4,4,9,
29937,7491,771441,13,13,3,8,
29938,2225,771441,3,4,4,9,
29939,13434,771441,23,23,3,7,
29940,7508,771441,13,13,3,9,
29941,9988,771441,15,15,3,9,
29942,21727,771441,31,31,3,8,
29943,11110,771441,19,19,3,8,
29944,36029,771441,33,33,3,9,
29945,12732,771441,25,25,3,9,
29946,5219,771441,17,17,3,8,
29947,5496,771441,3,4,4,7,
29948,15693,771441,25,25,3,8,
29949,18731,771441,33,33,3,9,
29950,2273,771441,3,4,4,7,
29951,7369,771441,13,13,3,8,
29952,20536,771441,27,27,3,8,
29953,4382,771441,3,4,4,8,
29954,9512,771441,19,19,3,8,
29955,9306,771441,3,4,4,9,
29956,10731,771441,17,17,3,9,
29957,13181,771441,23,23,3,9,
29958,10780,771441,3,4,4,8,
29959,8569,771441,17,17,3,7,
29960,2194,771441,3,4,4,9,
29961,15970,771441,33,33,3,8,
29962,13794,771441,25,25,3,7,
29963,20856,771441,29,29,3,8,
29964,4053,771441,3,4,4,8,
29965,1646,771441,3,4,4,7,
29966,7600,771441,21,21,3,8,
29967,1078,771441,3,4,4,7,
29968,7280,771441,3,4,4,8,
29969,7442,771441,3,4,4,7,
29970,1744,771441,3,4,4,9,
29971,16035,771441,3,4,4,8,
29972,1963,771441,3,4,4,9,
29973,1434,771441,3,4,4,9,
29974,7255,771441,19,19,3,9,
29975,8552,771441,3,4,4,9,
29976,9020,771441,15,15,3,7,
29977,4850,771441,3,4,4,9,
29978,6403,771441,3,4,4,7,
29979,10139,771441,13,13,3,8,
29980,4553,771441,3,4,4,8,
29981,6049,771441,3,4,4,8,
29982,11330,771441,19,19,3,9,
29983,3150,771441,3,4,4,8,
29984,10701,771441,3,4,4,8,
29985,2650,771441,3,4,4,8,
29986,11175,771441,15,15,3,8,
29987,11239,771441,19,19,3,8,
29988,9353,771441,17,17,3,7,
29989,2543,771441,3,4,4,8,
29990,9285,771441,21,21,3,8,
29991,15025,771441,27,27,3,8,
29992,1746,771441,3,4,4,9,
29993,17267,771441,27,27,3,8,
29994,1558,771441,3,4,4,9,
29995,11182,771441,21,21,3,9,
29996,11881,771441,3,4,4,9,
29997,1335,771441,3,4,4,8,
29998,15352,771441,31,31,3,9,
29999,15421,771441,3,4,4,8,
30000,11860,771441,29,29,3,8,
30001,10880,771441,3,4,4,9,
30002,15960,771441,33,33,3,8,
30003,6069,771441,3,4,4,8,
30004,20527,771441,33,33,3,8,
30005,14152,771441,33,33,3,8,
30006,20385,771441,3,4,4,8,
30007,14496,771441,3,4,4,9,
30008,13641,771441,25,25,3,9,
30009,5816,771441,13,13,3,8,
30010,8489,771441,13,14,3,9,
30011,1503,771441,3,4,4,9,
30012,11762,771441,19,19,3,9,
30013,12558,771441,3,4,4,8,
30014,6701,771441,15,15,3,9,
30015,10889,771441,21,21,3,9,
30016,11606,771441,19,19,3,8,
30017,17953,771441,29,29,3,9,
30018,10332,771441,23,23,3,9,
30019,13774,771441,29,29,3,8,
30020,5439,771441,3,4,4,9,
30021,23052,771441,31,31,3,8,
30022,2530,771441,3,4,4,8,
30023,12316,771441,21,21,3,8,
30024,17007,771441,31,31,3,8,
30025,1845,771441,3,4,4,9,
30026,16805,771441,3,4,4,8,
30027,21717,771441,31,31,3,9,
30028,21626,771441,3,4,4,9,
30029,7431,771441,19,19,3,9,
30030,7136,771441,15,15,3,8,
30031,2152,771441,3,4,4,7,
30032,2754,771441,3,4,4,9,
30033,17252,771441,31,31,3,8,
30034,2701,771441,3,4,4,8,
30035,7304,771441,17,17,3,8,
30036,6696,771441,15,15,3,9,
30037,2023,771441,3,4,4,9,
30038,1409,771441,3,4,4,9,
30039,1657,771441,3,4,4,8,
30040,1985,771441,3,4,4,8,
30041,2532,771441,3,4,4,8,
30042,1893,771441,3,4,4,7,
30043,2045,771441,3,4,4,7,
30044,19069,771442,25,25,3,9,
30045,10005,771442,3,4,4,8,
30046,12412,771442,21,21,3,8,
30047,18339,771442,33,33,3,7,
30048,15979,771442,31,31,3,8,
30049,18357,771442,3,4,4,7,
30050,17304,771442,33,33,3,9,
30051,1958,771442,3,4,4,9,
30052,14690,771442,21,21,3,8,
30053,12713,771442,19,19,3,8,
30054,1754,771442,3,4,4,9,
30055,5723,771442,13,13,3,9,
30056,11170,771442,21,21,3,9,
30057,15137,771442,29,29,3,9,
30058,7831,771442,3,4,4,9,
30059,11881,771442,3,4,4,9,
30060,2456,771442,3,4,4,8,
30061,2103,771442,3,4,4,7,
30062,1293,771442,3,4,4,8,
30063,15463,771442,27,27,3,8,
30064,8761,771442,15,15,3,8,
30065,17614,771442,33,33,3,9,
30066,15673,771442,3,4,4,8,
30067,9757,771442,19,19,3,8,
30068,15790,771442,33,33,3,9,
30069,2522,771442,3,4,4,9,
30070,13330,771442,25,25,3,7,
30071,13348,771442,3,4,4,8,
30072,1446,771442,3,4,4,8,
30073,8941,771442,17,17,3,7,
30074,2151,771442,3,4,4,9,
30075,2726,771442,3,4,4,9,
30076,7184,771442,3,4,4,9,
30077,8410,771442,19,19,3,9,
30078,8787,771442,3,4,4,8,
30079,2101,771442,3,4,4,8,
30080,2842,771442,3,4,4,8,
30081,1349,771442,3,4,4,7,
30082,13914,771442,27,27,3,7,
30083,2985,771442,3,4,4,7,
30084,8104,771442,15,15,3,8,
30085,19939,771442,33,33,3,8,
30086,8757,771442,17,17,3,8,
30087,13377,771442,3,4,4,7,
30088,13016,771442,23,23,3,8,
30089,1824,771442,3,4,4,8,
30090,2222,771442,3,4,4,8,
30091,2268,771442,3,4,4,8,
30092,1728,771442,3,4,4,8,
30093,1458,771442,3,4,4,8,
30094,1997,771442,3,4,4,8,
30095,18731,771442,33,33,3,9,
30096,18687,771442,3,4,4,8,
30097,5138,771442,13,13,3,9,
30098,19859,771442,29,29,3,7,
30099,6789,771442,3,4,4,8,
30100,5441,771442,15,15,3,8,
30101,16473,771442,3,4,4,8,
30102,1178,771442,3,4,4,8,
30103,8582,771442,13,13,3,8,
30104,2192,771442,3,4,4,8,
30105,11853,771442,31,31,3,8,
30106,11999,771442,25,25,3,8,
30107,1597,771442,3,4,4,9,
30108,1546,771442,3,4,4,9,
30109,13896,771442,29,29,3,9,
30110,4814,771442,13,13,3,8,
30111,8286,771442,3,4,4,9,
30112,5149,771442,3,4,4,8,
30113,928,771442,3,4,4,8,
30114,17722,771442,27,27,3,7,
30115,1115,771442,3,4,4,9,
30116,8193,771442,19,19,3,9,
30117,8038,771442,3,4,4,8,
30118,1738,771442,3,4,4,7,
30119,8814,771442,21,21,3,8,
30120,2243,771442,3,4,4,9,
30121,8784,771442,3,4,4,7,
30122,1811,771442,3,4,4,8,
30123,982,771442,3,4,4,8,
30124,1825,771442,3,4,4,9,
30125,1540,771442,3,4,4,8,
30126,6320,771442,15,15,3,8,
30127,8203,771442,19,19,3,9,
30128,6768,771442,3,4,4,8,
30129,8864,771442,3,4,4,9,
30130,11178,771442,3,4,4,9,
30131,1372,771442,3,4,4,9,
30132,1457,771442,3,4,4,8,
30133,2051,771442,3,4,4,8,
30134,5942,771442,15,15,3,7,
30135,30625,771442,23,23,3,7,
30136,4742,771442,13,13,3,8,
30137,6518,771442,3,4,4,8,
30138,39825,771442,33,33,3,8,
30139,33604,771442,31,31,3,9,
30140,2173,771442,3,4,4,9,
30141,2388,771442,3,4,4,8,
30142,2927,771442,3,4,4,7,
30143,24401,771442,21,21,3,8,
30144,2454,771442,3,4,4,8,
30145,25147,771442,13,13,3,8,
30146,1981,771442,3,4,4,7,
30147,1626,771442,3,4,4,7,
30148,31389,771442,33,33,3,9,
30149,1017,771442,3,4,4,7,
30150,1755,771442,3,4,4,8,
30151,32068,771442,33,33,3,8,
30152,33869,771442,29,29,3,9,
30153,26166,771442,19,19,3,9,
30154,14298,771442,3,4,4,9,
30155,8005,771442,3,4,4,8,
30156,5158,771442,3,4,4,8,
30157,19246,771442,29,29,3,9,
30158,12797,771442,25,25,3,9,
30159,19852,771442,31,31,3,8,
30160,19604,771442,3,4,4,8,
30161,1116,771442,3,4,4,9,
30162,11208,771442,27,27,3,9,
30163,7867,771442,19,19,3,8,
30164,10400,771442,21,21,3,8,
30165,1411,771442,3,4,4,8,
30166,1868,771442,3,4,4,9,
30167,9680,771442,3,4,4,8,
30168,12184,771442,31,31,3,9,
30169,12848,771442,3,4,4,8,
30170,8394,771442,17,17,3,8,
30171,2703,771442,3,4,4,8,
30172,1239,771442,3,4,4,7,
30173,2002,771442,3,4,4,7,
30174,1275,771442,3,4,4,8,
30175,8764,771442,23,23,3,8,
30176,1689,771442,3,4,4,9,
30177,14676,771442,29,29,3,8,
30178,8560,771442,3,4,4,8,
30179,1417,771442,3,4,4,8,
30180,12233,771442,27,27,3,8,
30181,2152,771442,3,4,4,8,
30182,13696,771442,3,4,4,8,
30183,2555,771442,3,4,4,8,
30184,13478,771442,3,4,4,7,
30185,12945,771442,23,23,3,7,
30186,14624,771442,29,29,3,8,
30187,13040,771442,3,4,4,8,
30188,15366,771442,3,4,4,9,
30189,7323,771442,13,13,3,8,
30190,7921,771442,15,15,3,8,
30191,27563,771442,33,33,3,9,
30192,2588,771442,3,4,4,8,
30193,22202,771442,33,33,3,6,
30194,13299,771442,15,15,3,8,
30195,2569,771442,3,4,4,8,
30196,1679,771442,3,4,4,7,
30197,10443,771442,19,19,3,8,
30198,12103,771442,23,23,3,7,
30199,2549,771442,3,4,4,8,
30200,2507,771442,3,4,4,8,
30201,3457,771442,3,4,4,9,
30202,11260,771442,3,4,4,8,
30203,15576,771442,25,25,3,8,
30204,10191,771442,17,17,3,8,
30205,16101,771442,3,4,4,8,
30206,9674,771442,3,4,4,9,
30207,2338,771442,3,4,4,8,
30208,7356,771442,13,13,3,8,
30209,2843,771442,3,4,4,8,
30210,8201,771442,3,4,4,9,
30211,18305,771442,25,25,3,8,
30212,30565,771442,33,33,3,9,
30213,29919,771442,3,4,4,8,
30214,17168,771442,3,4,4,9,
30215,12085,771442,15,15,3,8,
30216,18904,771442,27,27,3,8,
30217,10926,771442,17,17,3,8,
30218,4947,771442,3,4,4,9,
30219,12034,771442,21,21,3,8,
30220,3267,771442,3,4,4,9,
30221,6243,771442,13,13,3,8,
30222,6851,771442,3,4,4,8,
30223,1673,771442,3,4,4,8,
30224,2997,771442,3,4,4,8,
30225,19579,771442,25,25,3,8,
30226,13716,771442,25,25,3,8,
30227,13607,771442,19,19,3,8,
30228,21154,771442,33,33,3,8,
30229,22260,771442,27,27,3,7,
30230,13563,771442,25,25,3,8,
30231,21083,771442,3,4,4,9,
30232,11939,771442,19,19,3,8,
30233,22719,771442,29,29,3,8,
30234,13812,771442,33,33,3,7,
30235,2447,771442,3,4,4,8,
30236,5550,771442,3,4,4,9,
30237,1646,771442,3,4,4,7,
30238,11669,771442,19,19,3,8,
30239,12623,771442,3,4,4,8,
30240,8924,771442,17,17,3,7,
30241,3074,771442,3,4,4,8,
30242,2391,771442,3,4,4,9,
30243,2114,771442,3,4,4,8,
30244,3665,771442,3,4,4,9,
30245,3743,771442,3,4,4,7,
30246,25402,771442,21,21,3,8,
30247,25967,771442,17,17,3,8,
30248,3939,771442,3,4,4,9,
30249,30103,771442,31,31,3,7,
30250,18528,771442,3,4,4,7,
30251,30931,771442,31,31,3,8,
30252,32215,771442,31,32,3,9,
30253,24161,771442,15,15,3,9,
30254,16130,771442,3,4,4,9,
30255,15767,771442,3,4,4,9,
30256,13256,771442,3,4,4,9,
30257,12647,771442,17,17,3,8,
30258,14322,771442,25,25,3,8,
30259,7769,771442,13,13,3,9,
30260,11497,771442,3,4,4,8,
30261,13055,771442,3,4,4,8,
30262,11556,771442,31,31,3,8,
30263,7910,771442,15,15,3,8,
30264,13810,771442,31,31,3,9,
30265,5300,771442,3,4,4,8,
30266,3511,771442,3,4,4,8,
30267,10758,771442,21,21,3,8,
30268,3242,771442,3,4,4,8,
30269,11217,771442,3,4,4,9,
30270,12525,771442,17,17,3,8,
30271,18373,771442,33,33,3,8,
30272,2298,771442,3,4,4,8,
30273,1678,771442,3,4,4,8,
30274,21011,771442,33,33,3,8,
30275,1210,771442,3,4,4,7,
30276,10383,771442,23,23,3,8,
30277,15747,771442,33,33,3,8,
30278,9896,771442,3,4,4,8,
30279,17391,771442,23,23,3,9,
30280,4591,771442,3,4,4,8,
30281,18673,771442,27,27,3,9,
30282,13891,771442,19,19,3,8,
30283,19808,771442,31,31,3,8,
30284,1664,771442,3,4,4,9,
30285,1565,771442,3,4,4,8,
30286,20545,771442,3,4,4,9,
30287,9264,771442,19,19,3,8,
30288,8793,771442,21,21,3,8,
30289,4440,771442,3,4,4,8,
30290,2544,771442,3,4,4,9,
30291,1524,771442,3,4,4,8,
30292,1365,771442,3,4,4,8,
30293,2562,771442,3,4,4,8,
30294,1998,771442,3,4,4,9,
30295,3951,771442,3,4,4,8,
30296,1874,771442,3,4,4,7,
30297,5144,771442,3,4,4,8,
30298,13554,771442,21,21,3,8,
30299,20670,771442,33,33,3,9,
30300,14819,771442,23,23,3,8,
30301,6970,771442,13,13,3,8,
30302,14455,771442,27,27,3,8,
30303,3125,771442,3,4,4,8,
30304,13833,771442,27,27,3,8,
30305,2106,771442,3,4,4,8,
30306,8631,771442,17,17,3,8,
30307,2348,771442,3,4,4,8,
30308,9603,771442,3,4,4,8,
30309,11470,771442,3,4,4,9,
30310,1763,771442,3,4,4,9,
30311,15436,771442,21,21,3,9,
30312,15271,771442,3,4,4,8,
30313,12152,771442,23,23,3,9,
30314,2313,771442,3,4,4,8,
30315,17391,771442,23,23,3,8,
30316,2864,771442,3,4,4,8,
30317,3397,771442,3,4,4,8,
30318,13741,771442,23,23,3,8,
30319,2215,771442,3,4,4,9,
30320,2384,771442,3,4,4,8,
30321,1831,771442,3,4,4,8,
30322,6244,771442,3,4,4,8,
30323,17846,771442,25,25,3,8,
30324,19548,771442,27,28,3,8,
30325,6675,771442,15,15,3,9,
30326,17973,771442,27,27,3,8,
30327,10317,771442,15,15,3,8,
30328,1013,771442,3,4,4,8,
30329,21636,771442,33,33,3,8,
30330,1752,771442,3,4,4,9,
30331,12273,771442,17,17,3,8,
30332,11580,771442,3,4,4,8,
30333,10262,771442,19,19,3,8,
30334,3421,771442,3,4,4,9,
30335,16692,771442,27,27,3,8,
30336,24157,771442,33,33,3,8,
30337,15893,771442,17,17,3,8,
30338,2175,771442,3,4,4,8,
30339,1086,771442,3,4,4,7,
30340,9770,771442,17,17,3,7,
30341,11483,771442,27,27,3,8,
30342,12924,771442,27,27,3,8,
30343,7521,771442,15,15,3,8,
30344,16184,771442,19,19,3,8,
30345,11076,771442,3,4,4,8,
30346,7797,771442,19,19,3,8,
30347,5577,771442,3,4,4,9,
30348,8794,771442,3,4,4,8,
30349,10819,771442,25,25,3,9,
30350,12437,771442,21,21,3,8,
30351,5295,771442,3,4,4,8,
30352,11311,771442,21,21,3,9,
30353,1535,771442,3,4,4,9,
30354,1973,771442,3,4,4,9,
30355,2577,771442,3,4,4,8,
30356,9728,771442,15,15,3,8,
30357,11317,771442,15,15,3,8,
30358,16026,771442,29,29,3,9,
30359,7455,771442,15,15,3,8,
30360,11577,771442,3,4,4,9,
30361,15666,771442,3,4,4,8,
30362,6104,771442,15,15,3,8,
30363,8310,771442,13,13,3,9,
30364,7846,771442,19,19,3,8,
30365,9474,771442,3,4,4,9,
30366,9001,771442,15,15,3,8,
30367,4144,771442,3,4,4,8,
30368,9545,771442,25,25,3,8,
30369,7812,771442,17,17,3,8,
30370,13650,771442,33,33,3,8,
30371,7120,771442,3,4,4,7,
30372,24627,771442,31,31,3,9,
30373,8356,771442,19,19,3,9,
30374,2277,771442,3,4,4,9,
30375,8239,771442,3,4,4,8,
30376,2195,771442,3,4,4,8,
30377,1947,771442,3,4,4,9,
30378,12658,771442,29,29,3,8,
30379,14090,771442,31,31,3,8,
30380,1072,771442,3,4,4,8,
30381,4879,771442,13,13,3,7,
30382,12641,771442,3,4,4,8,
30383,1151,771442,3,4,4,8,
30384,2110,771442,3,4,4,9,
30385,2477,771442,3,4,4,9,
30386,2446,771442,3,4,4,7,
30387,2687,771442,3,4,4,9,
30388,8859,771442,3,4,4,7,
30389,15138,771442,31,31,3,8,
30390,9969,771442,21,21,3,8,
30391,13391,771442,25,25,3,8,
30392,15774,771442,3,4,4,9,
30393,9923,771442,3,4,4,9,
30394,13851,771442,23,23,3,9,
30395,14205,771442,3,4,4,8,
30396,30260,771442,27,27,3,8,
30397,16652,771442,27,27,3,9,
30398,37981,771442,29,29,3,8,
30399,12454,771442,27,27,3,9,
30400,14055,771442,31,31,3,9,
30401,10639,771442,13,13,3,9,
30402,36243,771442,27,27,3,8,
30403,36015,771442,3,4,4,9,
30404,1583,771442,3,4,4,9,
30405,29306,771442,21,21,3,9,
30406,28683,771442,17,17,3,8,
30407,32355,771442,31,31,3,9,
30408,23650,771442,3,4,4,8,
30409,22208,771442,3,4,4,8,
30410,7377,771442,3,4,4,8,
30411,14490,771442,25,25,3,8,
30412,10501,771442,3,4,4,7,
30413,2053,771442,3,4,4,8,
30414,8922,771442,3,4,4,9,
30415,1600,771442,3,4,4,9,
30416,1454,771442,3,4,4,7,
30417,10158,771442,23,23,3,8,
30418,12040,771442,23,23,3,8,
30419,7108,771442,15,15,3,9,
30420,10299,771442,3,4,4,8,
30421,11989,771442,3,4,4,8,
30422,6978,771442,3,4,4,9,
30423,2454,771442,3,4,4,8,
30424,1857,771442,3,4,4,8,
30425,17076,771442,23,23,3,8,
30426,15998,771442,29,30,3,7,
30427,15383,771442,33,33,3,8,
30428,18932,771442,27,27,3,9,
30429,15595,771442,25,25,3,8,
30430,18847,771442,3,4,4,9,
30431,1525,771442,3,4,4,8,
30432,13223,771442,21,21,3,9,
30433,1780,771442,3,4,4,8,
30434,13227,771442,27,27,3,8,
30435,14856,771442,31,31,3,8,
30436,14625,771442,3,4,4,8,
30437,2011,771442,3,4,4,7,
30438,1141,771442,3,4,4,8,
30439,2026,771442,3,4,4,8,
30440,2385,771442,3,4,4,8,
30441,19861,771442,33,33,3,9,
30442,13559,771442,29,29,3,8,
30443,20514,771442,3,4,4,7,
30444,20358,771442,27,27,3,8,
30445,14149,771442,3,4,4,9,
30446,1531,771442,3,4,4,8,
30447,7190,771442,15,15,3,9,
30448,17834,771442,29,29,3,8,
30449,12296,771442,15,15,3,8,
30450,10054,771442,23,23,3,8,
30451,7874,771442,15,15,3,9,
30452,4240,771442,13,13,3,8,
30453,11364,771442,21,21,3,9,
30454,14616,771442,23,23,3,8,
30455,2484,771442,3,4,4,8,
30456,23908,771442,33,33,3,8,
30457,15994,771442,29,29,3,8,
30458,10697,771442,15,15,3,9,
30459,20848,771442,31,31,3,9,
30460,2167,771442,3,4,4,9,
30461,8857,771442,3,4,4,8,
30462,18865,771442,27,27,3,8,
30463,11094,771442,21,21,3,8,
30464,12288,771442,3,4,4,8,
30465,8103,771442,3,4,4,9,
30466,11685,771442,19,19,3,8,
30467,1744,771442,3,4,4,9,
30468,11672,771442,21,21,3,9,
30469,10638,771442,27,27,3,8,
30470,1686,771442,3,4,4,9,
30471,1878,771442,3,4,4,8,
30472,1935,771442,3,4,4,8,
30473,11494,771442,25,25,3,8,
30474,10216,771442,25,25,3,8,
30475,11672,771442,3,4,4,9,
30476,9997,771442,3,4,4,9,
30477,12647,771442,29,29,3,8,
30478,13473,771442,3,4,4,8,
30479,8876,771442,27,27,3,8,
30480,9729,771442,3,4,4,8,
30481,6788,771442,21,21,3,8,
30482,8504,771442,3,4,4,8,
30483,1754,771442,3,4,4,8,
30484,2347,771442,3,4,4,8,
30485,12190,771442,21,21,3,8,
30486,3032,771442,3,4,4,9,
30487,7561,771442,13,13,3,8,
30488,8449,771442,13,13,3,9,
30489,4168,771442,3,4,4,8,
30490,16226,771442,31,31,3,8,
30491,21887,771442,25,25,3,8,
30492,10129,771442,15,15,3,8,
30493,12243,771442,19,19,3,8,
30494,15597,771442,25,25,3,9,
30495,5339,771442,13,13,3,8,
30496,19864,771442,3,4,4,9,
30497,4379,771442,3,4,4,9,
30498,9768,771442,17,17,3,8,
30499,6418,771442,3,4,4,8,
30500,1901,771442,3,4,4,8,
30501,7079,771442,3,4,4,7,
30502,16623,771442,31,31,3,8,
30503,11620,771442,23,23,3,9,
30504,2265,771442,3,4,4,8,
30505,2010,771442,3,4,4,8,
30506,15139,771442,31,31,3,8,
30507,1897,771442,3,4,4,8,
30508,2200,771442,3,4,4,8,
30509,15596,771442,3,4,4,8,
30510,9747,771442,25,25,3,8,
30511,1877,771442,3,4,4,9,
30512,10103,771442,3,4,4,7,
30513,9015,771442,27,27,3,9,
30514,8650,771442,3,4,4,7,
30515,1741,771442,3,4,4,9,
30516,6448,771442,3,4,4,8,
30517,1656,771442,3,4,4,9,
30518,4417,771442,13,13,3,8,
30519,5453,771442,3,4,4,9,
30520,5845,771442,13,13,3,8,
30521,2772,771442,3,4,4,8,
30522,7634,771442,17,17,3,8,
30523,2516,771442,3,4,4,7,
30524,2675,771442,3,4,4,7,
30525,6844,771442,21,21,3,8,
30526,7482,771442,3,4,4,8,
30527,2245,771442,3,4,4,8,
30528,8203,771442,17,17,3,8,
30529,1794,771442,3,4,4,8,
30530,1813,771442,3,4,4,8,
30531,7969,771442,3,4,4,8,
30532,17024,771442,29,29,3,8,
30533,18811,771442,25,26,3,8,
30534,16744,771442,3,4,4,8,
30535,3346,771442,3,4,4,9,
30536,18825,771442,3,4,4,8,
30537,10449,771442,19,19,3,8,
30538,1215,771442,3,4,4,9,
30539,11681,771442,23,23,3,8,
30540,15231,771442,33,33,3,9,
30541,16782,771442,33,33,3,9,
30542,10995,771442,23,23,3,8,
30543,11660,771442,27,27,3,8,
30544,14653,771442,29,29,3,8,
30545,11917,771442,29,29,3,8,
30546,6629,771442,3,4,4,9,
30547,12117,771442,3,4,4,8,
30548,13382,771442,31,31,3,9,
30549,2253,771442,3,4,4,8,
30550,13361,771442,3,4,4,9,
30551,10004,771442,3,4,4,8,
30552,7624,771442,17,17,3,9,
30553,7599,771442,3,4,4,8,
30554,2142,771442,3,4,4,9,
30555,1895,771442,3,4,4,9,
30556,17244,771442,27,27,3,8,
30557,16837,771442,3,4,4,8,
30558,11745,771442,23,23,3,8,
30559,1677,771442,3,4,4,8,
30560,22236,771442,33,33,3,8,
30561,11256,771442,3,4,4,8,
30562,13013,771442,25,25,3,7,
30563,12835,771442,19,19,3,8,
30564,17987,771442,33,33,3,8,
30565,13641,771442,19,19,3,9,
30566,13967,771442,25,25,3,8,
30567,993,771442,3,4,4,8,
30568,1303,771442,3,4,4,9,
30569,11996,771442,21,21,3,8,
30570,1078,771442,3,4,4,8,
30571,12113,771442,3,4,4,8,
30572,2500,771442,3,4,4,8,
30573,6850,771442,3,4,4,9,
30574,10517,771442,23,23,3,8,
30575,2322,771442,3,4,4,9,
30576,14472,771442,31,31,3,8,
30577,11453,771442,27,27,3,9,
30578,11694,771442,3,4,4,8,
30579,12385,771442,23,23,3,9,
30580,16558,771442,33,33,3,9,
30581,16074,771442,3,4,4,9,
30582,4600,771442,3,4,4,8,
30583,1702,771442,3,4,4,8,
30584,15055,771442,25,25,3,9,
30585,2058,771442,3,4,4,8,
30586,1827,771442,3,4,4,8,
30587,13872,771442,3,4,4,9,
30588,2361,771442,3,4,4,8,
30589,17439,771442,31,31,3,9,
30590,14370,771442,31,31,3,8,
30591,2484,771442,3,4,4,9,
30592,1252,771442,3,4,4,9,
30593,2178,771442,3,4,4,8,
30594,11299,771442,19,19,3,9,
30595,19152,771442,29,29,3,9,
30596,6315,771442,13,13,3,9,
30597,19553,771442,29,29,3,9,
30598,1126,771442,3,4,4,8,
30599,20963,771442,33,33,3,8,
30600,20604,771442,3,4,4,9,
30601,4098,771442,3,4,4,9,
30602,9691,771442,17,17,3,9,
30603,10458,771442,3,4,4,9,
30604,14832,771442,29,29,3,9,
30605,5948,771442,15,15,3,8,
30606,9464,771442,19,19,3,8,
30607,22317,771442,31,31,3,9,
30608,9492,771442,3,4,4,9,
30609,2614,771442,3,4,4,7,
30610,12148,771442,25,25,3,9,
30611,10134,771442,21,21,3,9,
30612,20842,771442,29,29,3,8,
30613,11029,771442,21,21,3,8,
30614,10720,771442,15,15,3,9,
30615,18568,771442,33,33,3,8,
30616,14252,771442,31,31,3,9,
30617,15070,771442,27,27,3,8,
30618,19168,771442,3,4,4,9,
30619,2329,771442,3,4,4,9,
30620,12328,771442,3,4,4,8,
30621,10136,771442,21,21,3,8,
30622,4799,771442,3,4,4,9,
30623,5732,771442,15,15,3,9,
30624,9163,771442,19,19,3,9,
30625,9022,771442,3,4,4,8,
30626,3625,771442,3,4,4,9,
30627,21243,771442,33,33,3,7,
30628,18173,771442,31,31,3,8,
30629,11859,771442,25,25,3,9,
30630,18833,771442,33,33,3,8,
30631,29206,771442,3,4,4,8,
30632,16517,771442,27,27,3,8,
30633,10401,771442,13,13,3,9,
30634,1451,771442,3,4,4,8,
30635,14384,771442,21,21,3,8,
30636,1143,771442,3,4,4,8,
30637,11051,771442,17,17,3,9,
30638,8170,771442,15,15,3,9,
30639,7481,771442,15,15,3,7,
30640,7611,771442,3,4,4,9,
30641,2682,771442,3,4,4,8,
30642,32026,771442,21,21,3,8,
30643,1603,771442,3,4,4,6,
30644,31811,771442,21,21,3,7,
30645,30253,771442,17,17,3,8,
30646,33032,771442,19,19,3,6,
30647,38654,771442,31,31,3,7,
30648,32925,771442,3,4,4,7,
30649,34044,771442,33,33,3,8,
30650,29675,771442,23,23,3,8,
30651,37780,771442,29,29,3,8,
30652,12777,771442,3,4,4,8,
30653,1691,771442,3,4,4,7,
30654,5047,771442,3,4,4,7,
30655,4849,771442,3,4,4,8,
30656,2892,771442,3,4,4,9,
30657,11325,771442,19,19,3,8,
30658,10638,771442,29,29,3,8,
30659,11580,771442,25,25,3,9,
30660,11016,771442,3,4,4,8,
30661,1690,771442,3,4,4,9,
30662,9766,771442,3,4,4,8,
30663,11017,771442,23,23,3,9,
30664,11314,771442,3,4,4,9,
30665,6794,771442,17,17,3,8,
30666,9639,771442,23,23,3,8,
30667,6957,771442,3,4,4,8,
30668,5203,771442,3,4,4,8,
30669,19571,771442,33,33,3,8,
30670,13707,771442,21,21,3,8,
30671,18062,771442,29,29,3,8,
30672,13866,771442,3,4,4,8,
30673,10853,771442,21,21,3,9,
30674,12958,771442,25,25,3,8,
30675,17969,771442,29,29,3,8,
30676,12186,771442,3,4,4,9,
30677,8567,771442,25,25,3,9,
30678,18304,771442,31,31,3,9,
30679,20002,771442,25,25,3,9,
30680,14595,771442,29,29,3,8,
30681,9461,771442,19,19,3,8,
30682,10086,771442,3,4,4,8,
30683,20680,771442,29,29,3,9,
30684,5316,771442,13,13,3,9,
30685,17787,771442,33,33,3,8,
30686,18440,771442,3,4,4,8,
30687,18887,771442,31,31,3,8,
30688,15138,771442,3,4,4,8,
30689,5087,771442,3,4,4,8,
30690,2245,771442,3,4,4,9,
30691,1626,771442,3,4,4,9,
30692,10667,771442,23,23,3,8,
30693,18853,771442,27,27,3,8,
30694,13586,771442,19,19,3,9,
30695,8247,771442,15,15,3,7,
30696,18959,771442,29,29,3,8,
30697,13019,771442,21,21,3,9,
30698,1318,771442,3,4,4,7,
30699,15314,771442,25,25,3,7,
30700,11735,771442,21,21,3,8,
30701,4261,771442,3,4,4,8,
30702,11606,771442,15,15,3,9,
30703,12126,771442,3,4,4,8,
30704,21138,771442,33,33,3,8,
30705,1554,771442,3,4,4,9,
30706,1508,771442,3,4,4,9,
30707,13339,771442,21,21,3,9,
30708,14363,771442,27,27,3,9,
30709,11078,771442,23,23,3,9,
30710,4632,771442,3,4,4,8,
30711,6653,771442,15,15,3,8,
30712,2134,771442,3,4,4,8,
30713,12193,771442,25,25,3,8,
30714,9102,771442,3,4,4,9,
30715,3029,771442,3,4,4,8,
30716,11487,771442,3,4,4,9,
30717,11516,771442,27,27,3,9,
30718,10985,771442,3,4,4,8,
30719,11122,771442,33,33,3,8,
30720,2646,771442,3,4,4,9,
30721,11203,771442,3,4,4,9,
30722,1649,771442,3,4,4,8,
30723,2100,771442,3,4,4,8,
30724,964,771442,3,4,4,9,
30725,10744,771442,29,29,3,8,
30726,1576,771442,3,4,4,9,
30727,10536,771442,3,4,4,8,
30728,6930,771442,13,13,3,9,
30729,10892,771442,21,21,3,8,
30730,11083,771442,25,25,3,8,
30731,11586,771442,3,4,4,8,
30732,2082,771442,3,4,4,8,
30733,5294,771442,13,13,3,8,
30734,1745,771442,3,4,4,8,
30735,5777,771442,3,4,4,8,
30736,7013,771442,13,13,3,8,
30737,5972,771442,3,4,4,8,
30738,6407,771442,3,4,4,8,
30739,6384,771442,21,21,3,8,
30740,13950,771442,13,13,3,9,
30741,1948,771442,3,4,4,9,
30742,3496,771442,3,4,4,8,
30743,9332,771442,21,21,3,8,
30744,2044,771442,3,4,4,8,
30745,9865,771442,3,4,4,8,
30746,6853,771442,15,15,3,8,
30747,17886,771442,27,27,3,8,
30748,12957,771442,27,27,3,8,
30749,17644,771442,3,4,4,8,
30750,13713,771442,3,4,4,8,
30751,11551,771442,23,23,3,8,
30752,15904,771442,25,25,3,8,
30753,19248,771442,23,23,3,9,
30754,8421,771442,21,21,3,9,
30755,5291,771442,13,13,3,8,
30756,22729,771442,25,25,3,8,
30757,12049,771442,21,21,3,8,
30758,18252,771442,33,33,3,9,
30759,2609,771442,3,4,4,8,
30760,12321,771442,23,23,3,9,
30761,1739,771442,3,4,4,8,
30762,1764,771442,3,4,4,8,
30763,10162,771442,21,21,3,9,
30764,2003,771442,3,4,4,8,
30765,16257,771442,3,4,4,8,
30766,10249,771442,3,4,4,9,
30767,1567,771442,3,4,4,9,
30768,11152,771442,23,23,3,9,
30769,7535,771442,19,19,3,8,
30770,7866,771442,17,17,3,8,
30771,6281,771442,3,4,4,8,
30772,7509,771442,3,4,4,8,
30773,1935,771442,3,4,4,9,
30774,8110,771442,13,13,3,8,
30775,9938,771442,15,15,3,9,
30776,8393,771442,3,4,4,9,
30777,2049,771442,3,4,4,8,
30778,16365,771442,31,31,3,7,
30779,8786,771442,19,19,3,8,
30780,2159,771442,3,4,4,8,
30781,9371,771442,21,21,3,8,
30782,8858,771442,3,4,4,9,
30783,5906,771442,13,13,3,8,
30784,8548,771442,3,4,4,9,
30785,10036,771442,25,25,3,9,
30786,17466,771442,31,31,3,8,
30787,18128,771442,3,4,4,9,
30788,10664,771442,3,4,4,9,
30789,6010,771442,3,4,4,9,
30790,10577,771442,21,21,3,8,
30791,10270,771442,3,4,4,8,
30792,21634,771442,33,33,3,9,
30793,8215,771442,25,25,3,8,
30794,2069,771442,3,4,4,9,
30795,12662,771442,23,23,3,9,
30796,14185,771442,29,29,3,8,
30797,2556,771442,3,4,4,9,
30798,1232,771442,3,4,4,9,
30799,1698,771442,3,4,4,8,
30800,2280,771442,3,4,4,8,
30801,21253,771442,27,27,3,8,
30802,1594,771442,3,4,4,9,
30803,2474,771442,3,4,4,8,
30804,15670,771442,27,27,3,9,
30805,16235,771442,3,4,4,9,
30806,21722,771442,31,31,3,8,
30807,3400,771442,3,4,4,9,
30808,22629,771442,3,4,4,8,
30809,26723,771442,33,33,3,8,
30810,5815,771442,15,15,3,8,
30811,17408,771442,31,31,3,8,
30812,25017,771442,19,19,3,8,
30813,11747,771442,15,15,3,8,
30814,22329,771442,13,13,3,8,
30815,1473,771442,3,4,4,8,
30816,14217,771442,31,31,3,8,
30817,10299,771442,21,21,3,9,
30818,4573,771442,3,4,4,8,
30819,13852,771442,29,29,3,7,
30820,13432,771442,29,29,3,8,
30821,10811,771442,3,4,4,8,
30822,13086,771442,3,4,4,8,
30823,13517,771442,3,4,4,8,
30824,3800,771442,3,4,4,8,
30825,13121,771442,27,27,3,8,
30826,1479,771442,3,4,4,8,
30827,1538,771442,3,4,4,8,
30828,9642,771442,17,17,3,8,
30829,7798,771442,13,13,3,8,
30830,9812,771442,3,4,4,8,
30831,17122,771442,29,29,3,9,
30832,8953,771442,19,19,3,9,
30833,16101,771442,23,23,3,8,
30834,15274,771442,27,27,3,8,
30835,15772,771442,3,4,4,8,
30836,14732,771442,3,4,4,8,
30837,8138,771442,19,19,3,8,
30838,11868,771442,23,23,3,9,
30839,17167,771442,29,29,3,8,
30840,11606,771442,21,21,3,8,
30841,12352,771442,25,25,3,9,
30842,4176,771442,3,4,4,9,
30843,8353,771442,19,19,3,8,
30844,2013,771442,3,4,4,8,
30845,11777,771442,27,27,3,8,
30846,10743,771442,25,25,3,9,
30847,11732,771442,3,4,4,9,
30848,6553,771442,13,13,3,7,
30849,20390,771442,23,23,3,8,
30850,6833,771442,3,4,4,8,
30851,11276,771442,33,33,3,9,
30852,4372,771442,3,4,4,9,
30853,7029,771442,3,4,4,8,
30854,8712,771442,15,15,3,8,
30855,10591,771442,21,21,3,9,
30856,10922,771442,3,4,4,8,
30857,8628,771442,3,4,4,9,
30858,10594,771442,21,21,3,8,
30859,8128,771442,15,15,3,9,
30860,8241,771442,3,4,4,9,
30861,1307,771442,3,4,4,9,
30862,7388,771442,19,19,3,9,
30863,8073,771442,3,4,4,9,
30864,1973,771442,3,4,4,9,
30865,28150,771442,17,17,3,8,
30866,28964,771442,21,21,3,6,
30867,45071,771442,21,21,3,9,
30868,26159,771442,17,17,3,7,
30869,2197,771442,3,4,4,8,
30870,25927,771442,17,17,3,6,
30871,1555,771442,3,4,4,8,
30872,2753,771442,3,4,4,9,
30873,3147,771442,3,4,4,8,
30874,22542,771442,13,13,3,8,
30875,22734,771442,13,13,3,7,
30876,31184,771442,31,31,3,8,
30877,27654,771442,33,33,3,6,
30878,25641,771442,17,17,3,6,
30879,12329,771442,3,4,4,6,
30880,10489,771442,15,15,3,6,
30881,15705,771442,33,33,3,6,
30882,18913,771442,33,33,3,7,
30883,3594,771442,3,4,4,7,
30884,1475,771442,3,4,4,8,
30885,17570,771442,33,33,3,8,
30886,12041,771442,29,29,3,8,
30887,13549,771442,3,4,4,8,
30888,16198,771442,3,4,4,9,
30889,22096,771442,29,29,3,8,
30890,10109,771442,13,13,3,8,
30891,1468,771442,3,4,4,9,
30892,9807,771442,15,15,3,9,
30893,15421,771442,3,4,4,8,
30894,17953,771442,31,31,3,8,
30895,10006,771442,19,19,3,9,
30896,12003,771442,23,23,3,8,
30897,9941,771442,19,19,3,9,
30898,8626,771442,15,15,3,8,
30899,9962,771442,3,4,4,8,
30900,16327,771442,29,29,3,9,
30901,14433,771442,27,27,3,8,
30902,9238,771442,15,15,3,8,
30903,13979,771442,27,27,3,9,
30904,10143,771442,3,4,4,8,
30905,2256,771442,3,4,4,9,
30906,14110,771442,27,27,3,8,
30907,923,771442,3,4,4,8,
30908,19269,771442,33,33,3,8,
30909,1399,771442,3,4,4,9,
30910,1958,771442,3,4,4,8,
30911,5749,771442,3,4,4,8,
30912,11476,771442,19,19,3,8,
30913,12258,771442,3,4,4,8,
30914,11760,771442,23,23,3,7,
30915,1649,771442,3,4,4,9,
30916,12364,771442,27,27,3,7,
30917,13730,771442,3,4,4,8,
30918,1273,771442,3,4,4,9,
30919,6665,771442,15,15,3,8,
30920,7309,771442,3,4,4,9,
30921,4511,771442,3,4,4,9,
30922,19417,771442,29,29,3,7,
30923,2827,771442,3,4,4,8,
30924,11375,771442,19,19,3,8,
30925,2871,771442,3,4,4,8,
30926,15999,771442,33,33,3,9,
30927,2605,771442,3,4,4,8,
30928,2664,771442,3,4,4,8,
30929,14937,771442,3,4,4,8,
30930,12527,771442,23,23,3,9,
30931,18012,771442,33,33,3,8,
30932,3285,771442,3,4,4,8,
30933,12656,771442,3,4,4,7,
30934,7595,771442,19,19,3,9,
30935,11145,771442,25,25,3,9,
30936,10385,771442,3,4,4,9,
30937,7427,771442,19,19,3,8,
30938,11523,771442,3,4,4,8,
30939,8189,771442,17,17,3,8,
30940,12720,771442,21,22,3,8,
30941,2205,771442,3,4,4,7,
30942,12902,771442,3,4,4,7,
30943,7744,771442,3,4,4,8,
30944,2441,771442,3,4,4,9,
30945,9209,771442,17,17,3,8,
30946,12479,771442,21,21,3,9,
30947,10101,771442,3,4,4,8,
30948,8103,771443,19,19,3,8,
30949,3107,771443,3,4,4,8,
30950,3473,771443,3,4,4,8,
30951,1985,771443,3,4,4,9,
30952,14335,771443,21,21,3,8,
30953,11524,771443,23,23,3,8,
30954,7855,771443,15,15,3,9,
30955,12732,771443,3,4,4,8,
30956,7816,771443,15,15,3,8,
30957,3659,771443,3,4,4,8,
30958,7014,771443,17,17,3,8,
30959,8120,771443,3,4,4,7,
30960,15657,771443,31,31,3,8,
30961,1527,771443,3,4,4,9,
30962,7296,771443,17,17,3,9,
30963,6856,771443,3,4,4,8,
30964,10185,771443,23,23,3,9,
30965,8947,771443,25,25,3,8,
30966,1370,771443,3,4,4,8,
30967,8620,771443,3,4,4,8,
30968,10364,771443,21,21,3,9,
30969,9938,771443,3,4,4,8,
30970,12414,771443,23,23,3,8,
30971,5944,771443,15,15,3,8,
30972,12840,771443,3,4,4,8,
30973,5980,771443,3,4,4,8,
30974,2606,771443,3,4,4,8,
30975,1005,771443,3,4,4,8,
30976,21417,771443,33,33,3,9,
30977,1987,771443,3,4,4,8,
30978,11296,771443,21,21,3,8,
30979,7048,771443,17,17,3,8,
30980,1947,771443,3,4,4,8,
30981,11133,771443,3,4,4,8,
30982,2388,771443,3,4,4,8,
30983,14829,771443,29,29,3,9,
30984,2378,771443,3,4,4,8,
30985,28007,771443,27,27,3,8,
30986,2584,771443,3,4,4,8,
30987,2342,771443,3,4,4,8,
30988,2100,771443,3,4,4,9,
30989,6480,771443,13,13,3,8,
30990,8293,771443,19,19,3,8,
30991,13572,771443,3,4,4,9,
30992,13779,771443,31,31,3,8,
30993,6639,771443,3,4,4,9,
30994,17299,771443,31,31,3,9,
30995,5204,771443,13,13,3,9,
30996,8216,771443,19,19,3,8,
30997,7907,771443,3,4,4,8,
30998,8449,771443,3,4,4,9,
30999,15115,771443,3,4,4,8,
31000,13589,771443,23,23,3,9,
31001,11189,771443,21,21,3,8,
31002,15620,771443,29,29,3,9,
31003,10868,771443,19,19,3,8,
31004,13152,771443,25,25,3,9,
31005,6485,771443,17,17,3,9,
31006,10151,771443,3,4,4,8,
31007,3735,771443,3,4,4,9,
31008,6766,771443,3,4,4,8,
31009,11410,771443,19,19,3,8,
31010,2706,771443,3,4,4,8,
31011,22296,771443,23,23,3,8,
31012,9279,771443,17,17,3,9,
31013,2699,771443,3,4,4,8,
31014,19740,771443,31,31,3,8,
31015,7066,771443,13,13,3,8,
31016,21244,771443,33,33,3,9,
31017,2357,771443,3,4,4,8,
31018,16249,771443,31,31,3,8,
31019,29298,771443,19,19,3,9,
31020,1740,771443,3,4,4,9,
31021,15254,771443,15,15,3,8,
31022,11223,771443,23,23,3,9,
31023,1953,771443,3,4,4,9,
31024,7102,771443,13,13,3,8,
31025,9913,771443,25,25,3,9,
31026,12722,771443,19,19,3,9,
31027,11695,771443,23,23,3,9,
31028,3476,771443,3,4,4,9,
31029,22315,771443,27,27,3,9,
31030,4597,771443,3,4,4,8,
31031,9201,771443,3,4,4,8,
31032,13419,771443,29,29,3,8,
31033,13813,771443,3,4,4,9,
31034,17627,771443,27,27,3,8,
31035,8852,771443,13,13,3,8,
31036,23187,771443,31,31,3,9,
31037,13759,771443,21,21,3,9,
31038,1523,771443,3,4,4,9,
31039,1907,771443,3,4,4,9,
31040,2701,771443,3,4,4,9,
31041,10890,771443,3,4,4,8,
31042,17651,771443,31,31,3,9,
31043,3257,771443,3,4,4,9,
31044,12560,771443,27,27,3,9,
31045,9866,771443,17,17,3,8,
31046,7699,771443,13,13,3,8,
31047,15503,771443,17,17,3,8,
31048,12161,771443,21,21,3,8,
31049,11334,771443,15,15,3,8,
31050,2507,771443,3,4,4,8,
31051,1597,771443,3,4,4,8,
31052,9282,771443,3,4,4,8,
31053,2043,771443,3,4,4,8,
31054,20136,771443,29,29,3,8,
31055,2260,771443,3,4,4,9,
31056,4099,771443,3,4,4,8,
31057,13900,771443,31,31,3,9,
31058,8516,771443,19,19,3,9,
31059,15834,771443,31,31,3,9,
31060,1561,771443,3,4,4,8,
31061,1070,771443,3,4,4,8,
31062,14996,771443,3,4,4,9,
31063,5494,771443,3,4,4,8,
31064,1638,771443,3,4,4,8,
31065,16130,771443,25,25,3,8,
31066,16914,771443,29,29,3,8,
31067,8952,771443,13,13,3,9,
31068,16657,771443,29,29,3,9,
31069,2759,771443,3,4,4,9,
31070,15712,771443,33,33,3,8,
31071,25181,771443,19,19,3,9,
31072,4311,771443,3,4,4,9,
31073,14281,771443,21,21,3,9,
31074,8557,771443,21,21,3,8,
31075,1941,771443,3,4,4,9,
31076,9564,771443,3,4,4,8,
31077,1334,771443,3,4,4,9,
31078,1885,771443,3,4,4,9,
31079,7095,771443,15,15,3,8,
31080,45114,771443,31,31,3,8,
31081,21103,771443,27,27,3,7,
31082,10140,771443,25,25,3,9,
31083,19127,771443,17,17,3,8,
31084,2067,771443,3,4,4,8,
31085,16976,771443,25,25,3,9,
31086,12137,771443,25,25,3,8,
31087,690,771443,3,4,4,8,
31088,13325,771443,27,27,3,8,
31089,14085,771443,3,4,4,8,
31090,10677,771443,21,21,3,8,
31091,32939,771443,27,27,3,8,
31092,7649,771443,3,4,4,9,
31093,41538,771443,27,27,3,8,
31094,26985,771443,29,29,3,6,
31095,30792,771443,3,4,4,5,
31096,41115,771443,25,25,3,8,
31097,26156,771443,19,19,3,7,
31098,21188,771443,3,4,4,8,
31099,37335,771443,27,27,3,8,
31100,30068,771443,3,4,4,9,
31101,12290,771443,3,4,4,7,
31102,11101,771443,17,17,3,7,
31103,21146,771443,33,33,3,7,
31104,2462,771443,3,4,4,8,
31105,3759,771443,3,4,4,8,
31106,7969,771443,3,4,4,9,
31107,16873,771443,27,27,3,9,
31108,1657,771443,3,4,4,9,
31109,1971,771443,3,4,4,9,
31110,17366,771443,27,27,3,8,
31111,17005,771443,3,4,4,8,
31112,11738,771443,23,23,3,8,
31113,3896,771443,3,4,4,9,
31114,17229,771443,31,31,3,9,
31115,8018,771443,15,15,3,8,
31116,6630,771443,17,17,3,8,
31117,8355,771443,15,15,3,8,
31118,6526,771443,3,4,4,8,
31119,1255,771443,3,4,4,8,
31120,2394,771443,3,4,4,8,
31121,10608,771443,17,17,3,8,
31122,3124,771443,3,4,4,8,
31123,7717,771443,3,4,4,8,
31124,10631,771443,23,23,3,8,
31125,1648,771443,3,4,4,9,
31126,9304,771443,21,21,3,8,
31127,6266,771443,13,13,3,8,
31128,10173,771443,3,4,4,8,
31129,18298,771443,31,31,3,8,
31130,6320,771443,13,13,3,8,
31131,6868,771443,3,4,4,9,
31132,16933,771443,31,31,3,9,
31133,16360,771443,3,4,4,8,
31134,11849,771443,27,27,3,9,
31135,2202,771443,3,4,4,8,
31136,2632,771443,3,4,4,8,
31137,10251,771443,15,15,3,8,
31138,1778,771443,3,4,4,7,
31139,17472,771443,27,27,3,8,
31140,7445,771443,17,17,3,7,
31141,11413,771443,25,25,3,7,
31142,16817,771443,3,4,4,8,
31143,8178,771443,3,4,4,9,
31144,13410,771443,23,23,3,8,
31145,16746,771443,29,29,3,9,
31146,6550,771443,15,15,3,8,
31147,16269,771443,25,25,3,9,
31148,13174,771443,3,4,4,9,
31149,3809,771443,13,13,3,9,
31150,3424,771443,3,4,4,8,
31151,3729,771443,3,4,4,8,
31152,1314,771443,3,4,4,8,
31153,1587,771443,3,4,4,8,
31154,1957,771443,3,4,4,8,
31155,2381,771443,3,4,4,9,
31156,8469,771443,13,13,3,8,
31157,22379,771443,29,29,3,9,
31158,2485,771443,3,4,4,9,
31159,12216,771443,19,19,3,8,
31160,8118,771443,3,4,4,9,
31161,1847,771443,3,4,4,9,
31162,9904,771443,17,17,3,9,
31163,7923,771443,13,13,3,8,
31164,1526,771443,3,4,4,9,
31165,10404,771443,23,23,3,8,
31166,7850,771443,21,21,3,9,
31167,9846,771443,21,21,3,8,
31168,10774,771443,3,4,4,8,
31169,7921,771443,13,13,3,8,
31170,14499,771443,13,13,3,9,
31171,1010,771443,3,4,4,9,
31172,10084,771443,3,4,4,8,
31173,9786,771443,15,15,3,9,
31174,7164,771443,15,15,3,9,
31175,16480,771443,33,33,3,9,
31176,9143,771443,3,4,4,8,
31177,10904,771443,19,19,3,8,
31178,1598,771443,3,4,4,9,
31179,9204,771443,21,21,3,8,
31180,9888,771443,3,4,4,9,
31181,3094,771443,3,4,4,9,
31182,10432,771443,13,13,3,8,
31183,3661,771443,3,4,4,8,
31184,10459,771443,3,4,4,9,
31185,11707,771443,25,25,3,9,
31186,2561,771443,3,4,4,8,
31187,11388,771443,19,19,3,9,
31188,1665,771443,3,4,4,8,
31189,5114,771443,3,4,4,8,
31190,1477,771443,3,4,4,8,
31191,2761,771443,3,4,4,8,
31192,10695,771443,25,25,3,9,
31193,9130,771443,15,15,3,8,
31194,8202,771443,19,19,3,9,
31195,2649,771443,3,4,4,8,
31196,8513,771443,3,4,4,8,
31197,8545,771443,17,17,3,8,
31198,16409,771443,27,27,3,8,
31199,7795,771443,3,4,4,8,
31200,16567,771443,3,4,4,8,
31201,10123,771443,17,17,3,9,
31202,9872,771443,17,17,3,9,
31203,12443,771443,31,31,3,7,
31204,2267,771443,3,4,4,8,
31205,11357,771443,3,4,4,7,
31206,2255,771443,3,4,4,9,
31207,8071,771443,19,19,3,8,
31208,11560,771443,27,27,3,8,
31209,8448,771443,3,4,4,9,
31210,11116,771443,3,4,4,9,
31211,11513,771443,31,31,3,9,
31212,11847,771443,3,4,4,9,
31213,10030,771443,19,19,3,8,
31214,11750,771443,25,25,3,8,
31215,10208,771443,3,4,4,8,
31216,12410,771443,29,29,3,8,
31217,1312,771443,3,4,4,8,
31218,12934,771443,29,29,3,9,
31219,12657,771443,3,4,4,8,
31220,9445,771443,21,21,3,9,
31221,9171,771443,3,4,4,8,
31222,1564,771443,3,4,4,9,
31223,1510,771443,3,4,4,9,
31224,11105,771443,25,25,3,8,
31225,9642,771443,21,21,3,9,
31226,11662,771443,3,4,4,8,
31227,10236,771443,3,4,4,8,
31228,4815,771443,13,13,3,8,
31229,2561,771443,3,4,4,8,
31230,3544,771443,3,4,4,8,
31231,2497,771443,3,4,4,8,
31232,1274,771443,3,4,4,8,
31233,3538,771443,3,4,4,8,
31234,1706,771443,3,4,4,8,
31235,3516,771443,3,4,4,8,
31236,17900,771443,33,33,3,8,
31237,1127,771443,3,4,4,8,
31238,18146,771443,3,4,4,8,
31239,21375,771443,31,31,3,8,
31240,6750,771443,13,13,3,9,
31241,2531,771443,3,4,4,9,
31242,9980,771443,17,17,3,8,
31243,3715,771443,3,4,4,9,
31244,1715,771443,3,4,4,8,
31245,14919,771443,21,21,3,8,
31246,2851,771443,3,4,4,8,
31247,9087,771443,21,21,3,9,
31248,6764,771443,13,13,3,9,
31249,1531,771443,3,4,4,9,
31250,14911,771443,3,4,4,8,
31251,15689,771443,23,23,3,8,
31252,13557,771443,25,25,3,8,
31253,21763,771443,33,33,3,8,
31254,9859,771443,23,23,3,8,
31255,12188,771443,25,25,3,9,
31256,2404,771443,3,4,4,9,
31257,1882,771443,3,4,4,8,
31258,16142,771443,3,4,4,8,
31259,2873,771443,3,4,4,8,
31260,19253,771443,25,25,3,8,
31261,1650,771443,3,4,4,8,
31262,1822,771443,3,4,4,7,
31263,1367,771443,3,4,4,7,
31264,10699,771443,17,17,3,8,
31265,4434,771443,3,4,4,8,
31266,9256,771443,19,19,3,8,
31267,846,771443,3,4,4,8,
31268,2062,771443,3,4,4,8,
31269,6857,771443,15,15,3,8,
31270,23172,771443,33,33,3,9,
31271,2406,771443,3,4,4,8,
31272,23040,771443,3,4,4,8,
31273,12320,771443,19,19,3,8,
31274,17911,771443,25,25,3,9,
31275,2204,771443,3,4,4,9,
31276,1782,771443,3,4,4,7,
31277,7981,771443,3,4,4,8,
31278,20939,771443,29,29,3,9,
31279,21308,771443,29,29,3,8,
31280,1436,771443,3,4,4,8,
31281,3181,771443,3,4,4,9,
31282,8958,771443,15,15,3,8,
31283,8118,771443,3,4,4,7,
31284,20138,771443,27,27,3,8,
31285,35718,771443,31,31,3,8,
31286,18558,771443,21,21,3,9,
31287,11357,771443,17,17,3,8,
31288,10014,771443,17,17,3,8,
31289,25975,771443,21,21,3,8,
31290,19290,771443,25,25,3,8,
31291,26432,771443,3,4,4,8,
31292,13815,771443,21,21,3,8,
31293,24227,771443,27,27,3,8,
31294,7545,771443,13,13,3,9,
31295,23534,771443,25,25,3,8,
31296,15358,771443,17,17,3,8,
31297,10390,771443,21,21,3,9,
31298,7681,771443,13,13,3,9,
31299,6573,771443,3,4,4,8,
31300,21238,771443,29,29,3,9,
31301,12030,771443,21,21,3,8,
31302,2015,771443,3,4,4,7,
31303,3371,771443,3,4,4,9,
31304,1832,771443,3,4,4,8,
31305,11303,771443,25,25,3,7,
31306,6051,771443,13,13,3,8,
31307,13625,771443,27,27,3,8,
31308,1566,771443,3,4,4,9,
31309,5569,771443,15,15,3,9,
31310,13299,771443,3,4,4,9,
31311,5506,771443,3,4,4,9,
31312,9460,771443,3,4,4,9,
31313,721,771443,3,4,4,8,
31314,11716,771443,25,25,3,8,
31315,1887,771443,3,4,4,8,
31316,9034,771443,15,15,3,8,
31317,4228,771443,3,4,4,8,
31318,2006,771443,3,4,4,9,
31319,2250,771443,3,4,4,9,
31320,13952,771443,25,25,3,8,
31321,6395,771443,13,13,3,9,
31322,13277,771443,3,4,4,8,
31323,11174,771443,27,27,3,9,
31324,9526,771443,23,23,3,8,
31325,1704,771443,3,4,4,9,
31326,8962,771443,3,4,4,8,
31327,15553,771443,33,33,3,9,
31328,15896,771443,3,4,4,8,
31329,4793,771443,13,13,3,9,
31330,15038,771443,19,19,3,8,
31331,3837,771443,3,4,4,9,
31332,7434,771443,13,13,3,9,
31333,12827,771443,13,13,3,9,
31334,8782,771443,15,15,3,8,
31335,10669,771443,3,4,4,8,
31336,6127,771443,13,13,3,9,
31337,16616,771443,31,31,3,9,
31338,10842,771443,19,19,3,8,
31339,7028,771443,3,4,4,9,
31340,5261,771443,13,13,3,8,
31341,2660,771443,3,4,4,9,
31342,5611,771443,3,4,4,8,
31343,11433,771443,13,13,3,9,
31344,11588,771443,17,17,3,9,
31345,15923,771443,29,29,3,8,
31346,11135,771443,3,4,4,9,
31347,2352,771443,3,4,4,8,
31348,2701,771443,3,4,4,9,
31349,17374,771443,29,29,3,8,
31350,16086,771443,29,29,3,8,
31351,946,771443,3,4,4,8,
31352,14175,771443,21,21,3,9,
31353,1421,771443,3,4,4,9,
31354,7436,771443,13,13,3,9,
31355,7919,771443,3,4,4,9,
31356,13099,771443,15,15,3,9,
31357,6490,771443,3,4,4,8,
31358,3027,771443,3,4,4,9,
31359,11490,771443,17,17,3,9,
31360,2961,771443,3,4,4,8,
31361,9775,771443,13,13,3,8,
31362,10833,771443,13,13,3,8,
31363,1624,771443,3,4,4,8,
31364,9747,771443,19,19,3,8,
31365,1827,771443,3,4,4,8,
31366,15301,771443,25,25,3,8,
31367,2311,771443,3,4,4,8,
31368,9333,771443,15,15,3,8,
31369,15310,771443,3,4,4,9,
31370,20492,771443,33,33,3,9,
31371,6625,771443,13,13,3,8,
31372,13039,771443,19,19,3,8,
31373,2085,771443,3,4,4,8,
31374,12098,771443,25,25,3,9,
31375,993,771443,3,4,4,8,
31376,16106,771443,23,23,3,8,
31377,12068,771443,25,25,3,8,
31378,43115,771443,19,19,3,9,
31379,14855,771443,27,27,3,8,
31380,10034,771443,21,21,3,9,
31381,5565,771443,13,13,3,8,
31382,5899,771443,3,4,4,8,
31383,6056,771443,3,4,4,9,
31384,29364,771443,17,17,3,9,
31385,5094,771443,3,4,4,8,
31386,31946,771443,3,4,4,8,
31387,26878,771443,17,17,3,8,
31388,26789,771443,3,4,4,7,
31389,27982,771443,15,15,3,8,
31390,43394,771443,33,33,3,8,
31391,26868,771443,19,19,3,8,
31392,23460,771443,3,4,4,8,
31393,18710,771443,23,23,3,9,
31394,10264,771443,17,17,3,8,
31395,3558,771443,3,4,4,7,
31396,8726,771443,15,15,3,8,
31397,8363,771443,19,19,3,9,
31398,17743,771443,3,4,4,7,
31399,10909,771443,23,23,3,8,
31400,1345,771443,3,4,4,9,
31401,10852,771443,3,4,4,8,
31402,13035,771443,27,27,3,9,
31403,11723,771443,19,19,3,8,
31404,2006,771443,3,4,4,8,
31405,3531,771443,3,4,4,9,
31406,11238,771443,25,25,3,8,
31407,11528,771443,3,4,4,9,
31408,1774,771443,3,4,4,9,
31409,15458,771443,27,27,3,8,
31410,2338,771443,3,4,4,8,
31411,7043,771443,17,17,3,8,
31412,2498,771443,3,4,4,8,
31413,2876,771443,3,4,4,8,
31414,1154,771443,3,4,4,8,
31415,1657,771443,3,4,4,8,
31416,16423,771443,29,29,3,8,
31417,2052,771443,3,4,4,8,
31418,2235,771443,3,4,4,8,
31419,16338,771443,17,17,3,7,
31420,7977,771443,17,17,3,8,
31421,9670,771443,17,17,3,9,
31422,8095,771443,3,4,4,8,
31423,15394,771443,3,4,4,7,
31424,13962,771443,23,23,3,8,
31425,1933,771443,3,4,4,8,
31426,1314,771443,3,4,4,8,
31427,1928,771443,3,4,4,9,
31428,1931,771443,3,4,4,9,
31429,15646,771443,19,19,3,9,
31430,7262,771443,15,15,3,8,
31431,1263,771443,3,4,4,8,
31432,5576,771443,13,13,3,8,
31433,20780,771443,33,33,3,9,
31434,5592,771443,3,4,4,7,
31435,14720,771443,21,21,3,9,
31436,20093,771443,31,31,3,8,
31437,16007,771443,25,25,3,8,
31438,7547,771443,3,4,4,7,
31439,10354,771443,19,19,3,7,
31440,17090,771443,3,4,4,7,
31441,1467,771443,3,4,4,8,
31442,2535,771443,3,4,4,9,
31443,9027,771443,17,17,3,9,
31444,10511,771443,23,23,3,8,
31445,2539,771443,3,4,4,9,
31446,2419,771443,3,4,4,9,
31447,6425,771443,3,4,4,7,
31448,12021,771443,23,23,3,9,
31449,4556,771443,15,15,3,7,
31450,9028,771443,3,4,4,9,
31451,3574,771443,3,4,4,7,
31452,2864,771443,3,4,4,8,
31453,1728,771443,3,4,4,9,
31454,2967,771443,3,4,4,7,
31455,14325,771443,25,25,3,7,
31456,13493,771443,25,25,3,8,
31457,15022,771443,25,25,3,9,
31458,15342,771443,3,4,4,8,
31459,6674,771443,13,13,3,8,
31460,11510,771443,21,21,3,8,
31461,2194,771443,3,4,4,8,
31462,12303,771443,3,4,4,8,
31463,1668,771443,3,4,4,9,
31464,6341,771443,15,15,3,9,
31465,8260,771443,17,17,3,8,
31466,6021,771443,3,4,4,9,
31467,16279,771443,23,23,3,9,
31468,1762,771443,3,4,4,8,
31469,18853,771443,33,33,3,9,
31470,12666,771443,3,4,4,8,
31471,6804,771443,13,13,3,8,
31472,16956,771443,23,23,3,8,
31473,2156,771443,3,4,4,8,
31474,3533,771443,3,4,4,9,
31475,1527,771443,3,4,4,7,
31476,5754,771443,3,4,4,9,
31477,1432,771443,3,4,4,7,
31478,18579,771443,25,25,3,8,
31479,14762,771443,19,19,3,9,
31480,10505,771443,15,15,3,8,
31481,10427,771443,19,19,3,8,
31482,1809,771443,3,4,4,9,
31483,17745,771443,23,23,3,9,
31484,16681,771443,27,27,3,8,
31485,12115,771443,25,25,3,9,
31486,11825,771443,3,4,4,8,
31487,14513,771443,25,25,3,8,
31488,17412,771443,33,33,3,9,
31489,1818,771443,3,4,4,9,
31490,1993,771443,3,4,4,9,
31491,17047,771443,23,24,3,8,
31492,1520,771443,3,4,4,9,
31493,11505,771443,29,29,3,8,
31494,11881,771443,3,4,4,8,
31495,9903,771443,3,4,4,8,
31496,16406,771443,31,31,3,8,
31497,17565,771443,3,4,4,8,
31498,15612,771443,31,31,3,8,
31499,12701,771443,23,23,3,8,
31500,1946,771443,3,4,4,9,
31501,2286,771443,3,4,4,8,
31502,2043,771443,3,4,4,9,
31503,2557,771443,3,4,4,8,
31504,8448,771443,19,19,3,8,
31505,3005,771443,3,4,4,9,
31506,2800,771443,3,4,4,8,
31507,17356,771443,31,31,3,9,
31508,3222,771443,3,4,4,8,
31509,6494,771443,3,4,4,9,
31510,12356,771443,27,27,3,8,
31511,2614,771443,3,4,4,8,
31512,8867,771443,15,15,3,8,
31513,8579,771443,19,19,3,8,
31514,8183,771443,3,4,4,8,
31515,2234,771443,3,4,4,9,
31516,7742,771443,3,4,4,7,
31517,1575,771443,3,4,4,8,
31518,12289,771443,27,27,3,9,
31519,10707,771443,21,21,3,8,
31520,12153,771443,3,4,4,9,
31521,14197,771443,17,17,3,9,
31522,1276,771443,3,4,4,8,
31523,13179,771443,33,33,3,8,
31524,1658,771443,3,4,4,8,
31525,16699,771443,27,27,3,8,
31526,13556,771443,3,4,4,9,
31527,9568,771443,17,17,3,9,
31528,9838,771443,3,4,4,8,
31529,15715,771443,3,4,4,9,
31530,7020,771443,19,19,3,8,
31531,1790,771443,3,4,4,9,
31532,15747,771443,25,25,3,8,
31533,14987,771443,3,4,4,9,
31534,6814,771443,17,17,3,9,
31535,1292,771443,3,4,4,8,
31536,12519,771443,17,17,3,8,
31537,1938,771443,3,4,4,8,
31538,2196,771443,3,4,4,8,
31539,7664,771443,15,15,3,9,
31540,1344,771443,3,4,4,8,
31541,7375,771443,3,4,4,8,
31542,10305,771443,17,17,3,8,
31543,12774,771443,25,25,3,8,
31544,1788,771443,3,4,4,8,
31545,11779,771443,23,23,3,8,
31546,983,771443,3,4,4,8,
31547,1883,771443,3,4,4,8,
31548,15697,771443,29,29,3,8,
31549,2136,771443,3,4,4,8,
31550,15979,771443,3,4,4,9,
31551,6563,771443,15,15,3,7,
31552,1405,771443,3,4,4,8,
31553,2431,771443,3,4,4,8,
31554,5785,771443,3,4,4,8,
31555,10374,771443,21,21,3,8,
31556,6849,771443,19,19,3,9,
31557,9894,771443,3,4,4,8,
31558,10474,771443,25,25,3,8,
31559,3834,771443,3,4,4,8,
31560,8799,771443,19,19,3,8,
31561,12482,771443,29,29,3,9,
31562,13813,771443,3,4,4,9,
31563,9787,771443,21,21,3,8,
31564,10160,771443,3,4,4,8,
31565,14710,771443,25,25,3,9,
31566,7950,771443,17,17,3,7,
31567,1755,771443,3,4,4,8,
31568,3021,771443,3,4,4,8,
31569,2069,771443,3,4,4,8,
31570,2495,771443,3,4,4,8,
31571,12313,771443,15,15,3,9,
31572,3060,771443,3,4,4,8,
31573,12714,771443,19,19,3,8,
31574,3641,771443,3,4,4,9,
31575,19326,771443,27,27,3,8,
31576,3148,771443,3,4,4,8,
31577,3491,771443,3,4,4,8,
31578,8681,771443,15,15,3,9,
31579,18626,771443,23,23,3,8,
31580,13727,771443,19,19,3,9,
31581,5766,771443,13,13,3,8,
31582,11109,771443,19,19,3,9,
31583,5456,771443,3,4,4,8,
31584,4684,771443,13,13,3,9,
31585,2335,771443,3,4,4,8,
31586,2528,771443,3,4,4,9,
31587,11219,771443,3,4,4,9,
31588,2318,771443,3,4,4,8,
31589,1972,771443,3,4,4,9,
31590,13059,771443,21,21,3,8,
31591,2220,771443,3,4,4,9,
31592,10200,771443,19,19,3,8,
31593,12592,771443,3,4,4,8,
31594,17850,771443,25,25,3,8,
31595,7263,771443,17,17,3,8,
31596,10571,771443,21,21,3,9,
31597,8176,771443,3,4,4,9,
31598,2958,771443,3,4,4,8,
31599,10041,771443,17,17,3,9,
31600,7094,771443,13,13,3,8,
31601,10430,771443,3,4,4,8,
31602,14445,771443,27,27,3,8,
31603,2897,771443,3,4,4,8,
31604,3331,771443,3,4,4,8,
31605,12225,771443,17,17,3,9,
31606,18640,771443,31,31,3,8,
31607,12177,771443,3,4,4,8,
31608,13457,771443,17,17,3,8,
31609,14355,771443,25,25,3,9,
31610,18879,771443,33,33,3,9,
31611,9993,771443,15,15,3,8,
31612,1905,771443,3,4,4,9,
31613,1264,771443,3,4,4,9,
31614,1049,771443,3,4,4,9,
31615,5736,771443,13,13,3,8,
31616,6061,771443,3,4,4,9,
31617,2297,771443,3,4,4,8,
31618,17700,771443,19,19,3,8,
31619,2039,771443,3,4,4,8,
31620,15200,771443,27,27,3,8,
31621,19503,771443,31,31,3,8,
31622,15421,771443,29,29,3,8,
31623,16238,771443,3,4,4,8,
31624,3777,771443,3,4,4,8,
31625,17945,771443,3,4,4,8,
31626,10029,771443,21,21,3,9,
31627,13063,771443,33,33,3,8,
31628,13582,771443,25,25,3,8,
31629,9516,771443,3,4,4,8,
31630,18936,771443,29,29,3,9,
31631,7667,771443,15,15,3,8,
31632,19057,771443,27,27,3,8,
31633,5140,771443,3,4,4,8,
31634,16503,771443,27,27,3,7,
31635,2218,771443,3,4,4,8,
31636,7164,771443,13,13,3,9,
31637,14054,771443,3,4,4,8,
31638,1222,771443,3,4,4,8,
31639,15634,771443,29,29,3,8,
31640,15543,771443,29,29,3,8,
31641,9338,771443,23,23,3,8,
31642,16431,771443,3,4,4,9,
31643,16658,771443,31,31,3,8,
31644,9774,771443,3,4,4,9,
31645,13417,771443,17,17,3,9,
31646,2052,771443,3,4,4,8,
31647,2552,771443,3,4,4,8,
31648,12932,771443,21,21,3,8,
31649,21213,771443,30,31,3,8,
31650,3320,771443,3,4,4,8,
31651,17765,771443,31,31,3,8,
31652,3620,771443,3,4,4,8,
31653,12451,771443,21,21,3,8,
31654,19609,771443,27,27,3,9,
31655,31920,771443,25,25,3,8,
31656,13837,771443,19,19,3,9,
31657,10912,771443,15,15,3,8,
31658,15271,771443,25,25,3,9,
31659,4902,771443,3,4,4,9,
31660,14560,771443,23,23,3,9,
31661,1760,771443,3,4,4,8,
31662,23542,771443,31,31,3,8,
31663,5056,771443,3,4,4,7,
31664,23857,771443,3,4,4,9,
31665,10483,771443,27,27,3,9,
31666,17775,771443,29,29,3,8,
31667,13325,771443,25,25,3,8,
31668,846,771443,3,4,4,8,
31669,8865,771443,19,19,3,9,
31670,20731,771443,25,25,3,8,
31671,24621,771443,25,25,3,9,
31672,10916,771443,3,4,4,9,
31673,13240,771443,25,25,3,9,
31674,31662,771443,33,33,3,9,
31675,5766,771443,13,13,3,8,
31676,17226,771443,31,31,3,8,
31677,6031,771443,13,13,3,8,
31678,6076,771443,3,4,4,8,
31679,12346,771443,17,17,3,9,
31680,11968,771443,3,4,4,8,
31681,17165,771443,21,21,3,9,
31682,2242,771443,3,4,4,9,
31683,26041,771443,33,33,3,7,
31684,24223,771443,29,29,3,9,
31685,24424,771443,3,4,4,8,
31686,18688,771443,19,19,3,9,
31687,7418,771443,21,21,3,9,
31688,2219,771443,3,4,4,8,
31689,6877,771443,15,15,3,8,
31690,21889,771443,25,25,3,9,
31691,9277,771443,21,21,3,8,
31692,5456,771443,3,4,4,9,
31693,10436,771443,17,17,3,9,
31694,15796,771443,25,25,3,8,
31695,16038,771443,3,4,4,8,
31696,3229,771443,3,4,4,9,
31697,6684,771443,3,4,4,8,
31698,34239,771443,31,31,3,8,
31699,32405,771443,31,31,3,8,
31700,30570,771443,33,33,3,9,
31701,7429,771443,3,4,4,7,
31702,16421,771443,25,25,3,8,
31703,30240,771443,3,4,4,9,
31704,6310,771443,13,13,3,7,
31705,2454,771443,3,4,4,7,
31706,1210,771443,3,4,4,7,
31707,10817,771443,13,13,3,8,
31708,14693,771443,27,27,3,8,
31709,1527,771443,3,4,4,8,
31710,1300,771443,3,4,4,8,
31711,10020,771443,13,13,3,8,
31712,9368,771443,13,13,3,8,
31713,9258,771443,3,4,4,9,
31714,6422,771443,3,4,4,8,
31715,16955,771443,33,33,3,9,
31716,10161,771443,17,17,3,8,
31717,10464,771443,19,19,3,8,
31718,9928,771443,3,4,4,8,
31719,598,771443,3,4,4,8,
31720,35106,771443,23,23,3,8,
31721,36173,771443,3,4,4,7,
31722,1923,771443,3,4,4,7,
31723,21210,771443,17,17,3,8,
31724,29695,771443,29,29,3,8,
31725,25020,771443,19,19,3,7,
31726,29417,771443,21,21,3,8,
31727,18350,771443,3,4,4,8,
31728,27780,771443,3,4,4,8,
31729,28399,771443,25,25,3,8,
31730,28044,771443,15,15,3,8,
31731,5021,771443,3,4,4,7,
31732,3616,771443,3,4,4,8,
31733,20495,771443,31,32,3,7,
31734,12799,771443,19,19,3,8,
31735,4514,771443,3,4,4,8,
31736,25826,771443,31,31,3,6,
31737,2183,771443,3,4,4,7,
31738,5279,771443,3,4,4,8,
31739,11504,771443,3,4,4,9,
31740,2755,771443,3,4,4,9,
31741,14715,771443,15,15,3,7,
31742,28729,771443,31,31,3,7,
31743,2737,771443,3,4,4,8,
31744,17502,771443,23,23,3,8,
31745,24650,771443,27,27,3,7,
31746,24719,771443,21,21,3,7,
31747,20687,771443,19,19,3,7,
31748,1974,771443,3,4,4,9,
31749,3501,771443,3,4,4,9,
31750,4869,771443,3,4,4,9,
31751,3923,771443,3,4,4,9,
31752,13252,771443,29,29,3,7,
31753,13965,771443,17,17,3,7,
31754,2315,771443,3,4,4,8,
31755,7970,771443,3,4,4,7,
31756,3522,771443,3,4,4,7,
31757,13340,771443,21,21,3,7,
31758,16360,771443,21,21,3,7,
31759,32608,771443,27,27,3,7,
31760,13704,771443,21,21,3,8,
31761,15788,771443,3,4,4,7,
31762,22725,771443,27,27,3,7,
31763,8807,771443,13,13,3,8,
31764,4284,771443,3,4,4,8,
31765,11652,771443,17,17,3,8,
31766,18807,771443,3,4,4,8,
31767,12707,771443,3,4,4,9,
31768,3511,771443,3,4,4,9,
31769,23625,771443,27,27,3,9,
31770,34477,771443,29,29,3,9,
31771,11826,771443,15,15,3,8,
31772,16975,771443,23,23,3,8,
31773,20142,771443,17,17,3,8,
31774,4099,771443,3,4,4,9,
31775,2860,771443,3,4,4,9,
31776,19407,771443,23,23,3,9,
31777,18875,771443,3,4,4,8,
31778,3033,771443,3,4,4,8,
31779,2233,771443,3,4,4,9,
31780,27999,771443,33,33,3,7,
31781,17844,771443,25,25,3,8,
31782,26810,771443,29,29,3,8,
31783,5780,771443,3,4,4,9,
31784,27533,771443,31,31,3,9,
31785,15385,771443,25,25,3,8,
31786,12457,771443,21,21,3,8,
31787,14799,771443,3,4,4,9,
31788,7376,771443,13,13,3,8,
31789,7788,771443,3,4,4,9,
31790,11015,771443,3,4,4,9,
31791,9447,771443,3,4,4,9,
31792,1454,771443,3,4,4,8,
31793,9169,771443,17,17,3,9,
31794,14376,771443,25,25,3,9,
31795,3332,771443,13,13,3,8,
31796,1845,771443,3,4,4,9,
31797,19613,771443,31,31,3,9,
31798,17942,771443,27,27,3,7,
31799,7830,771443,13,13,3,7,
31800,19570,771443,29,29,3,8,
31801,1257,771443,3,4,4,8,
31802,13213,771443,27,27,3,7,
31803,14690,771443,3,4,4,8,
31804,4499,771443,13,13,3,8,
31805,26859,771443,33,33,3,9,
31806,25111,771443,3,4,4,9,
31807,11380,771443,29,29,3,8,
31808,10802,771443,3,4,4,9,
31809,5153,771443,15,15,3,9,
31810,3542,771443,3,4,4,8,
31811,12828,771443,27,27,3,8,
31812,8453,771443,17,17,3,9,
31813,19507,771443,27,27,3,8,
31814,1937,771443,3,4,4,8,
31815,14787,771443,23,23,3,8,
31816,8660,771443,25,25,3,8,
31817,1947,771443,3,4,4,8,
31818,11650,771443,19,19,3,8,
31819,14822,771443,17,17,3,8,
31820,10548,771443,3,4,4,8,
31821,11041,771443,21,21,3,9,
31822,22111,771443,29,29,3,8,
31823,6514,771443,13,13,3,9,
31824,1782,771443,3,4,4,9,
31825,26975,771443,31,31,3,8,
31826,2398,771443,3,4,4,9,
31827,9358,771443,23,23,3,8,
31828,8380,771443,25,25,3,8,
31829,10456,771443,13,13,3,9,
31830,15592,771443,33,33,3,8,
31831,2329,771443,3,4,4,8,
31832,10338,771443,3,4,4,9,
31833,1805,771443,3,4,4,8,
31834,14598,771443,3,4,4,9,
31835,17123,771443,19,19,3,9,
31836,17677,771443,33,33,3,9,
31837,12287,771443,25,25,3,8,
31838,17007,771443,31,31,3,9,
31839,18148,771443,31,31,3,9,
31840,17350,771443,3,4,4,9,
31841,2145,771443,3,4,4,8,
31842,4750,771443,3,4,4,8,
31843,7884,771443,13,13,3,9,
31844,8262,771443,3,4,4,9,
31845,15719,771443,29,29,3,9,
31846,2216,771444,3,4,4,8,
31847,10424,771444,19,19,3,9,
31848,19584,771444,31,31,3,9,
31849,26663,771444,15,15,3,8,
31850,15863,771444,31,31,3,8,
31851,8642,771444,19,19,3,9,
31852,2316,771444,3,4,4,8,
31853,2242,771444,3,4,4,8,
31854,1431,771444,3,4,4,8,
31855,2198,771444,3,4,4,8,
31856,13963,771444,29,29,3,8,
31857,11575,771444,23,23,3,9,
31858,13685,771444,3,4,4,8,
31859,10902,771444,3,4,4,9,
31860,4671,771444,3,4,4,9,
31861,5147,771444,13,13,3,9,
31862,1699,771444,3,4,4,9,
31863,8325,771444,15,15,3,9,
31864,11035,771444,17,17,3,9,
31865,1224,771444,3,4,4,8,
31866,9723,771444,19,19,3,9,
31867,17032,771444,23,23,3,8,
31868,1934,771444,3,4,4,9,
31869,21745,771444,33,33,3,8,
31870,8165,771444,19,19,3,8,
31871,9143,771444,15,15,3,8,
31872,34234,771444,25,25,3,8,
31873,14559,771444,31,31,3,8,
31874,8106,771444,15,15,3,8,
31875,5087,771444,3,4,4,8,
31876,1899,771444,3,4,4,8,
31877,15438,771444,13,13,3,9,
31878,1841,771444,3,4,4,8,
31879,1218,771444,3,4,4,8,
31880,15127,771444,25,25,3,8,
31881,21026,771444,33,33,3,8,
31882,10788,771444,21,21,3,9,
31883,20851,771444,3,4,4,8,
31884,6353,771444,15,15,3,9,
31885,13276,771444,19,19,3,8,
31886,10006,771444,3,4,4,9,
31887,9731,771444,15,15,3,9,
31888,15413,771444,29,29,3,9,
31889,16474,771444,21,21,3,8,
31890,13837,771444,29,29,3,8,
31891,1703,771444,3,4,4,9,
31892,11175,771444,17,17,3,8,
31893,11125,771444,3,4,4,8,
31894,8444,771444,23,23,3,8,
31895,7904,771444,15,15,3,8,
31896,8479,771444,23,23,3,8,
31897,8725,771444,3,4,4,9,
31898,1640,771444,3,4,4,8,
31899,2204,771444,3,4,4,7,
31900,5237,771444,15,15,3,8,
31901,2651,771444,3,4,4,8,
31902,2649,771444,3,4,4,6,
31903,5518,771444,3,4,4,8,
31904,1198,771444,3,4,4,8,
31905,2777,771444,3,4,4,7,
31906,2325,771444,3,4,4,8,
31907,4972,771444,13,13,3,8,
31908,5946,771444,3,4,4,7,
31909,1415,771444,3,4,4,7,
31910,7381,771444,19,19,3,8,
31911,10118,771444,25,25,3,9,
31912,1435,771444,3,4,4,8,
31913,9938,771444,3,4,4,8,
31914,6420,771444,3,4,4,8,
31915,2191,771444,3,4,4,8,
31916,1508,771444,3,4,4,9,
31917,18387,771444,29,29,3,8,
31918,2304,771444,3,4,4,9,
31919,2628,771444,3,4,4,7,
31920,20851,771444,33,33,3,8,
31921,12405,771444,15,15,3,9,
31922,17654,771444,25,25,3,9,
31923,22336,771444,29,29,3,8,
31924,11683,771444,25,25,3,9,
31925,23945,771444,31,31,3,8,
31926,19219,771444,33,33,3,8,
31927,21839,771444,33,33,3,9,
31928,9947,771444,13,13,3,9,
31929,12998,771444,3,4,4,8,
31930,5229,771444,3,4,4,9,
31931,5489,771444,3,4,4,9,
31932,8551,771444,19,19,3,8,
31933,13995,771444,27,27,3,8,
31934,14137,771444,3,4,4,9,
31935,2325,771444,3,4,4,9,
31936,1933,771444,3,4,4,8,
31937,14391,771444,27,27,3,8,
31938,1851,771444,3,4,4,7,
31939,11458,771444,21,21,3,9,
31940,2291,771444,3,4,4,8,
31941,6383,771444,15,15,3,8,
31942,1702,771444,3,4,4,8,
31943,9900,771444,3,4,4,8,
31944,11180,771444,3,4,4,7,
31945,13234,771444,25,25,3,8,
31946,9025,771444,25,25,3,8,
31947,13202,771444,3,4,4,9,
31948,5390,771444,3,4,4,8,
31949,14547,771444,31,31,3,9,
31950,12748,771444,25,25,3,9,
31951,2312,771444,3,4,4,9,
31952,6548,771444,17,17,3,8,
31953,14849,771444,33,33,3,8,
31954,13951,771444,31,31,3,9,
31955,6655,771444,3,4,4,8,
31956,15535,771444,3,4,4,8,
31957,13957,771444,3,4,4,7,
31958,8839,771444,17,17,3,9,
31959,9652,771444,3,4,4,9,
31960,1724,771444,3,4,4,9,
31961,5180,771444,13,13,3,8,
31962,6049,771444,3,4,4,8,
31963,1120,771444,3,4,4,9,
31964,954,771444,3,4,4,9,
31965,1839,771444,3,4,4,8,
31966,9834,771444,15,15,3,9,
31967,19082,771444,33,33,3,7,
31968,16977,771444,27,27,3,8,
31969,2590,771444,3,4,4,8,
31970,16395,771444,33,33,3,9,
31971,13937,771444,31,31,3,7,
31972,3259,771444,3,4,4,8,
31973,1574,771444,3,4,4,7,
31974,16487,771444,3,4,4,8,
31975,20167,771444,29,29,3,8,
31976,12170,771444,21,21,3,8,
31977,8430,771444,17,17,3,9,
31978,11494,771444,3,4,4,8,
31979,8613,771444,21,21,3,8,
31980,11830,771444,3,4,4,9,
31981,3408,771444,3,4,4,8,
31982,8969,771444,17,17,3,9,
31983,829,771444,3,4,4,8,
31984,14694,771444,29,29,3,8,
31985,6657,771444,17,17,3,8,
31986,1057,771444,3,4,4,8,
31987,2121,771444,3,4,4,8,
31988,14153,771444,3,4,4,8,
31989,6795,771444,15,15,3,8,
31990,2150,771444,3,4,4,9,
31991,14781,771444,19,19,3,8,
31992,6581,771444,15,15,3,8,
31993,6087,771444,3,4,4,9,
31994,7884,771444,13,13,3,9,
31995,2272,771444,3,4,4,9,
31996,7182,771444,3,4,4,8,
31997,15903,771444,33,33,3,9,
31998,9346,771444,3,4,4,8,
31999,14947,771444,23,23,3,8,
32000,12882,771444,17,17,3,8,
32001,16198,771444,27,27,3,9,
32002,12065,771444,17,17,3,8,
32003,2029,771444,3,4,4,8,
32004,6977,771444,15,15,3,8,
32005,2182,771444,3,4,4,9,
32006,2644,771444,3,4,4,9,
32007,11634,771444,19,19,3,8,
32008,15229,771444,29,29,3,8,
32009,11543,771444,31,31,3,8,
32010,14949,771444,3,4,4,9,
32011,4074,771444,3,4,4,8,
32012,4871,771444,3,4,4,8,
32013,8180,771444,17,17,3,8,
32014,9465,771444,3,4,4,8,
32015,1859,771444,3,4,4,8,
32016,2624,771444,3,4,4,8,
32017,8228,771444,19,19,3,8,
32018,9641,771444,3,4,4,7,
32019,6431,771444,15,15,3,7,
32020,12189,771444,27,27,3,9,
32021,7283,771444,3,4,4,8,
32022,6566,771444,15,15,3,9,
32023,2439,771444,3,4,4,8,
32024,9978,771444,19,19,3,8,
32025,3656,771444,3,4,4,8,
32026,10916,771444,15,15,3,7,
32027,3846,771444,3,4,4,8,
32028,12219,771444,17,17,3,7,
32029,4423,771444,3,4,4,9,
32030,5440,771444,3,4,4,7,
32031,37836,771444,33,33,3,7,
32032,3720,771444,3,4,4,8,
32033,4080,771444,3,4,4,8,
32034,38949,771444,31,31,3,9,
32035,34977,771444,19,19,3,7,
32036,1257,771444,3,4,4,7,
32037,37283,771444,3,4,4,8,
32038,32799,771444,23,23,3,8,
32039,1976,771444,3,4,4,9,
32040,3582,771444,3,4,4,8,
32041,1946,771444,3,4,4,9,
32042,2328,771444,3,4,4,9,
32043,1923,771444,3,4,4,8,
32044,29191,771444,15,15,3,8,
32045,28776,771444,3,4,4,7,
32046,22746,771444,3,4,4,8,
32047,27797,771444,3,4,4,7,
32048,23037,771444,27,27,3,8,
32049,11968,771444,3,4,4,8,
32050,5746,771444,13,13,3,7,
32051,1666,771444,3,4,4,7,
32052,1397,771444,3,4,4,8,
32053,8438,771444,23,23,3,7,
32054,8014,771444,13,13,3,8,
32055,5222,771444,13,13,3,8,
32056,5814,771444,3,4,4,8,
32057,8245,771444,3,4,4,7,
32058,5408,771444,15,15,3,8,
32059,5327,771444,3,4,4,7,
32060,4110,771444,3,4,4,9,
32061,15411,771444,29,29,3,8,
32062,6649,771444,13,13,3,9,
32063,14919,771444,3,4,4,7,
32064,17021,771444,29,29,3,8,
32065,1004,771444,3,4,4,7,
32066,9730,771444,25,25,3,7,
32067,8375,771444,17,17,3,8,
32068,1381,771444,3,4,4,9,
32069,1465,771444,3,4,4,8,
32070,8419,771444,3,4,4,8,
32071,9743,771444,3,4,4,9,
32072,9813,771444,27,27,3,9,
32073,10322,771444,25,25,3,9,
32074,12080,771444,3,4,4,9,
32075,14258,771444,33,33,3,9,
32076,26163,771444,29,29,3,8,
32077,12624,771444,33,33,3,8,
32078,12738,771444,3,4,4,9,
32079,2164,771444,3,4,4,9,
32080,7888,771444,19,19,3,9,
32081,7376,771444,21,21,3,8,
32082,24315,771444,33,33,3,9,
32083,7599,771444,3,4,4,9,
32084,1723,771444,3,4,4,9,
32085,1366,771444,3,4,4,8,
32086,9800,771444,23,23,3,8,
32087,7911,771444,15,15,3,9,
32088,18103,771444,3,4,4,8,
32089,6724,771444,13,13,3,9,
32090,17813,771444,31,31,3,8,
32091,2062,771444,3,4,4,9,
32092,13698,771444,3,4,4,9,
32093,18224,771444,33,33,3,9,
32094,31751,771444,25,25,3,8,
32095,1953,771444,3,4,4,9,
32096,7079,771444,19,19,3,8,
32097,1470,771444,3,4,4,9,
32098,16669,771444,27,27,3,9,
32099,11124,771444,25,25,3,8,
32100,4660,771444,3,4,4,8,
32101,1822,771444,3,4,4,8,
32102,15252,771444,29,29,3,9,
32103,1848,771444,3,4,4,8,
32104,15274,771444,3,4,4,8,
32105,2185,771444,3,4,4,8,
32106,2162,771444,3,4,4,8,
32107,13369,771444,31,31,3,8,
32108,2471,771444,3,4,4,8,
32109,4935,771444,3,4,4,8,
32110,9399,771444,19,19,3,9,
32111,15123,771444,3,4,4,8,
32112,1665,771444,3,4,4,9,
32113,18312,771444,33,33,3,9,
32114,11061,771444,23,23,3,8,
32115,1612,771444,3,4,4,9,
32116,1487,771444,3,4,4,9,
32117,1525,771444,3,4,4,9,
32118,14411,771444,21,21,3,9,
32119,14359,771444,3,4,4,8,
32120,12054,771444,23,23,3,8,
32121,1898,771444,3,4,4,8,
32122,10504,771444,3,4,4,8,
32123,5976,771444,15,15,3,8,
32124,6647,771444,3,4,4,9,
32125,11519,771444,21,21,3,8,
32126,1931,771444,3,4,4,9,
32127,16375,771444,31,31,3,8,
32128,8891,771444,15,15,3,8,
32129,2213,771444,3,4,4,8,
32130,1967,771444,3,4,4,9,
32131,6480,771444,3,4,4,8,
32132,2260,771444,3,4,4,8,
32133,8870,771444,17,17,3,8,
32134,16453,771444,33,33,3,8,
32135,9423,771444,3,4,4,8,
32136,2275,771444,3,4,4,9,
32137,11983,771444,21,21,3,9,
32138,1703,771444,3,4,4,9,
32139,19448,771444,33,33,3,8,
32140,21511,771444,27,27,3,8,
32141,1376,771444,3,4,4,8,
32142,6945,771444,3,4,4,9,
32143,9089,771444,15,15,3,9,
32144,10357,771444,21,21,3,9,
32145,10622,771444,15,15,3,9,
32146,10347,771444,3,4,4,8,
32147,13072,771444,19,19,3,8,
32148,6632,771444,17,17,3,9,
32149,6992,771444,23,23,3,8,
32150,17375,771444,31,31,3,9,
32151,4897,771444,3,4,4,8,
32152,26495,771444,27,27,3,9,
32153,5805,771444,3,4,4,9,
32154,1923,771444,3,4,4,8,
32155,10071,771444,19,19,3,8,
32156,1327,771444,3,4,4,9,
32157,10679,771444,3,4,4,8,
32158,1235,771444,3,4,4,9,
32159,2433,771444,3,4,4,7,
32160,13682,771444,31,31,3,9,
32161,14346,771444,25,25,3,8,
32162,16945,771444,25,25,3,9,
32163,12245,771444,23,23,3,8,
32164,13061,771444,29,29,3,8,
32165,12807,771444,3,4,4,8,
32166,11087,771444,25,25,3,8,
32167,11049,771444,3,4,4,8,
32168,12027,771444,3,4,4,8,
32169,2895,771444,3,4,4,9,
32170,4256,771444,3,4,4,8,
32171,1251,771444,3,4,4,8,
32172,12732,771444,23,23,3,8,
32173,13735,771444,33,33,3,8,
32174,13687,771444,3,4,4,9,
32175,12372,771444,31,31,3,8,
32176,16308,771444,31,31,3,8,
32177,16267,771444,3,4,4,8,
32178,2017,771444,3,4,4,9,
32179,1982,771444,3,4,4,8,
32180,13402,771444,25,25,3,9,
32181,9798,771444,19,19,3,8,
32182,1651,771444,3,4,4,9,
32183,1999,771444,3,4,4,9,
32184,12059,771444,21,21,3,8,
32185,12128,771444,3,4,4,9,
32186,2111,771444,3,4,4,9,
32187,19536,771444,27,27,3,8,
32188,14755,771444,33,33,3,9,
32189,9118,771444,19,19,3,9,
32190,14356,771444,3,4,4,9,
32191,3994,771444,3,4,4,9,
32192,3527,771444,3,4,4,8,
32193,15451,771444,23,23,3,9,
32194,7414,771444,13,13,3,9,
32195,2790,771444,3,4,4,7,
32196,1579,771444,3,4,4,8,
32197,1509,771444,3,4,4,8,
32198,2111,771444,3,4,4,8,
32199,2396,771444,3,4,4,8,
32200,15267,771444,21,21,3,7,
32201,17321,771444,21,21,3,8,
32202,22115,771444,31,31,3,9,
32203,13864,771444,23,23,3,7,
32204,18121,771444,31,31,3,9,
32205,7385,771444,3,4,4,9,
32206,18629,771444,33,33,3,8,
32207,19220,771444,3,4,4,9,
32208,14835,771444,29,29,3,8,
32209,1719,771444,3,4,4,9,
32210,1622,771444,3,4,4,9,
32211,2305,771444,3,4,4,8,
32212,9929,771444,19,19,3,8,
32213,14766,771444,33,33,3,8,
32214,7228,771444,3,4,4,8,
32215,10529,771444,3,4,4,9,
32216,2933,771444,3,4,4,9,
32217,1297,771444,3,4,4,9,
32218,2197,771444,3,4,4,8,
32219,19666,771444,27,27,3,8,
32220,2603,771444,3,4,4,9,
32221,17585,771444,31,31,3,8,
32222,20134,771444,31,31,3,8,
32223,23971,771444,19,19,3,8,
32224,22519,771444,31,31,3,8,
32225,13370,771444,17,17,3,9,
32226,14290,771444,33,33,3,8,
32227,10130,771444,25,25,3,9,
32228,17748,771444,33,33,3,8,
32229,14385,771444,25,25,3,8,
32230,9005,771444,3,4,4,9,
32231,17157,771444,33,33,3,9,
32232,2491,771444,3,4,4,9,
32233,14438,771444,31,31,3,8,
32234,7286,771444,3,4,4,9,
32235,13442,771444,3,4,4,9,
32236,15721,771444,31,31,3,9,
32237,9337,771444,23,23,3,8,
32238,11769,771444,3,4,4,8,
32239,15009,771444,3,4,4,9,
32240,9024,771444,3,4,4,8,
32241,1484,771444,3,4,4,9,
32242,16631,771444,25,25,3,9,
32243,12261,771444,19,19,3,9,
32244,20774,771444,27,27,3,8,
32245,13227,771444,21,21,3,8,
32246,23585,771444,31,31,3,7,
32247,7976,771444,13,13,3,9,
32248,28886,771444,33,33,3,8,
32249,19319,771444,33,33,3,8,
32250,1872,771444,3,4,4,9,
32251,18644,771444,33,33,3,8,
32252,14273,771444,33,33,3,8,
32253,3090,771444,3,4,4,9,
32254,12325,771444,3,4,4,8,
32255,8962,771444,21,21,3,9,
32256,10277,771444,19,19,3,8,
32257,18041,771444,3,4,4,8,
32258,2406,771444,3,4,4,8,
32259,10323,771444,19,19,3,8,
32260,3173,771444,3,4,4,7,
32261,14451,771444,29,29,3,8,
32262,10698,771444,3,4,4,8,
32263,2108,771444,3,4,4,8,
32264,2062,771444,3,4,4,9,
32265,13139,771444,21,21,3,8,
32266,1223,771444,3,4,4,8,
32267,11783,771444,21,21,3,8,
32268,16514,771444,27,27,3,9,
32269,16917,771444,33,33,3,8,
32270,16594,771444,3,4,4,9,
32271,2703,771444,3,4,4,8,
32272,2083,771444,3,4,4,9,
32273,2510,771444,3,4,4,8,
32274,13535,771444,25,25,3,9,
32275,2847,771444,3,4,4,8,
32276,13735,771444,31,31,3,9,
32277,21035,771444,33,33,3,8,
32278,2179,771444,3,4,4,8,
32279,7452,771444,3,4,4,8,
32280,21066,771444,3,4,4,8,
32281,1429,771444,3,4,4,8,
32282,9232,771444,15,15,3,8,
32283,9164,771444,25,25,3,9,
32284,10246,771444,13,13,3,9,
32285,12034,771444,19,19,3,8,
32286,9065,771444,19,19,3,8,
32287,9001,771444,3,4,4,8,
32288,7158,771444,17,17,3,9,
32289,7308,771444,15,15,3,8,
32290,8908,771444,21,21,3,9,
32291,9922,771444,3,4,4,9,
32292,3436,771444,3,4,4,8,
32293,14616,771444,29,30,3,9,
32294,13952,771444,25,25,3,7,
32295,14122,771444,3,4,4,9,
32296,4617,771444,13,13,3,8,
32297,13615,771444,3,4,4,8,
32298,5193,771444,3,4,4,9,
32299,2758,771444,3,4,4,9,
32300,9560,771444,19,19,3,8,
32301,3096,771444,3,4,4,8,
32302,13276,771444,25,25,3,8,
32303,2351,771444,3,4,4,8,
32304,2051,771444,3,4,4,8,
32305,10916,771444,23,23,3,8,
32306,13689,771444,27,27,3,8,
32307,14112,771444,3,4,4,8,
32308,8556,771444,17,17,3,9,
32309,10888,771444,17,17,3,7,
32310,16886,771444,29,29,3,8,
32311,13216,771444,25,25,3,8,
32312,17305,771444,3,4,4,9,
32313,5580,771444,13,13,3,9,
32314,6658,771444,13,13,3,7,
32315,9983,771444,25,25,3,8,
32316,7577,771444,3,4,4,9,
32317,7470,771444,15,15,3,8,
32318,2817,771444,3,4,4,9,
32319,2015,771444,3,4,4,9,
32320,3165,771444,3,4,4,8,
32321,15914,771444,31,31,3,8,
32322,13855,771444,21,21,3,9,
32323,16721,771444,31,31,3,9,
32324,2389,771444,3,4,4,8,
32325,10666,771444,19,19,3,9,
32326,1756,771444,3,4,4,8,
32327,11756,771444,3,4,4,8,
32328,10310,771444,3,4,4,8,
32329,2528,771444,3,4,4,8,
32330,32019,771444,31,31,3,8,
32331,1584,771444,3,4,4,9,
32332,30904,771444,29,29,3,8,
32333,32029,771444,3,4,4,9,
32334,25474,771444,19,19,3,9,
32335,1435,771444,3,4,4,9,
32336,2364,771444,3,4,4,8,
32337,22944,771444,15,15,3,8,
32338,26466,771444,23,23,3,8,
32339,22792,771444,13,13,3,8,
32340,31195,771444,25,25,3,9,
32341,21040,771444,17,17,3,8,
32342,30428,771444,3,4,4,9,
32343,2872,771444,3,4,4,8,
32344,2847,771444,3,4,4,8,
32345,15306,771444,29,29,3,8,
32346,2468,771444,3,4,4,7,
32347,9910,771444,23,23,3,8,
32348,11085,771444,23,23,3,8,
32349,18121,771444,33,33,3,8,
32350,1991,771444,3,4,4,8,
32351,18035,771444,3,4,4,8,
32352,1497,771444,3,4,4,8,
32353,14863,771444,29,29,3,8,
32354,2267,771444,3,4,4,9,
32355,20093,771444,31,31,3,9,
32356,19678,771444,3,4,4,9,
32357,10633,771444,19,19,3,9,
32358,14943,771444,27,27,3,8,
32359,1941,771444,3,4,4,9,
32360,1678,771444,3,4,4,9,
32361,2214,771444,3,4,4,8,
32362,2010,771444,3,4,4,9,
32363,3893,771444,3,4,4,8,
32364,15034,771444,33,33,3,9,
32365,9371,771444,19,19,3,8,
32366,1825,771444,3,4,4,8,
32367,11120,771444,25,25,3,8,
32368,1756,771444,3,4,4,8,
32369,6502,771444,3,4,4,8,
32370,14949,771444,27,27,3,7,
32371,16128,771444,3,4,4,8,
32372,9510,771444,3,4,4,9,
32373,2636,771444,3,4,4,8,
32374,13251,771444,21,21,3,8,
32375,7990,771444,15,15,3,9,
32376,10984,771444,17,17,3,8,
32377,9194,771444,17,17,3,8,
32378,10577,771444,3,4,4,8,
32379,11920,771444,21,21,3,8,
32380,10795,771444,21,21,3,9,
32381,11254,771444,3,4,4,8,
32382,10088,771444,19,19,3,8,
32383,7695,771444,13,13,3,8,
32384,8284,771444,17,17,3,8,
32385,8134,771444,3,4,4,8,
32386,12386,771444,19,19,3,9,
32387,8632,771444,21,21,3,8,
32388,12210,771444,23,23,3,8,
32389,10620,771444,19,19,3,8,
32390,3305,771444,3,4,4,8,
32391,15604,771444,25,25,3,9,
32392,4482,771444,3,4,4,8,
32393,2345,771444,3,4,4,8,
32394,8675,771444,15,15,3,9,
32395,8992,771444,3,4,4,8,
32396,2031,771444,3,4,4,9,
32397,14145,771444,27,27,3,8,
32398,2207,771444,3,4,4,8,
32399,14212,771444,3,4,4,8,
32400,2505,771444,3,4,4,8,
32401,12146,771444,25,25,3,8,
32402,1622,771444,3,4,4,8,
32403,7287,771444,17,17,3,8,
32404,1226,771444,3,4,4,8,
32405,7384,771444,3,4,4,8,
32406,1639,771444,3,4,4,9,
32407,9392,771444,19,19,3,8,
32408,7386,771444,19,19,3,9,
32409,9793,771444,3,4,4,8,
32410,18262,771444,23,23,3,8,
32411,1716,771444,3,4,4,9,
32412,4517,771444,3,4,4,9,
32413,13206,771444,31,31,3,9,
32414,11671,771444,23,23,3,9,
32415,16831,771444,21,21,3,8,
32416,15843,771444,29,29,3,9,
32417,2014,771444,3,4,4,7,
32418,16904,771444,3,4,4,8,
32419,2003,771444,3,4,4,9,
32420,838,771444,3,4,4,7,
32421,17198,771444,29,29,3,8,
32422,23243,771444,33,33,3,8,
32423,4043,771444,13,13,3,8,
32424,23261,771444,3,4,4,7,
32425,13014,771444,3,4,4,9,
32426,15201,771444,31,31,3,8,
32427,15478,771444,31,31,3,8,
32428,6333,771444,3,4,4,8,
32429,13722,771444,25,25,3,8,
32430,10978,771444,17,17,3,9,
32431,13089,771444,3,4,4,8,
32432,12392,771444,29,29,3,8,
32433,1666,771444,3,4,4,9,
32434,995,771444,3,4,4,9,
32435,949,771444,3,4,4,8,
32436,1827,771444,3,4,4,9,
32437,2329,771444,3,4,4,8,
32438,20317,771444,25,25,3,8,
32439,17278,771444,29,29,3,8,
32440,1035,771444,3,4,4,7,
32441,11921,771444,21,21,3,8,
32442,20439,771444,3,4,4,8,
32443,9325,771444,23,23,3,8,
32444,3188,771444,3,4,4,8,
32445,7154,771444,21,21,3,9,
32446,10249,771444,15,15,3,8,
32447,10160,771444,19,19,3,8,
32448,12169,771444,3,4,4,8,
32449,11026,771444,3,4,4,9,
32450,980,771444,3,4,4,8,
32451,2063,771444,3,4,4,8,
32452,2053,771444,3,4,4,9,
32453,8404,771444,13,13,3,8,
32454,1571,771444,3,4,4,8,
32455,17418,771444,31,31,3,8,
32456,17791,771444,33,33,3,7,
32457,2877,771444,3,4,4,8,
32458,17509,771444,3,4,4,7,
32459,3010,771444,3,4,4,8,
32460,12979,771444,21,21,3,8,
32461,16172,771444,3,4,4,7,
32462,12625,771444,21,21,3,7,
32463,8669,771444,17,17,3,8,
32464,8534,771444,19,19,3,8,
32465,8406,771444,3,4,4,8,
32466,9646,771444,3,4,4,9,
32467,1108,771444,3,4,4,7,
32468,3281,771444,3,4,4,8,
32469,860,771444,3,4,4,7,
32470,12254,771444,23,23,3,8,
32471,2040,771444,3,4,4,8,
32472,8837,771444,15,15,3,7,
32473,2741,771444,3,4,4,6,
32474,1722,771444,3,4,4,6,
32475,3087,771444,3,4,4,8,
32476,15407,771444,27,27,3,5,
32477,1813,771444,3,4,4,6,
32478,13851,771444,25,25,3,6,
32479,13620,771444,19,19,3,7,
32480,8090,771444,13,13,3,7,
32481,16862,771444,3,4,4,7,
32482,14656,771444,3,4,4,8,
32483,14912,771444,29,29,3,8,
32484,13157,771444,3,4,4,8,
32485,2783,771444,3,4,4,8,
32486,1971,771444,3,4,4,8,
32487,9038,771444,3,4,4,8,
32488,13847,771444,23,23,3,9,
32489,13927,771444,3,4,4,9,
32490,15149,771444,25,25,3,8,
32491,23626,771444,25,25,3,8,
32492,8848,771444,17,17,3,8,
32493,24363,771444,3,4,4,8,
32494,14095,771444,3,4,4,8,
32495,7138,771444,3,4,4,8,
32496,23029,771444,29,29,3,9,
32497,12045,771444,21,21,3,9,
32498,19908,771444,25,25,3,8,
32499,5450,771444,13,13,3,8,
32500,20225,771444,31,31,3,8,
32501,10054,771444,13,13,3,9,
32502,15736,771444,3,4,4,8,
32503,1213,771444,3,4,4,8,
32504,2582,771444,3,4,4,9,
32505,11701,771444,21,21,3,8,
32506,15794,771444,23,23,3,9,
32507,14775,771444,3,4,4,9,
32508,8210,771444,3,4,4,8,
32509,11632,771444,15,15,3,9,
32510,13068,771444,3,4,4,8,
32511,11335,771444,19,19,3,8,
32512,10002,771444,3,4,4,7,
32513,18095,771444,27,27,3,8,
32514,23267,771444,33,33,3,8,
32515,17826,771444,25,25,3,9,
32516,18601,771444,3,4,4,8,
32517,1904,771444,3,4,4,9,
32518,1318,771444,3,4,4,9,
32519,4185,771444,3,4,4,9,
32520,1459,771444,3,4,4,8,
32521,1932,771444,3,4,4,8,
32522,8163,771444,13,13,3,8,
32523,24557,771444,33,33,3,8,
32524,2011,771444,3,4,4,8,
32525,8191,771444,3,4,4,8,
32526,10199,771444,25,25,3,8,
32527,6861,771444,13,13,3,9,
32528,16796,771444,25,25,3,8,
32529,9478,771444,21,21,3,9,
32530,12556,771444,3,4,4,8,
32531,9985,771444,3,4,4,8,
32532,6724,771444,3,4,4,9,
32533,8206,771444,13,13,3,8,
32534,13512,771444,3,4,4,8,
32535,15588,771444,23,23,3,9,
32536,2426,771444,3,4,4,8,
32537,27662,771444,33,33,3,9,
32538,38798,771444,29,29,3,7,
32539,10276,771444,13,13,3,9,
32540,9380,771444,3,4,4,7,
32541,9308,771444,23,23,3,7,
32542,1272,771444,3,4,4,8,
32543,13786,771444,17,17,3,8,
32544,14951,771444,3,4,4,9,
32545,21651,771444,27,27,3,9,
32546,13968,771444,19,19,3,9,
32547,21044,771444,17,17,3,9,
32548,30636,771444,33,33,3,7,
32549,45674,771444,29,29,3,8,
32550,25396,771444,29,29,3,9,
32551,13550,771444,13,13,3,9,
32552,17426,771444,25,25,3,8,
32553,7162,771444,17,17,3,8,
32554,23512,771444,23,23,3,9,
32555,36371,771444,33,33,3,8,
32556,11749,771444,13,13,3,9,
32557,6475,771444,3,4,4,8,
32558,14874,771444,21,21,3,9,
32559,1786,771444,3,4,4,7,
32560,9494,771444,19,19,3,7,
32561,3755,771444,3,4,4,8,
32562,20830,771444,23,23,3,9,
32563,3245,771444,3,4,4,9,
32564,25058,771444,3,4,4,8,
32565,20551,771444,29,29,3,8,
32566,26482,771444,29,29,3,8,
32567,28299,771444,23,23,3,9,
32568,19722,771444,23,23,3,8,
32569,28572,771444,31,31,3,9,
32570,15707,771444,15,15,3,8,
32571,2264,771444,3,4,4,9,
32572,1777,771444,3,4,4,8,
32573,21039,771444,29,29,3,9,
32574,20128,771444,3,4,4,8,
32575,5177,771444,3,4,4,8,
32576,1162,771444,3,4,4,8,
32577,2239,771444,3,4,4,8,
32578,23697,771444,25,25,3,8,
32579,10208,771444,3,4,4,8,
32580,17031,771444,25,25,3,8,
32581,20386,771444,27,27,3,8,
32582,7684,771444,13,13,3,8,
32583,8641,771444,13,13,3,9,
32584,6510,771444,3,4,4,9,
32585,14036,771444,27,27,3,8,
32586,14443,771444,27,27,3,8,
32587,15027,771444,3,4,4,9,
32588,13558,771444,25,25,3,8,
32589,14565,771444,3,4,4,9,
32590,5658,771444,13,13,3,9,
32591,6055,771444,3,4,4,8,
32592,15098,771444,29,29,3,9,
32593,17008,771444,33,33,3,8,
32594,2962,771444,3,4,4,8,
32595,9960,771444,13,13,3,9,
32596,1896,771444,3,4,4,8,
32597,2759,771444,3,4,4,7,
32598,9376,771444,3,4,4,8,
32599,16838,771444,31,31,3,8,
32600,10394,771444,19,19,3,9,
32601,2586,771444,3,4,4,8,
32602,12398,771444,29,29,3,8,
32603,15290,771444,3,4,4,8,
32604,9732,771444,23,23,3,9,
32605,9960,771444,3,4,4,8,
32606,6340,771444,3,4,4,8,
32607,1114,771444,3,4,4,9,
32608,1511,771444,3,4,4,8,
32609,13552,771444,31,31,3,9,
32610,4509,771444,3,4,4,8,
32611,13479,771444,3,4,4,9,
32612,6707,771444,17,17,3,8,
32613,14848,771444,27,27,3,8,
32614,7013,771444,3,4,4,8,
32615,11960,771444,21,21,3,8,
32616,8264,771444,19,19,3,9,
32617,17818,771444,13,13,3,9,
32618,10578,771444,23,23,3,8,
32619,11099,771444,3,4,4,9,
32620,32745,771444,25,25,3,8,
32621,30723,771444,27,27,3,9,
32622,6649,771444,3,4,4,9,
32623,34009,771444,27,27,3,8,
32624,41234,771444,3,4,4,8,
32625,36319,771444,21,21,3,9,
32626,37333,771444,29,29,3,8,
32627,1735,771444,3,4,4,8,
32628,31439,771444,17,17,3,9,
32629,38817,771444,33,33,3,8,
32630,38199,771444,31,31,3,9,
32631,30602,771444,3,4,4,9,
32632,10639,771444,13,13,3,8,
32633,11669,771444,3,4,4,8,
32634,23026,771444,23,23,3,9,
32635,23006,771444,29,29,3,9,
32636,2571,771444,3,4,4,9,
32637,12395,771444,25,25,3,9,
32638,5401,771444,13,13,3,8,
32639,18700,771444,3,4,4,9,
32640,6844,771444,13,13,3,8,
32641,16093,771444,31,31,3,8,
32642,3765,771444,3,4,4,8,
32643,10682,771444,19,19,3,9,
32644,2629,771444,3,4,4,9,
32645,13371,771444,23,23,3,9,
32646,20848,771444,31,31,3,8,
32647,4756,771444,3,4,4,9,
32648,7370,771444,19,19,3,9,
32649,13500,771444,23,23,3,8,
32650,12203,771444,23,23,3,8,
32651,5075,771444,3,4,4,8,
32652,12766,771444,3,4,4,9,
32653,2984,771444,3,4,4,9,
32654,24465,771444,33,33,3,8,
32655,2952,771444,3,4,4,8,
32656,19422,771444,27,27,3,9,
32657,1769,771444,3,4,4,8,
32658,1708,771444,3,4,4,8,
32659,1390,771444,3,4,4,8,
32660,1198,771444,3,4,4,8,
32661,1363,771444,3,4,4,8,
32662,1713,771444,3,4,4,8,
32663,1276,771444,3,4,4,9,
32664,18365,771444,29,29,3,8,
32665,1249,771444,3,4,4,8,
32666,11098,771444,17,17,3,8,
32667,8136,771444,21,21,3,8,
32668,14933,771444,21,21,3,7,
32669,769,771444,3,4,4,8,
32670,13718,771444,27,27,3,9,
32671,14001,771444,3,4,4,9,
32672,1453,771444,3,4,4,9,
32673,1582,771444,3,4,4,9,
32674,1779,771444,3,4,4,9,
32675,2383,771444,3,4,4,9,
32676,1840,771444,3,4,4,9,
32677,11230,771444,27,27,3,8,
32678,8979,771444,17,17,3,8,
32679,8545,771444,3,4,4,8,
32680,5777,771444,3,4,4,8,
32681,3935,771444,3,4,4,8,
32682,13068,771444,23,23,3,8,
32683,2890,771444,3,4,4,8,
32684,13366,771444,3,4,4,8,
32685,7104,771444,13,13,3,8,
32686,724,771444,3,4,4,8,
32687,1836,771444,3,4,4,7,
32688,1456,771444,3,4,4,7,
32689,1809,771444,3,4,4,7,
32690,2286,771444,3,4,4,8,
32691,12412,771444,21,21,3,8,
32692,7126,771444,15,15,3,8,
32693,4922,771444,3,4,4,7,
32694,12914,771444,21,21,3,7,
32695,7099,771444,15,15,3,8,
32696,7809,771444,3,4,4,9,
32697,15488,771444,25,25,3,9,
32698,8139,771444,17,17,3,9,
32699,8555,771444,3,4,4,9,
32700,8265,771444,17,17,3,9,
32701,4282,771444,3,4,4,9,
32702,12153,771444,25,25,3,8,
32703,13535,771444,29,29,3,9,
32704,20873,771444,27,27,3,9,
32705,1467,771444,3,4,4,8,
32706,10699,771444,23,23,3,8,
32707,6101,771444,13,13,3,8,
32708,17736,771444,31,31,3,8,
32709,10361,771444,3,4,4,9,
32710,5757,771444,3,4,4,9,
32711,9765,771444,23,23,3,9,
32712,14641,771444,3,4,4,8,
32713,1531,771444,3,4,4,9,
32714,2226,771444,3,4,4,8,
32715,6135,771444,3,4,4,9,
32716,2867,771444,3,4,4,9,
32717,9843,771444,3,4,4,8,
32718,18290,771444,31,32,3,8,
32719,2256,771444,3,4,4,9,
32720,2188,771444,3,4,4,9,
32721,5483,771444,13,13,3,8,
32722,9233,771444,15,15,3,7,
32723,1502,771444,3,4,4,9,
32724,2261,771444,3,4,4,9,
32725,8501,771444,3,4,4,8,
32726,2306,771444,3,4,4,9,
32727,2342,771444,3,4,4,8,
32728,3265,771444,3,4,4,8,
32729,11667,771444,19,19,3,9,
32730,2178,771444,3,4,4,7,
32731,2214,771444,3,4,4,7,
32732,2309,771444,3,4,4,8,
32733,2667,771444,3,4,4,8,
32734,2542,771444,3,4,4,8,
32735,13969,771444,23,23,3,8,
32736,3377,771444,3,4,4,8,
32737,13936,771444,21,21,3,8,
32738,14253,771444,3,4,4,8,
32739,13716,771444,25,25,3,8,
32740,18000,771444,29,29,3,8,
32741,2594,771444,3,4,4,8,
32742,13840,771444,3,4,4,9,
32743,2003,771444,3,4,4,9,
32744,24402,771444,25,25,3,9,
32745,13037,771444,29,29,3,9,
32746,12746,771444,19,19,3,9,
32747,18910,771444,31,31,3,9,
32748,2568,771444,3,4,4,9,
32749,6571,771444,3,4,4,8,
32750,2226,771444,3,4,4,8,
32751,10040,771444,17,17,3,9,
32752,1921,771444,3,4,4,9,
32753,15030,771444,27,27,3,8,
32754,10265,771444,17,17,3,8,
32755,10504,771444,21,21,3,8,
32756,15483,771444,23,23,3,9,
32757,2645,771444,3,4,4,9,
32758,13312,771444,23,23,3,9,
32759,2005,771444,3,4,4,9,
32760,1555,771444,3,4,4,9,
32761,7893,771444,15,15,3,9,
32762,17642,771444,19,19,3,8,
32763,7705,771444,3,4,4,9,
32764,7444,771444,3,4,4,8,
32765,8037,771444,15,15,3,9,
32766,5835,771444,15,15,3,8,
32767,7890,771444,3,4,4,9,
32768,7975,771445,19,19,3,8,
32769,7941,771445,17,17,3,9,
32770,8079,771445,3,4,4,9,
32771,1830,771445,3,4,4,9,
32772,11914,771445,29,29,3,8,
32773,2664,771445,3,4,4,8,
32774,12433,771445,3,4,4,8,
32775,3047,771445,3,4,4,9,
32776,12598,771445,21,21,3,9,
32777,15094,771445,31,31,3,9,
32778,12108,771445,3,4,4,9,
32779,13937,771445,3,4,4,8,
32780,3539,771445,3,4,4,8,
32781,9206,771445,21,21,3,8,
32782,8368,771445,3,4,4,8,
32783,11060,771445,23,23,3,8,
32784,11871,771445,23,23,3,7,
32785,11948,771445,23,23,3,8,
32786,11742,771445,3,4,4,7,
32787,4403,771445,3,4,4,7,
32788,25559,771445,27,27,3,8,
32789,4095,771445,3,4,4,7,
32790,24053,771445,15,15,3,9,
32791,890,771445,3,4,4,7,
32792,2514,771445,3,4,4,6,
32793,4381,771445,3,4,4,8,
32794,25996,771445,19,19,3,7,
32795,26167,771445,3,4,4,7,
32796,24837,771445,33,33,3,8,
32797,22201,771445,25,26,3,8,
32798,2023,771445,3,4,4,8,
32799,6828,771445,13,13,3,7,
32800,17777,771445,29,29,3,8,
32801,26727,771445,19,19,3,8,
32802,16455,771445,29,29,3,8,
32803,21023,771445,3,4,4,8,
32804,20370,771445,15,15,3,8,
32805,21134,771445,3,4,4,8,
32806,20285,771445,15,15,3,8,
32807,7065,771445,13,13,3,8,
32808,24172,771445,27,27,3,9,
32809,15119,771445,21,21,3,8,
32810,20596,771445,23,23,3,8,
32811,23046,771445,27,27,3,8,
32812,14066,771445,23,23,3,8,
32813,6133,771445,13,13,3,8,
32814,7459,771445,3,4,4,8,
32815,8863,771445,15,15,3,8,
32816,12452,771445,25,25,3,8,
32817,13352,771445,17,17,3,7,
32818,12956,771445,3,4,4,7,
32819,8584,771445,3,4,4,9,
32820,13612,771445,21,21,3,8,
32821,11728,771445,3,4,4,8,
32822,4287,771445,3,4,4,8,
32823,11799,771445,17,17,3,8,
32824,5687,771445,3,4,4,8,
32825,2693,771445,3,4,4,7,
32826,6323,771445,13,13,3,8,
32827,23186,771445,27,27,3,7,
32828,1155,771445,3,4,4,7,
32829,23310,771445,3,4,4,8,
32830,21606,771445,23,23,3,8,
32831,2667,771445,3,4,4,8,
32832,31118,771445,29,29,3,8,
32833,3626,771445,3,4,4,9,
32834,2576,771445,3,4,4,8,
32835,5320,771445,3,4,4,8,
32836,10560,771445,19,19,3,8,
32837,2740,771445,3,4,4,9,
32838,12133,771445,3,4,4,9,
32839,2223,771445,3,4,4,8,
32840,3533,771445,3,4,4,9,
32841,28381,771445,23,23,3,7,
32842,24802,771445,21,21,3,8,
32843,41797,771445,33,33,3,8,
32844,24298,771445,19,19,3,8,
32845,33178,771445,31,31,3,9,
32846,20533,771445,21,21,3,8,
32847,40268,771445,29,29,3,8,
32848,2321,771445,3,4,4,9,
32849,23035,771445,17,17,3,9,
32850,21924,771445,3,4,4,8,
32851,31095,771445,3,4,4,8,
32852,1553,771445,3,4,4,8,
32853,26714,771445,27,28,3,8,
32854,15965,771445,19,19,3,9,
32855,25126,771445,3,4,4,7,
32856,30159,771445,33,33,3,9,
32857,1248,771445,3,4,4,8,
32858,2117,771445,3,4,4,8,
32859,15931,771445,25,25,3,8,
32860,1346,771445,3,4,4,8,
32861,1618,771445,3,4,4,8,
32862,5856,771445,13,13,3,9,
32863,11484,771445,13,13,3,7,
32864,4715,771445,3,4,4,8,
32865,27811,771445,23,23,3,8,
32866,22493,771445,31,31,3,8,
32867,23351,771445,3,4,4,8,
32868,11271,771445,17,17,3,8,
32869,11182,771445,3,4,4,7,
32870,1808,771445,3,4,4,7,
32871,12300,771445,13,13,3,8,
32872,16105,771445,3,4,4,8,
32873,3234,771445,3,4,4,8,
32874,25937,771445,33,33,3,8,
32875,2018,771445,3,4,4,9,
32876,2103,771445,3,4,4,9,
32877,7384,771445,13,13,3,9,
32878,18055,771445,31,31,3,7,
32879,9932,771445,15,15,3,9,
32880,9343,771445,3,4,4,8,
32881,17023,771445,3,4,4,8,
32882,12654,771445,3,4,4,8,
32883,17451,771445,29,29,3,8,
32884,12802,771445,15,15,3,8,
32885,18201,771445,3,4,4,8,
32886,14226,771445,29,29,3,8,
32887,1706,771445,3,4,4,8,
32888,3054,771445,3,4,4,9,
32889,1760,771445,3,4,4,9,
32890,14823,771445,23,23,3,9,
32891,14357,771445,3,4,4,8,
32892,4037,771445,3,4,4,8,
32893,17277,771445,21,21,3,8,
32894,3168,771445,3,4,4,8,
32895,4339,771445,3,4,4,8,
32896,10565,771445,13,13,3,8,
32897,14113,771445,3,4,4,8,
32898,2710,771445,3,4,4,8,
32899,29253,771445,31,31,3,8,
32900,2670,771445,3,4,4,8,
32901,26961,771445,27,27,3,9,
32902,23748,771445,27,27,3,7,
32903,22282,771445,31,31,3,8,
32904,22612,771445,3,4,4,8,
32905,18788,771445,33,33,3,8,
32906,15672,771445,25,25,3,8,
32907,21275,771445,3,4,4,9,
32908,1525,771445,3,4,4,8,
32909,2687,771445,3,4,4,9,
32910,1824,771445,3,4,4,9,
32911,1674,771445,3,4,4,9,
32912,1155,771445,3,4,4,8,
32913,1765,771445,3,4,4,8,
32914,1761,771445,3,4,4,9,
32915,17743,771445,29,29,3,9,
32916,17388,771445,3,4,4,8,
32917,2819,771445,3,4,4,8,
32918,2442,771445,3,4,4,7,
32919,42311,771445,33,33,3,7,
32920,13700,771445,17,18,3,7,
32921,3607,771445,3,4,4,8,
32922,14813,771445,25,25,3,8,
32923,12704,771445,3,4,4,8,
32924,35849,771445,21,21,3,8,
32925,2649,771445,3,4,4,9,
32926,43213,771445,3,4,4,8,
32927,30586,771445,27,27,3,9,
32928,38010,771445,29,29,3,9,
32929,28379,771445,25,25,3,7,
32930,30484,771445,21,21,3,8,
32931,1318,771445,3,4,4,9,
32932,1452,771445,3,4,4,8,
32933,30749,771445,3,4,4,8,
32934,21692,771445,3,4,4,8,
32935,40105,771445,27,27,3,8,
32936,19689,771445,27,27,3,7,
32937,17568,771445,3,4,4,8,
32938,14009,771445,23,23,3,8,
32939,3705,771445,3,4,4,8,
32940,6216,771445,3,4,4,8,
32941,17174,771445,33,33,3,8,
32942,12910,771445,3,4,4,8,
32943,8824,771445,19,19,3,7,
32944,24254,771445,33,33,3,8,
32945,14952,771445,27,27,3,8,
32946,24309,771445,3,4,4,8,
32947,6274,771445,3,4,4,8,
32948,23019,771445,33,33,3,9,
32949,22917,771445,3,4,4,8,
32950,11186,771445,19,19,3,9,
32951,16785,771445,29,29,3,9,
32952,8981,771445,21,21,3,8,
32953,1982,771445,3,4,4,9,
32954,2200,771445,3,4,4,8,
32955,8343,771445,3,4,4,8,
32956,17420,771445,31,31,3,8,
32957,17290,771445,3,4,4,9,
32958,11360,771445,27,27,3,9,
32959,16223,771445,27,27,3,8,
32960,2472,771445,3,4,4,8,
32961,15085,771445,3,4,4,8,
32962,14798,771445,31,31,3,8,
32963,14391,771445,3,4,4,9,
32964,9761,771445,25,25,3,9,
32965,11309,771445,17,17,3,8,
32966,8145,771445,17,17,3,9,
32967,15771,771445,23,23,3,8,
32968,1655,771445,3,4,4,9,
32969,7881,771445,17,17,3,8,
32970,7972,771445,3,4,4,8,
32971,11079,771445,3,4,4,7,
32972,14029,771445,17,17,3,8,
32973,15420,771445,23,23,3,8,
32974,21589,771445,33,33,3,8,
32975,3108,771445,3,4,4,9,
32976,21612,771445,3,4,4,8,
32977,2441,771445,3,4,4,8,
32978,3047,771445,3,4,4,8,
32979,2929,771445,3,4,4,8,
32980,1995,771445,3,4,4,9,
32981,3191,771445,3,4,4,8,
32982,16363,771445,23,23,3,8,
32983,31535,771445,21,21,3,8,
32984,10952,771445,25,25,3,8,
32985,1720,771445,3,4,4,8,
32986,19969,771445,33,33,3,8,
32987,9178,771445,19,19,3,9,
32988,8197,771445,3,4,4,8,
32989,6912,771445,13,13,3,8,
32990,8860,771445,19,19,3,8,
32991,1459,771445,3,4,4,8,
32992,11051,771445,3,4,4,8,
32993,3198,771445,3,4,4,8,
32994,19643,771445,33,33,3,9,
32995,12216,771445,23,23,3,8,
32996,16537,771445,19,19,3,8,
32997,17862,771445,17,17,3,7,
32998,14347,771445,19,19,3,8,
32999,10813,771445,3,4,4,8,
33000,12294,771445,17,17,3,8,
33001,2538,771445,3,4,4,9,
33002,7977,771445,13,13,3,8,
33003,7857,771445,3,4,4,8,
33004,2002,771445,3,4,4,9,
33005,2152,771445,3,4,4,7,
33006,16926,771445,27,27,3,7,
33007,9711,771445,19,19,3,8,
33008,3463,771445,3,4,4,7,
33009,2335,771445,3,4,4,7,
33010,2623,771445,3,4,4,9,
33011,2788,771445,3,4,4,7,
33012,2202,771445,3,4,4,8,
33013,15451,771445,25,25,3,8,
33014,24596,771445,19,19,3,8,
33015,9117,771445,13,13,3,8,
33016,21496,771445,33,33,3,8,
33017,19104,771445,19,19,3,8,
33018,14454,771445,3,4,4,7,
33019,25073,771445,33,33,3,8,
33020,16067,771445,25,25,3,9,
33021,7949,771445,3,4,4,9,
33022,21039,771445,33,33,3,9,
33023,2099,771445,3,4,4,9,
33024,8211,771445,21,21,3,8,
33025,15011,771445,19,19,3,8,
33026,14520,771445,19,19,3,8,
33027,16525,771445,3,4,4,9,
33028,8117,771445,15,15,3,8,
33029,17569,771445,33,33,3,9,
33030,6084,771445,3,4,4,9,
33031,8094,771445,3,4,4,9,
33032,11457,771445,19,19,3,9,
33033,18364,771445,29,29,3,8,
33034,17528,771445,19,19,3,9,
33035,16896,771445,3,4,4,9,
33036,10051,771445,17,17,3,8,
33037,3211,771445,3,4,4,8,
33038,4878,771445,3,4,4,8,
33039,22018,771445,31,31,3,9,
33040,19920,771445,21,21,3,8,
33041,13900,771445,27,27,3,9,
33042,17149,771445,33,33,3,8,
33043,13745,771445,21,21,3,9,
33044,3623,771445,3,4,4,9,
33045,16976,771445,31,31,3,8,
33046,17173,771445,3,4,4,8,
33047,2784,771445,3,4,4,9,
33048,10155,771445,3,4,4,8,
33049,2579,771445,3,4,4,8,
33050,10815,771445,27,27,3,9,
33051,6882,771445,3,4,4,7,
33052,17600,771445,33,33,3,8,
33053,4587,771445,3,4,4,8,
33054,6596,771445,13,13,3,8,
33055,2561,771445,3,4,4,9,
33056,9043,771445,19,19,3,9,
33057,6345,771445,3,4,4,8,
33058,2908,771445,3,4,4,7,
33059,9274,771445,3,4,4,9,
33060,12203,771445,25,25,3,7,
33061,2472,771445,3,4,4,8,
33062,7819,771445,3,4,4,7,
33063,11446,771445,3,4,4,7,
33064,7774,771445,13,13,3,8,
33065,10127,771445,21,21,3,7,
33066,8157,771445,3,4,4,8,
33067,11291,771445,3,4,4,9,
33068,2259,771445,3,4,4,9,
33069,14813,771445,27,27,3,8,
33070,2813,771445,3,4,4,8,
33071,15837,771445,27,27,3,8,
33072,2524,771445,3,4,4,8,
33073,2886,771445,3,4,4,8,
33074,12234,771445,15,15,3,7,
33075,12303,771445,23,23,3,7,
33076,1971,771445,3,4,4,8,
33077,12914,771445,3,4,4,6,
33078,17297,771445,25,25,3,8,
33079,1808,771445,3,4,4,8,
33080,8487,771445,13,13,3,8,
33081,20380,771445,31,31,3,9,
33082,7891,771445,3,4,4,8,
33083,21051,771445,3,4,4,9,
33084,1902,771445,3,4,4,8,
33085,16190,771445,31,31,3,7,
33086,13286,771445,23,23,3,7,
33087,7942,771445,3,4,4,8,
33088,15919,771445,27,27,3,8,
33089,28529,771445,33,33,3,7,
33090,12287,771445,3,4,4,8,
33091,9786,771445,15,15,3,9,
33092,30375,771445,27,27,3,9,
33093,19215,771445,29,29,3,9,
33094,2600,771445,3,4,4,9,
33095,19553,771445,31,31,3,9,
33096,2243,771445,3,4,4,7,
33097,1384,771445,3,4,4,8,
33098,17407,771445,25,25,3,8,
33099,27873,771445,33,33,3,8,
33100,18392,771445,21,21,3,8,
33101,12896,771445,25,25,3,8,
33102,13255,771445,17,17,3,8,
33103,16690,771445,3,4,4,9,
33104,29753,771445,33,33,3,9,
33105,1262,771445,3,4,4,8,
33106,11052,771445,19,19,3,8,
33107,1831,771445,3,4,4,8,
33108,2783,771445,3,4,4,8,
33109,18279,771445,23,23,3,8,
33110,9508,771445,3,4,4,8,
33111,20346,771445,25,25,3,8,
33112,14083,771445,21,21,3,9,
33113,14069,771445,19,19,3,8,
33114,14252,771445,27,27,3,9,
33115,21389,771445,3,4,4,9,
33116,10038,771445,13,13,3,9,
33117,11153,771445,3,4,4,8,
33118,13581,771445,31,31,3,9,
33119,20695,771445,33,33,3,8,
33120,9442,771445,3,4,4,8,
33121,4701,771445,3,4,4,8,
33122,19320,771445,3,4,4,9,
33123,21425,771445,29,29,3,8,
33124,1811,771445,3,4,4,8,
33125,7278,771445,19,19,3,8,
33126,10378,771445,17,17,3,9,
33127,15306,771445,31,31,3,9,
33128,2381,771445,3,4,4,9,
33129,2604,771445,3,4,4,8,
33130,17045,771445,23,23,3,8,
33131,25085,771445,27,27,3,9,
33132,16828,771445,3,4,4,8,
33133,24258,771445,3,4,4,8,
33134,15738,771445,33,33,3,8,
33135,5875,771445,3,4,4,8,
33136,11997,771445,21,21,3,9,
33137,7555,771445,15,15,3,8,
33138,793,771445,3,4,4,8,
33139,1558,771445,3,4,4,9,
33140,1588,771445,3,4,4,8,
33141,4725,771445,3,4,4,8,
33142,25149,771445,17,17,3,8,
33143,20404,771445,25,25,3,7,
33144,27125,771445,27,27,3,8,
33145,23938,771445,29,29,3,8,
33146,3959,771445,3,4,4,8,
33147,1410,771445,3,4,4,8,
33148,2195,771445,3,4,4,8,
33149,11418,771445,17,17,3,9,
33150,1778,771445,3,4,4,8,
33151,11786,771445,3,4,4,8,
33152,12459,771445,21,21,3,8,
33153,37671,771445,33,33,3,9,
33154,13706,771445,17,17,3,8,
33155,17455,771445,21,21,3,9,
33156,893,771445,3,4,4,8,
33157,3182,771445,3,4,4,8,
33158,26606,771445,29,29,3,8,
33159,11823,771445,19,19,3,8,
33160,2396,771445,3,4,4,8,
33161,26399,771445,3,4,4,9,
33162,4268,771445,3,4,4,8,
33163,1574,771445,3,4,4,8,
33164,2114,771445,3,4,4,8,
33165,1489,771445,3,4,4,7,
33166,2463,771445,3,4,4,8,
33167,1766,771445,3,4,4,8,
33168,2681,771445,3,4,4,8,
33169,3109,771445,3,4,4,7,
33170,2088,771445,3,4,4,8,
33171,3134,771445,3,4,4,8,
33172,12177,771445,25,25,3,8,
33173,19848,771445,33,33,3,9,
33174,2980,771445,3,4,4,8,
33175,10807,771445,3,4,4,8,
33176,12119,771445,17,17,3,9,
33177,2543,771445,3,4,4,8,
33178,13026,771445,3,4,4,8,
33179,5690,771445,13,13,3,9,
33180,15546,771445,27,27,3,9,
33181,13498,771445,17,17,3,9,
33182,48713,771445,17,17,3,8,
33183,15668,771445,17,17,3,9,
33184,37838,771445,21,21,3,8,
33185,1334,771445,3,4,4,8,
33186,52155,771445,27,27,3,9,
33187,42721,771445,21,21,3,8,
33188,51742,771445,3,4,4,9,
33189,42191,771445,29,29,3,8,
33190,42748,771445,21,21,3,9,
33191,31131,771445,19,19,3,8,
33192,34743,771445,17,17,3,9,
33193,33772,771445,3,4,4,8,
33194,13319,771445,17,17,3,8,
33195,5729,771445,3,4,4,9,
33196,12228,771445,3,4,4,8,
33197,22883,771445,31,31,3,7,
33198,17951,771445,25,25,3,8,
33199,23367,771445,3,4,4,9,
33200,3263,771445,3,4,4,8,
33201,19352,771445,27,27,3,8,
33202,14046,771445,13,13,3,9,
33203,7054,771445,13,13,3,9,
33204,32358,771445,29,29,3,8,
33205,32621,771445,3,4,4,8,
33206,37642,771445,31,31,3,8,
33207,34996,771445,27,27,3,8,
33208,5933,771445,3,4,4,9,
33209,2999,771445,3,4,4,8,
33210,5922,771445,3,4,4,8,
33211,12633,771445,13,13,3,8,
33212,14392,771445,3,4,4,7,
33213,2084,771445,3,4,4,7,
33214,13518,771445,13,13,3,9,
33215,1874,771445,3,4,4,8,
33216,4437,771445,3,4,4,8,
33217,13565,771445,3,4,4,9,
33218,2837,771445,3,4,4,9,
33219,1427,771445,3,4,4,8,
33220,4893,771445,3,4,4,7,
33221,40705,771445,27,27,3,7,
33222,14291,771445,15,15,3,8,
33223,3722,771445,3,4,4,8,
33224,13276,771445,13,13,3,8,
33225,2073,771445,3,4,4,7,
33226,60628,771445,33,33,3,8,
33227,20802,771445,33,33,3,8,
33228,22476,771445,3,4,4,8,
33229,2309,771445,3,4,4,8,
33230,31375,771445,17,17,3,8,
33231,31395,771445,3,4,4,7,
33232,3595,771445,3,4,4,8,
33233,2411,771445,3,4,4,8,
33234,34491,771445,3,4,4,8,
33235,2411,771445,3,4,4,8,
33236,40205,771445,23,23,3,9,
33237,1716,771445,3,4,4,8,
33238,2683,771445,3,4,4,8,
33239,61932,771445,29,29,3,8,
33240,65336,771445,3,4,4,8,
33241,6003,771445,3,4,4,9,
33242,7367,771445,3,4,4,9,
33243,54680,771445,19,19,3,8,
33244,74702,771445,29,29,3,7,
33245,10058,771445,3,4,4,8,
33246,33337,771445,23,23,3,8,
33247,34107,771445,3,4,4,8,
33248,3589,771445,3,4,4,8,
33249,40193,771445,27,27,3,6,
33250,35016,771445,33,33,3,8,
33251,19954,771445,13,13,3,8,
33252,39974,771445,13,13,3,9,
33253,29735,771445,3,4,4,8,
33254,5248,771445,3,4,4,8,
33255,2458,771445,3,4,4,6,
33256,2854,771445,3,4,4,6,
33257,27669,771445,25,25,3,7,
33258,3544,771445,3,4,4,7,
33259,12096,771445,3,4,4,7,
33260,3106,771445,3,4,4,5,
33261,21841,771445,3,4,4,7,
33262,12662,771445,17,17,3,7,
33263,12152,771445,3,4,4,7,
33264,9959,771445,17,17,3,7,
33265,22501,771445,29,29,3,9,
33266,22991,771445,3,4,4,8,
33267,5073,771445,3,4,4,8,
33268,27815,771445,25,25,3,8,
33269,24423,771445,25,25,3,7,
33270,27672,771445,25,25,3,8,
33271,2728,771445,3,4,4,8,
33272,4303,771445,3,4,4,8,
33273,17994,771445,19,19,3,8,
33274,3238,771445,3,4,4,8,
33275,21180,771445,15,15,3,7,
33276,43584,771445,33,33,3,9,
33277,16459,771445,21,21,3,8,
33278,45113,771445,33,33,3,9,
33279,2630,771445,3,4,4,8,
33280,2055,771445,3,4,4,8,
33281,1217,771445,3,4,4,8,
33282,17451,771445,23,23,3,9,
33283,19513,771445,3,4,4,9,
33284,29007,771445,31,31,3,8,
33285,17922,771445,19,19,3,7,
33286,44227,771445,29,29,3,8,
33287,24369,771445,25,25,3,8,
33288,24124,771445,25,25,3,8,
33289,25418,771445,3,4,4,8,
33290,29574,771445,25,25,3,9,
33291,6569,771445,3,4,4,7,
33292,39419,771445,17,17,3,8,
33293,3438,771445,3,4,4,8,
33294,3344,771445,3,4,4,7,
33295,12330,771445,15,15,3,8,
33296,21325,771445,15,15,3,9,
33297,17690,771445,21,21,3,9,
33298,18814,771445,3,4,4,8,
33299,12506,771445,13,13,3,8,
33300,19122,771445,27,27,3,8,
33301,19951,771445,29,29,3,9,
33302,18999,771445,23,23,3,8,
33303,17264,771445,3,4,4,8,
33304,3303,771445,3,4,4,9,
33305,15826,771445,3,4,4,8,
33306,20225,771445,31,31,3,8,
33307,20943,771445,3,4,4,9,
33308,10010,771445,15,15,3,9,
33309,9519,771445,3,4,4,8,
33310,2585,771445,3,4,4,9,
33311,16861,771445,29,29,3,7,
33312,17920,771445,3,4,4,8,
33313,2557,771445,3,4,4,8,
33314,15267,771445,21,21,3,8,
33315,16745,771445,27,27,3,8,
33316,2699,771445,3,4,4,8,
33317,15117,771445,3,4,4,8,
33318,17029,771445,3,4,4,8,
33319,3073,771445,3,4,4,9,
33320,4432,771445,3,4,4,8,
33321,5704,771445,3,4,4,8,
33322,24889,771445,31,31,3,9,
33323,24155,771445,3,4,4,7,
33324,28377,771445,31,31,3,8,
33325,3751,771445,3,4,4,8,
33326,8242,771445,17,17,3,8,
33327,25505,771445,3,4,4,7,
33328,2544,771445,3,4,4,8,
33329,8212,771445,3,4,4,9,
33330,2849,771445,3,4,4,8,
33331,1272,771445,3,4,4,9,
33332,2860,771445,3,4,4,8,
33333,11497,771445,17,17,3,8,
33334,13128,771445,3,4,4,8,
33335,19403,771445,29,29,3,8,
33336,19742,771445,3,4,4,7,
33337,3147,771445,3,4,4,8,
33338,2549,771445,3,4,4,8,
33339,12080,771445,19,19,3,9,
33340,13868,771445,17,17,3,8,
33341,30052,771445,31,31,3,9,
33342,2343,771445,3,4,4,8,
33343,28823,771445,3,4,4,8,
33344,21310,771445,31,31,3,9,
33345,21607,771445,3,4,4,9,
33346,3443,771445,3,4,4,8,
33347,5093,771445,3,4,4,7,
33348,14468,771445,17,17,3,6,
33349,1548,771445,3,4,4,7,
33350,20871,771445,31,31,3,8,
33351,12263,771445,17,17,3,8,
33352,12367,771445,3,4,4,7,
33353,1155,771445,3,4,4,8,
33354,2249,771445,3,4,4,9,
33355,2432,771445,3,4,4,9,
33356,2737,771445,3,4,4,9,
33357,13834,771445,21,21,3,8,
33358,13597,771445,3,4,4,9,
33359,18639,771445,27,27,3,8,
33360,5741,771445,3,4,4,8,
33361,7646,771445,3,4,4,9,
33362,20772,771445,33,33,3,8,
33363,11601,771445,25,25,3,9,
33364,2619,771445,3,4,4,9,
33365,9532,771445,3,4,4,8,
33366,23842,771445,33,33,3,9,
33367,23797,771445,33,33,3,9,
33368,23479,771445,3,4,4,8,
33369,9242,771445,19,19,3,8,
33370,10919,771445,15,15,3,8,
33371,9432,771445,13,13,3,9,
33372,12818,771445,23,23,3,9,
33373,18392,771445,33,33,3,8,
33374,14440,771445,3,4,4,8,
33375,6588,771445,3,4,4,9,
33376,16865,771445,33,33,3,8,
33377,18854,771445,3,4,4,9,
33378,2545,771445,3,4,4,9,
33379,2822,771445,3,4,4,9,
33380,15572,771445,25,25,3,9,
33381,11532,771445,21,21,3,8,
33382,14958,771445,3,4,4,9,
33383,1851,771445,3,4,4,9,
33384,15930,771445,19,19,3,8,
33385,1957,771445,3,4,4,9,
33386,2910,771445,3,4,4,8,
33387,15129,771445,3,4,4,9,
33388,12521,771445,19,19,3,8,
33389,15712,771445,29,29,3,8,
33390,12691,771445,19,19,3,9,
33391,18030,771445,31,31,3,9,
33392,24003,771445,17,17,3,8,
33393,7963,771445,15,15,3,9,
33394,1268,771445,3,4,4,9,
33395,1621,771445,3,4,4,9,
33396,2198,771445,3,4,4,8,
33397,6797,771445,13,13,3,9,
33398,10670,771445,19,19,3,8,
33399,1687,771445,3,4,4,8,
33400,6966,771445,3,4,4,9,
33401,2660,771445,3,4,4,8,
33402,10792,771445,23,23,3,9,
33403,10818,771445,3,4,4,8,
33404,13583,771445,25,25,3,8,
33405,9873,771445,3,4,4,8,
33406,8593,771445,17,17,3,8,
33407,13473,771445,23,23,3,8,
33408,12757,771445,3,4,4,8,
33409,9394,771445,3,4,4,8,
33410,2836,771445,3,4,4,9,
33411,3035,771445,3,4,4,8,
33412,3418,771445,3,4,4,8,
33413,6410,771445,13,13,3,9,
33414,3852,771445,3,4,4,8,
33415,3676,771445,3,4,4,9,
33416,2176,771445,3,4,4,7,
33417,16387,771445,25,26,3,8,
33418,15775,771445,33,33,3,8,
33419,3233,771445,3,4,4,7,
33420,10540,771445,21,21,3,9,
33421,10275,771445,21,21,3,8,
33422,15288,771445,25,25,3,8,
33423,10321,771445,3,4,4,8,
33424,14108,771445,3,4,4,8,
33425,2026,771445,3,4,4,8,
33426,3317,771445,3,4,4,8,
33427,13628,771445,3,4,4,8,
33428,2334,771445,3,4,4,9,
33429,1807,771445,3,4,4,9,
33430,9135,771445,13,13,3,9,
33431,10287,771445,3,4,4,9,
33432,16702,771445,33,33,3,9,
33433,9204,771445,17,17,3,8,
33434,16405,771445,3,4,4,9,
33435,7022,771445,13,13,3,8,
33436,2554,771445,3,4,4,8,
33437,2191,771445,3,4,4,8,
33438,2180,771445,3,4,4,8,
33439,13512,771445,19,19,3,8,
33440,20906,771445,31,31,3,8,
33441,2199,771445,3,4,4,9,
33442,9835,771445,15,15,3,8,
33443,10783,771445,23,23,3,8,
33444,13588,771445,27,27,3,9,
33445,13465,771445,3,4,4,8,
33446,2348,771445,3,4,4,9,
33447,11269,771445,17,17,3,8,
33448,11697,771445,3,4,4,9,
33449,2276,771445,3,4,4,9,
33450,13881,771445,25,25,3,8,
33451,3200,771445,3,4,4,9,
33452,9205,771445,3,4,4,8,
33453,14418,771445,19,19,3,8,
33454,2975,771445,3,4,4,8,
33455,2719,771445,3,4,4,8,
33456,7333,771445,15,15,3,9,
33457,11710,771445,17,17,3,7,
33458,2629,771445,3,4,4,8,
33459,28328,771445,21,21,3,8,
33460,11002,771445,3,4,4,8,
33461,24768,771445,31,31,3,9,
33462,24403,771445,3,4,4,9,
33463,3397,771445,3,4,4,9,
33464,2729,771445,3,4,4,8,
33465,18762,771445,29,29,3,8,
33466,21249,771445,29,29,3,8,
33467,4284,771445,3,4,4,8,
33468,20655,771445,3,4,4,8,
33469,2819,771445,3,4,4,8,
33470,9764,771445,15,15,3,8,
33471,10216,771446,3,4,4,8,
33472,1722,771446,3,4,4,9,
33473,1439,771446,3,4,4,8,
33474,1168,771446,3,4,4,8,
33475,10787,771446,19,19,3,8,
33476,12903,771446,15,15,3,8,
33477,2028,771446,3,4,4,8,
33478,12326,771446,25,25,3,9,
33479,3947,771446,3,4,4,8,
33480,11475,771446,3,4,4,7,
33481,11477,771446,19,19,3,8,
33482,12457,771446,3,4,4,8,
33483,5679,771446,3,4,4,8,
33484,2922,771446,3,4,4,9,
33485,38799,771446,27,27,3,7,
33486,1360,771446,3,4,4,7,
33487,20089,771446,21,21,3,9,
33488,3845,771446,3,4,4,7,
33489,40808,771446,3,4,4,8,
33490,24418,771446,19,19,3,8,
33491,6150,771446,3,4,4,8,
33492,19936,771446,25,25,3,8,
33493,6523,771446,3,4,4,7,
33494,23926,771446,21,21,3,8,
33495,25796,771446,19,19,3,9,
33496,15282,771446,17,17,3,9,
33497,27986,771446,29,29,3,8,
33498,27485,771446,33,33,3,8,
33499,7240,771446,15,15,3,9,
33500,11524,771446,21,21,3,9,
33501,4543,771446,3,4,4,8,
33502,19282,771446,27,27,3,9,
33503,19895,771446,3,4,4,8,
33504,17662,771446,29,29,3,8,
33505,38778,771446,17,17,3,8,
33506,5021,771446,3,4,4,8,
33507,29809,771446,25,25,3,8,
33508,41600,771446,23,23,3,9,
33509,2045,771446,3,4,4,8,
33510,41612,771446,31,31,3,8,
33511,25455,771446,13,13,3,9,
33512,40579,771446,3,4,4,8,
33513,28579,771446,19,19,3,8,
33514,32451,771446,23,23,3,8,
33515,31378,771446,3,4,4,8,
33516,23706,771446,3,4,4,8,
33517,5848,771446,3,4,4,8,
33518,23746,771446,23,23,3,8,
33519,4808,771446,3,4,4,8,
33520,1188,771446,3,4,4,8,
33521,3752,771446,3,4,4,9,
33522,2422,771446,3,4,4,7,
33523,6052,771446,3,4,4,8,
33524,14910,771446,19,19,3,9,
33525,15304,771446,21,21,3,7,
33526,5695,771446,3,4,4,7,
33527,3450,771446,3,4,4,8,
33528,26159,771446,29,29,3,9,
33529,26315,771446,3,4,4,8,
33530,13787,771446,3,4,4,8,
33531,1928,771446,3,4,4,8,
33532,1486,771446,3,4,4,7,
33533,8910,771446,17,17,3,8,
33534,25904,771446,21,21,3,8,
33535,1485,771446,3,4,4,8,
33536,22866,771446,29,29,3,7,
33537,22944,771446,3,4,4,8,
33538,15931,771446,17,17,3,8,
33539,16749,771446,3,4,4,7,
33540,78195,771446,25,25,3,8,
33541,76083,771446,27,27,3,8,
33542,11816,771446,15,15,3,8,
33543,992,771446,3,4,4,8,
33544,1201,771446,3,4,4,7,
33545,13958,771446,15,15,3,7,
33546,2621,771446,3,4,4,7,
33547,5320,771446,3,4,4,7,
33548,3291,771446,3,4,4,8,
33549,4683,771446,3,4,4,8,
33550,63352,771446,3,4,4,7,
33551,56137,771446,23,23,3,7,
33552,4626,771446,3,4,4,6,
33553,1672,771446,3,4,4,9,
33554,2262,771446,3,4,4,7,
33555,48772,771446,19,19,3,6,
33556,49116,771446,17,17,3,7,
33557,3189,771446,3,4,4,8,
33558,63834,771446,27,27,3,8,
33559,51093,771446,3,4,4,7,
33560,58665,771446,21,21,3,9,
33561,41533,771446,23,23,3,9,
33562,3471,771446,3,4,4,7,
33563,5040,771446,3,4,4,6,
33564,2989,771446,3,4,4,8,
33565,3694,771446,3,4,4,7,
33566,19423,771446,3,4,4,9,
33567,4261,771446,3,4,4,8,
33568,19341,771446,21,21,3,9,
33569,28264,771446,29,29,3,6,
33570,2639,771446,3,4,4,8,
33571,26900,771446,29,29,3,8,
33572,28706,771446,29,29,3,7,
33573,34997,771446,23,23,3,8,
33574,33967,771446,3,4,4,8,
33575,1675,771446,3,4,4,8,
33576,21133,771446,21,21,3,8,
33577,19969,771446,3,4,4,8,
33578,3064,771446,3,4,4,8,
33579,19825,771446,15,15,3,9,
33580,14692,771446,27,27,3,8,
33581,18483,771446,3,4,4,8,
33582,2556,771446,3,4,4,7,
33583,16189,771446,19,19,3,7,
33584,13861,771446,13,13,3,8,
33585,21993,771446,17,17,3,8,
33586,15057,771446,3,4,4,8,
33587,48720,771446,23,23,3,8,
33588,13470,771446,3,4,4,8,
33589,30905,771446,27,27,3,7,
33590,29997,771446,29,30,3,7,
33591,30892,771446,3,4,4,7,
33592,28351,771446,33,33,3,8,
33593,11558,771446,13,13,3,8,
33594,37457,771446,33,33,3,9,
33595,10880,771446,3,4,4,8,
33596,17244,771446,13,13,3,9,
33597,38430,771446,33,33,3,9,
33598,3773,771446,3,4,4,9,
33599,3698,771446,3,4,4,9,
33600,12826,771446,17,17,3,9,
33601,12466,771446,3,4,4,8,
33602,17119,771446,17,17,3,8,
33603,23816,771446,33,33,3,7,
33604,25421,771446,3,4,4,8,
33605,14328,771446,19,19,3,8,
33606,18955,771446,19,19,3,8,
33607,20318,771446,31,31,3,8,
33608,8850,771446,15,15,3,8,
33609,11375,771446,3,4,4,9,
33610,2424,771446,3,4,4,9,
33611,9565,771446,19,19,3,8,
33612,1811,771446,3,4,4,9,
33613,1597,771446,3,4,4,9,
33614,13386,771446,3,4,4,8,
33615,24574,771446,33,33,3,9,
33616,7033,771446,3,4,4,8,
33617,37102,771446,15,15,3,8,
33618,2881,771446,3,4,4,8,
33619,3087,771446,3,4,4,8,
33620,11911,771446,23,23,3,8,
33621,5025,771446,3,4,4,8,
33622,3037,771446,3,4,4,8,
33623,5175,771446,3,4,4,8,
33624,44499,771446,29,29,3,7,
33625,15219,771446,27,27,3,7,
33626,4701,771446,3,4,4,8,
33627,41437,771446,31,31,3,8,
33628,16911,771446,13,13,3,9,
33629,5602,771446,3,4,4,8,
33630,16413,771446,3,4,4,9,
33631,20717,771446,13,13,3,9,
33632,19951,771446,17,17,3,8,
33633,22244,771446,25,25,3,8,
33634,14707,771446,17,17,3,8,
33635,15047,771446,13,13,3,9,
33636,1825,771446,3,4,4,8,
33637,37437,771446,31,31,3,8,
33638,38875,771446,3,4,4,8,
33639,6797,771446,3,4,4,8,
33640,12351,771446,19,19,3,8,
33641,3167,771446,3,4,4,9,
33642,12389,771446,3,4,4,8,
33643,23678,771446,19,19,3,8,
33644,48733,771446,27,27,3,8,
33645,14780,771446,17,17,3,8,
33646,15149,771446,3,4,4,9,
33647,2229,771446,3,4,4,7,
33648,24808,771446,29,29,3,7,
33649,819,771446,3,4,4,7,
33650,41250,771446,33,33,3,8,
33651,6976,771446,13,13,3,7,
33652,27808,771446,23,23,3,8,
33653,2408,771446,3,4,4,9,
33654,3725,771446,3,4,4,9,
33655,3445,771446,3,4,4,8,
33656,5491,771446,3,4,4,8,
33657,29861,771446,27,27,3,7,
33658,14709,771446,3,4,4,8,
33659,3950,771446,3,4,4,8,
33660,26024,771446,25,25,3,9,
33661,1547,771446,3,4,4,7,
33662,31757,771446,31,31,3,8,
33663,24214,771446,25,25,3,8,
33664,38215,771446,33,33,3,9,
33665,898,771446,3,4,4,8,
33666,22050,771446,25,25,3,8,
33667,26768,771446,13,13,3,9,
33668,11128,771446,3,4,4,8,
33669,12538,771446,21,21,3,8,
33670,18292,771446,23,23,3,8,
33671,18916,771446,27,27,3,9,
33672,1931,771446,3,4,4,9,
33673,32140,771446,31,31,3,8,
33674,1678,771446,3,4,4,9,
33675,15204,771446,27,27,3,9,
33676,16124,771446,23,23,3,8,
33677,11479,771446,3,4,4,7,
33678,18025,771446,33,33,3,8,
33679,11564,771446,3,4,4,8,
33680,13080,771446,3,4,4,9,
33681,20906,771446,3,4,4,8,
33682,18478,771446,31,31,3,9,
33683,2413,771446,3,4,4,8,
33684,2440,771446,3,4,4,8,
33685,8691,771446,17,17,3,8,
33686,19507,771446,29,29,3,8,
33687,2465,771446,3,4,4,8,
33688,21113,771446,3,4,4,8,
33689,1868,771446,3,4,4,9,
33690,16915,771446,21,21,3,8,
33691,16561,771446,23,23,3,8,
33692,2061,771446,3,4,4,9,
33693,2118,771446,3,4,4,9,
33694,2408,771446,3,4,4,8,
33695,19728,771446,31,31,3,8,
33696,2526,771446,3,4,4,9,
33697,3014,771446,3,4,4,8,
33698,21458,771446,29,29,3,9,
33699,2335,771446,3,4,4,8,
33700,21927,771446,3,4,4,8,
33701,10791,771446,19,19,3,8,
33702,11114,771446,19,19,3,8,
33703,11860,771446,3,4,4,8,
33704,11405,771446,21,21,3,8,
33705,17389,771446,33,33,3,9,
33706,26662,771446,23,23,3,8,
33707,15948,771446,23,23,3,8,
33708,2781,771446,3,4,4,9,
33709,12581,771446,21,21,3,7,
33710,2705,771446,3,4,4,8,
33711,13244,771446,3,4,4,9,
33712,1941,771446,3,4,4,9,
33713,7396,771446,3,4,4,8,
33714,1743,771446,3,4,4,8,
33715,2479,771446,3,4,4,9,
33716,2327,771446,3,4,4,8,
33717,12573,771446,27,27,3,9,
33718,11819,771446,3,4,4,8,
33719,1322,771446,3,4,4,7,
33720,1768,771446,3,4,4,8,
33721,11633,771446,3,4,4,7,
33722,1961,771446,3,4,4,8,
33723,2448,771446,3,4,4,8,
33724,1966,771446,3,4,4,8,
33725,17940,771446,27,27,3,8,
33726,15446,771446,29,29,3,8,
33727,19713,771446,27,27,3,8,
33728,17623,771446,3,4,4,8,
33729,15198,771446,3,4,4,9,
33730,18875,771446,29,29,3,8,
33731,1133,771446,3,4,4,8,
33732,2901,771446,3,4,4,8,
33733,894,771446,3,4,4,8,
33734,1649,771446,3,4,4,8,
33735,2739,771446,3,4,4,8,
33736,20790,771446,29,29,3,9,
33737,20635,771446,25,25,3,8,
33738,5362,771446,13,13,3,8,
33739,8545,771446,15,15,3,8,
33740,15038,771446,25,25,3,8,
33741,15597,771446,3,4,4,7,
33742,14854,771446,21,21,3,8,
33743,1929,771446,3,4,4,9,
33744,2360,771446,3,4,4,9,
33745,2412,771446,3,4,4,7,
33746,1356,771446,3,4,4,7,
33747,2909,771446,3,4,4,8,
33748,13434,771446,23,23,3,7,
33749,29161,771446,31,31,3,8,
33750,16067,771446,33,33,3,8,
33751,13196,771446,3,4,4,8,
33752,6958,771446,15,15,3,8,
33753,2090,771446,3,4,4,8,
33754,12553,771446,15,15,3,8,
33755,15101,771446,25,25,3,8,
33756,20932,771446,3,4,4,8,
33757,8822,771446,15,15,3,8,
33758,12073,771446,19,19,3,9,
33759,8631,771446,3,4,4,8,
33760,24532,771446,25,25,3,8,
33761,19842,771446,25,25,3,9,
33762,17710,771446,27,27,3,8,
33763,1838,771446,3,4,4,7,
33764,1994,771446,3,4,4,9,
33765,20894,771446,31,31,3,7,
33766,2235,771446,3,4,4,8,
33767,21150,771446,3,4,4,9,
33768,2061,771446,3,4,4,9,
33769,11848,771446,3,4,4,8,
33770,2707,771446,3,4,4,9,
33771,20170,771446,29,29,3,9,
33772,14138,771446,23,23,3,8,
33773,16666,771446,23,23,3,9,
33774,17028,771446,3,4,4,9,
33775,3397,771446,3,4,4,8,
33776,1579,771446,3,4,4,9,
33777,1464,771446,3,4,4,9,
33778,2374,771446,3,4,4,8,
33779,11615,771446,17,17,3,8,
33780,2151,771446,3,4,4,8,
33781,10847,771446,19,19,3,9,
33782,11719,771446,19,19,3,9,
33783,11735,771446,3,4,4,8,
33784,12251,771446,21,21,3,8,
33785,20136,771446,25,25,3,8,
33786,22509,771446,3,4,4,8,
33787,15738,771446,15,15,3,9,
33788,1812,771446,3,4,4,9,
33789,36008,771446,19,19,3,9,
33790,60318,771446,27,27,3,8,
33791,28889,771446,25,25,3,9,
33792,42188,771446,27,27,3,9,
33793,41888,771446,27,27,3,9,
33794,42678,771446,3,4,4,8,
33795,13646,771446,3,4,4,8,
33796,48913,771446,33,33,3,7,
33797,49859,771446,27,27,3,8,
33798,50884,771446,3,4,4,8,
33799,30284,771446,29,30,3,9,
33800,18939,771446,13,13,3,9,
33801,20665,771446,17,17,3,9,
33802,9115,771446,3,4,4,8,
33803,23554,771446,15,15,3,8,
33804,37541,771446,27,27,3,9,
33805,2168,771446,3,4,4,8,
33806,21182,771446,29,29,3,8,
33807,30040,771446,27,27,3,8,
33808,21536,771446,3,4,4,9,
33809,15409,771446,19,19,3,8,
33810,22092,771446,17,17,3,8,
33811,19129,771446,27,27,3,8,
33812,2143,771446,3,4,4,9,
33813,18241,771446,3,4,4,8,
33814,2676,771446,3,4,4,9,
33815,5188,771446,3,4,4,9,
33816,12378,771446,13,13,3,8,
33817,17312,771446,29,29,3,8,
33818,3350,771446,3,4,4,9,
33819,6524,771446,13,13,3,8,
33820,3394,771446,3,4,4,8,
33821,21144,771446,31,31,3,9,
33822,11048,771446,3,4,4,8,
33823,19002,771446,3,4,4,8,
33824,17255,771446,31,31,3,9,
33825,1197,771446,3,4,4,8,
33826,2375,771446,3,4,4,8,
33827,12097,771446,19,19,3,8,
33828,12006,771446,23,23,3,8,
33829,12067,771446,3,4,4,8,
33830,7104,771446,17,17,3,8,
33831,7415,771446,3,4,4,9,
33832,1421,771446,3,4,4,9,
33833,2628,771446,3,4,4,8,
33834,15143,771446,25,25,3,9,
33835,1977,771446,3,4,4,9,
33836,2007,771446,3,4,4,7,
33837,14159,771446,25,25,3,8,
33838,1572,771446,3,4,4,8,
33839,3311,771446,3,4,4,8,
33840,8225,771446,15,15,3,8,
33841,20619,771446,31,31,3,9,
33842,14622,771446,21,21,3,8,
33843,21178,771446,3,4,4,9,
33844,1436,771446,3,4,4,8,
33845,21582,771446,33,33,3,8,
33846,7229,771446,15,15,3,8,
33847,12840,771446,3,4,4,8,
33848,5715,771446,13,13,3,8,
33849,3504,771446,3,4,4,8,
33850,18685,771446,3,4,4,7,
33851,26033,771446,33,33,3,8,
33852,1116,771446,3,4,4,8,
33853,1428,771446,3,4,4,8,
33854,31103,771446,3,4,4,8,
33855,1620,771446,3,4,4,9,
33856,21024,771446,31,31,3,9,
33857,1834,771446,3,4,4,8,
33858,11749,771446,19,19,3,8,
33859,11475,771446,17,17,3,8,
33860,14809,771446,3,4,4,9,
33861,1873,771446,3,4,4,9,
33862,2832,771446,3,4,4,9,
33863,10618,771446,3,4,4,8,
33864,15551,771446,3,4,4,8,
33865,51240,771446,33,33,3,7,
33866,15129,771446,3,4,4,7,
33867,10513,771446,3,4,4,7,
33868,13235,771446,3,4,4,8,
33869,13094,771446,3,4,4,9,
33870,38935,771446,31,31,3,8,
33871,30724,771446,17,17,3,7,
33872,32813,771446,21,21,3,8,
33873,1448,771446,3,4,4,8,
33874,2558,771446,3,4,4,8,
33875,40035,771446,27,27,3,7,
33876,36389,771446,3,4,4,8,
33877,36108,771446,29,29,3,9,
33878,2116,771446,3,4,4,9,
33879,2565,771446,3,4,4,8,
33880,35200,771446,3,4,4,9,
33881,11844,771446,3,4,4,9,
33882,33870,771446,25,25,3,9,
33883,15300,771446,3,4,4,8,
33884,8516,771446,3,4,4,8,
33885,10033,771446,19,19,3,8,
33886,21466,771446,31,31,3,7,
33887,13691,771446,21,21,3,9,
33888,2489,771446,3,4,4,7,
33889,19757,771446,3,4,4,8,
33890,16972,771446,33,33,3,8,
33891,2107,771446,3,4,4,7,
33892,12948,771446,25,25,3,8,
33893,14041,771446,27,27,3,9,
33894,1324,771446,3,4,4,7,
33895,13120,771446,3,4,4,7,
33896,1992,771446,3,4,4,8,
33897,9174,771446,15,15,3,9,
33898,13829,771446,29,29,3,9,
33899,5187,771446,15,15,3,8,
33900,6287,771446,3,4,4,8,
33901,8462,771446,3,4,4,8,
33902,14936,771446,29,29,3,9,
33903,2820,771446,3,4,4,8,
33904,12565,771446,3,4,4,7,
33905,3313,771446,3,4,4,7,
33906,10067,771446,27,27,3,9,
33907,15400,771446,27,27,3,8,
33908,1890,771446,3,4,4,8,
33909,11139,771446,3,4,4,8,
33910,2404,771446,3,4,4,9,
33911,16277,771446,33,33,3,8,
33912,17043,771446,3,4,4,8,
33913,14250,771446,33,33,3,8,
33914,13268,771446,3,4,4,9,
33915,6148,771446,15,15,3,8,
33916,13804,771446,33,33,3,8,
33917,1890,771446,3,4,4,8,
33918,7779,771446,3,4,4,7,
33919,6709,771446,17,17,3,8,
33920,12430,771446,3,4,4,8,
33921,7875,771446,3,4,4,8,
33922,1465,771446,3,4,4,8,
33923,2098,771446,3,4,4,8,
33924,5452,771446,13,13,3,8,
33925,11203,771446,25,25,3,9,
33926,2106,771446,3,4,4,8,
33927,2785,771446,3,4,4,8,
33928,11316,771446,3,4,4,8,
33929,4767,771446,3,4,4,8,
33930,5943,771446,13,13,3,9,
33931,5772,771446,3,4,4,8,
33932,2199,771446,3,4,4,9,
33933,16791,771446,27,27,3,9,
33934,20099,771446,31,31,3,8,
33935,16614,771446,3,4,4,8,
33936,21201,771446,31,31,3,8,
33937,7180,771446,15,15,3,8,
33938,17697,771446,27,27,3,9,
33939,1529,771446,3,4,4,9,
33940,23722,771446,31,31,3,9,
33941,16662,771446,23,23,3,9,
33942,4979,771446,3,4,4,9,
33943,2388,771446,3,4,4,8,
33944,10625,771446,3,4,4,9,
33945,11965,771446,21,21,3,9,
33946,12358,771446,3,4,4,9,
33947,12081,771446,21,21,3,8,
33948,6705,771446,13,13,3,9,
33949,8606,771446,17,17,3,8,
33950,14211,771446,21,21,3,8,
33951,4652,771446,13,13,3,8,
33952,6110,771446,3,4,4,8,
33953,7850,771446,3,4,4,9,
33954,2491,771446,3,4,4,8,
33955,4801,771446,3,4,4,9,
33956,18360,771446,33,33,3,9,
33957,7625,771446,15,15,3,8,
33958,17956,771446,3,4,4,8,
33959,9671,771446,17,17,3,9,
33960,2131,771446,3,4,4,8,
33961,10258,771446,3,4,4,8,
33962,2155,771446,3,4,4,8,
33963,8329,771446,13,13,3,9,
33964,8462,771446,17,17,3,8,
33965,15993,771446,25,25,3,8,
33966,9376,771446,17,17,3,9,
33967,931,771446,3,4,4,8,
33968,18706,771446,29,29,3,9,
33969,19147,771446,27,27,3,8,
33970,21401,771446,33,33,3,8,
33971,10921,771446,3,4,4,9,
33972,2985,771446,3,4,4,8,
33973,21072,771446,27,27,3,9,
33974,1918,771446,3,4,4,8,
33975,12132,771446,23,23,3,9,
33976,21850,771446,29,29,3,8,
33977,11818,771446,3,4,4,8,
33978,28773,771446,29,29,3,8,
33979,19072,771446,27,27,3,8,
33980,19830,771446,3,4,4,9,
33981,1961,771446,3,4,4,9,
33982,2342,771446,3,4,4,8,
33983,24112,771446,25,25,3,8,
33984,25303,771446,3,4,4,8,
33985,24626,771446,21,21,3,9,
33986,17341,771446,21,21,3,9,
33987,17970,771446,19,19,3,9,
33988,15027,771446,3,4,4,9,
33989,10155,771446,15,15,3,8,
33990,4759,771446,3,4,4,8,
33991,4023,771446,3,4,4,8,
33992,7988,771446,17,17,3,8,
33993,21382,771446,25,25,3,8,
33994,5065,771446,3,4,4,8,
33995,7000,771446,3,4,4,8,
33996,2108,771446,3,4,4,8,
33997,10999,771446,19,19,3,8,
33998,13714,771446,33,33,3,8,
33999,2988,771446,3,4,4,7,
34000,11298,771446,3,4,4,8,
34001,20016,771446,31,31,3,8,
34002,23645,771446,33,33,3,8,
34003,2888,771446,3,4,4,9,
34004,13800,771446,3,4,4,7,
34005,14979,771446,27,27,3,8,
34006,2804,771446,3,4,4,9,
34007,2210,771446,3,4,4,9,
34008,2150,771446,3,4,4,9,
34009,2869,771446,3,4,4,9,
34010,3091,771446,3,4,4,9,
34011,20329,771446,29,29,3,9,
34012,2937,771446,3,4,4,9,
34013,19409,771446,3,4,4,8,
34014,1917,771446,3,4,4,8,
34015,11342,771446,25,25,3,9,
34016,1753,771446,3,4,4,8,
34017,4684,771446,3,4,4,8,
34018,11862,771446,23,23,3,8,
34019,4191,771446,3,4,4,8,
34020,11988,771446,3,4,4,8,
34021,6451,771446,3,4,4,8,
34022,2070,771446,3,4,4,8,
34023,17651,771446,31,31,3,8,
34024,7056,771446,13,13,3,8,
34025,6391,771446,3,4,4,9,
34026,16880,771446,31,31,3,8,
34027,2163,771446,3,4,4,9,
34028,9822,771446,23,23,3,9,
34029,10621,771446,3,4,4,9,
34030,16193,771446,31,31,3,8,
34031,1791,771446,3,4,4,8,
34032,17357,771446,3,4,4,9,
34033,8966,771446,19,19,3,8,
34034,11601,771446,27,27,3,7,
34035,8452,771446,3,4,4,8,
34036,12350,771446,3,4,4,9,
34037,2691,771446,3,4,4,9,
34038,3722,771446,3,4,4,8,
34039,21765,771446,33,33,3,8,
34040,15814,771446,25,25,3,8,
34041,17387,771446,27,27,3,8,
34042,15743,771446,3,4,4,8,
34043,2537,771446,3,4,4,9,
34044,12519,771446,21,21,3,8,
34045,8336,771446,13,13,3,9,
34046,9291,771446,21,21,3,9,
34047,13505,771446,3,4,4,7,
34048,12200,771446,21,21,3,8,
34049,14086,771446,29,29,3,9,
34050,2323,771446,3,4,4,9,
34051,13283,771446,27,27,3,9,
34052,13212,771446,3,4,4,8,
34053,2268,771446,3,4,4,8,
34054,2750,771446,3,4,4,8,
34055,10130,771446,21,22,3,9,
34056,4547,771446,3,4,4,7,
34057,9762,771446,3,4,4,8,
34058,4247,771446,3,4,4,8,
34059,14364,771446,23,23,3,8,
34060,9341,771446,21,21,3,8,
34061,32082,771446,29,29,3,8,
34062,2381,771446,3,4,4,9,
34063,32489,771446,3,4,4,8,
34064,12347,771446,21,21,3,9,
34065,9441,771446,15,15,3,9,
34066,2062,771446,3,4,4,9,
34067,17409,771446,23,23,3,8,
34068,2379,771446,3,4,4,8,
34069,19358,771446,23,23,3,8,
34070,18100,771446,3,4,4,9,
34071,2469,771446,3,4,4,8,
34072,15243,771446,15,15,3,7,
34073,23839,771446,31,31,3,8,
34074,15982,771446,27,27,3,9,
34075,13088,771446,17,17,3,8,
34076,14741,771446,23,23,3,8,
34077,3691,771446,3,4,4,8,
34078,8294,771446,13,13,3,7,
34079,18675,771446,29,29,3,7,
34080,17616,771446,27,27,3,8,
34081,12135,771446,15,15,3,8,
34082,12217,771446,3,4,4,8,
34083,17187,771446,25,25,3,8,
34084,6366,771446,3,4,4,8,
34085,3220,771446,3,4,4,9,
34086,1400,771446,3,4,4,7,
34087,1432,771446,3,4,4,7,
34088,11217,771446,3,4,4,9,
34089,661,771446,3,4,4,7,
34090,894,771446,3,4,4,8,
34091,1044,771446,3,4,4,8,
34092,2897,771446,3,4,4,8,
34093,1967,771446,3,4,4,9,
34094,6503,771446,13,13,3,8,
34095,8679,771446,17,17,3,8,
34096,13006,771446,27,27,3,8,
34097,2109,771446,3,4,4,8,
34098,8060,771446,3,4,4,8,
34099,1524,771446,3,4,4,9,
34100,2705,771446,3,4,4,7,
34101,23913,771446,23,23,3,8,
34102,3609,771446,3,4,4,6,
34103,20530,771446,21,21,3,8,
34104,2582,771446,3,4,4,8,
34105,24571,771446,3,4,4,9,
34106,3212,771446,3,4,4,8,
34107,17531,771446,19,19,3,9,
34108,15279,771446,15,15,3,8,
34109,22041,771446,21,21,3,8,
34110,2440,771446,3,4,4,8,
34111,24176,771446,29,29,3,9,
34112,2263,771446,3,4,4,9,
34113,3211,771446,3,4,4,8,
34114,12735,771446,19,19,3,8,
34115,17493,771446,25,25,3,8,
34116,18731,771446,3,4,4,9,
34117,16984,771446,31,31,3,8,
34118,16906,771446,3,4,4,7,
34119,1027,771446,3,4,4,8,
34120,2775,771446,3,4,4,9,
34121,11805,771446,27,27,3,8,
34122,3297,771446,3,4,4,8,
34123,6137,771446,13,13,3,8,
34124,11680,771446,15,15,3,8,
34125,12846,771446,23,23,3,8,
34126,34336,771446,27,27,3,9,
34127,10020,771446,19,19,3,9,
34128,5343,771446,3,4,4,8,
34129,22716,771446,31,31,3,9,
34130,22294,771446,3,4,4,9,
34131,25748,771446,33,33,3,8,
34132,934,771446,3,4,4,6,
34133,24131,771446,3,4,4,7,
34134,1467,771446,3,4,4,7,
34135,24662,771446,3,4,4,8,
34136,3371,771446,3,4,4,8,
34137,1016,771446,3,4,4,8,
34138,2138,771446,3,4,4,8,
34139,2939,771446,3,4,4,9,
34140,16133,771446,17,17,3,8,
34141,15437,771446,13,13,3,8,
34142,19215,771446,25,25,3,8,
34143,10986,771446,19,19,3,8,
34144,2503,771446,3,4,4,9,
34145,1588,771446,3,4,4,8,
34146,2862,771446,3,4,4,9,
34147,13802,771446,29,29,3,8,
34148,5548,771446,3,4,4,8,
34149,11450,771446,15,15,3,8,
34150,14448,771446,3,4,4,8,
34151,11823,771446,21,21,3,8,
34152,2575,771446,3,4,4,8,
34153,2762,771446,3,4,4,8,
34154,22661,771446,27,27,3,8,
34155,42895,771446,33,33,3,7,
34156,3606,771446,3,4,4,8,
34157,15725,771446,29,29,3,8,
34158,33924,771446,3,4,4,8,
34159,10020,771447,17,17,3,9,
34160,8737,771447,3,4,4,8,
34161,3478,771447,3,4,4,9,
34162,2271,771447,3,4,4,8,
34163,53266,771447,31,32,3,8,
34164,2085,771447,3,4,4,8,
34165,53807,771447,3,4,4,8,
34166,15522,771447,17,17,3,8,
34167,1613,771447,3,4,4,8,
34168,27656,771447,3,4,4,7,
34169,2507,771447,3,4,4,9,
34170,2252,771447,3,4,4,9,
34171,3433,771447,3,4,4,8,
34172,35853,771447,15,15,3,9,
34173,4700,771447,3,4,4,8,
34174,43705,771447,31,31,3,8,
34175,19904,771447,3,4,4,6,
34176,26949,771447,19,19,3,7,
34177,631,771447,3,4,4,7,
34178,831,771447,3,4,4,7,
34179,20204,771447,19,19,3,7,
34180,16079,771447,13,13,3,7,
34181,16988,771447,3,4,4,7,
34182,6439,771447,3,4,4,8,
34183,24724,771447,33,33,3,9,
34184,898,771447,3,4,4,8,
34185,25886,771447,27,27,3,8,
34186,50722,771447,3,4,4,9,
34187,55307,771447,33,33,3,9,
34188,52398,771447,27,27,3,9,
34189,49239,771447,25,25,3,8,
34190,56760,771447,33,33,3,8,
34191,48082,771447,31,31,3,9,
34192,6306,771447,3,4,4,8,
34193,41800,771447,17,17,3,8,
34194,35135,771447,3,4,4,8,
34195,26298,771447,31,31,3,8,
34196,23497,771447,25,25,3,9,
34197,19213,771447,31,31,3,8,
34198,7770,771447,3,4,4,9,
34199,19437,771447,33,33,3,8,
34200,13378,771447,25,25,3,8,
34201,13313,771447,3,4,4,9,
34202,20259,771447,33,33,3,9,
34203,2297,771447,3,4,4,9,
34204,1619,771447,3,4,4,9,
34205,1552,771447,3,4,4,9,
34206,16329,771447,3,4,4,8,
34207,19240,771447,31,31,3,9,
34208,15250,771447,19,19,3,8,
34209,20980,771447,23,23,3,8,
34210,7227,771447,13,13,3,9,
34211,18539,771447,25,25,3,9,
34212,1305,771447,3,4,4,9,
34213,2615,771447,3,4,4,9,
34214,7626,771447,19,19,3,8,
34215,11400,771447,19,19,3,9,
34216,12416,771447,25,25,3,9,
34217,14902,771447,25,25,3,9,
34218,15317,771447,25,25,3,9,
34219,15573,771447,3,4,4,8,
34220,17220,771447,33,33,3,8,
34221,24328,771447,31,31,3,9,
34222,14896,771447,3,4,4,8,
34223,30375,771447,33,33,3,9,
34224,8365,771447,17,17,3,8,
34225,6817,771447,15,15,3,8,
34226,26478,771447,3,4,4,9,
34227,5054,771447,3,4,4,8,
34228,1658,771447,3,4,4,9,
34229,12802,771447,15,15,3,8,
34230,29880,771447,29,29,3,8,
34231,9940,771447,19,19,3,8,
34232,8560,771447,3,4,4,8,
34233,21426,771447,23,23,3,8,
34234,28163,771447,23,23,3,8,
34235,12295,771447,25,25,3,9,
34236,1029,771447,3,4,4,8,
34237,1221,771447,3,4,4,8,
34238,21662,771447,3,4,4,8,
34239,1928,771447,3,4,4,8,
34240,42592,771447,31,31,3,8,
34241,19207,771447,3,4,4,8,
34242,20652,771447,17,17,3,9,
34243,28520,771447,27,27,3,8,
34244,22177,771447,19,19,3,9,
34245,25983,771447,19,19,3,8,
34246,22492,771447,3,4,4,9,
34247,24618,771447,33,33,3,8,
34248,3237,771447,3,4,4,8,
34249,4195,771447,3,4,4,8,
34250,19909,771447,19,19,3,9,
34251,19138,771447,3,4,4,8,
34252,2780,771447,3,4,4,9,
34253,11092,771447,19,19,3,9,
34254,10604,771447,3,4,4,9,
34255,14918,771447,33,33,3,8,
34256,2559,771447,3,4,4,9,
34257,16504,771447,25,25,3,9,
34258,16482,771447,3,4,4,8,
34259,8943,771447,17,17,3,9,
34260,1903,771447,3,4,4,9,
34261,12509,771447,17,17,3,9,
34262,12505,771447,3,4,4,9,
34263,2871,771447,3,4,4,9,
34264,16577,771447,23,23,3,7,
34265,17402,771447,31,31,3,8,
34266,17324,771447,3,4,4,7,
34267,14635,771447,21,21,3,8,
34268,7802,771447,17,17,3,8,
34269,11550,771447,13,13,3,9,
34270,1623,771447,3,4,4,8,
34271,19075,771447,29,29,3,8,
34272,2587,771447,3,4,4,9,
34273,19140,771447,3,4,4,8,
34274,12486,771447,23,23,3,8,
34275,4817,771447,13,13,3,8,
34276,16277,771447,25,25,3,8,
34277,1451,771447,3,4,4,7,
34278,3414,771447,3,4,4,7,
34279,22261,771447,33,33,3,8,
34280,2386,771447,3,4,4,9,
34281,2775,771447,3,4,4,8,
34282,30303,771447,33,33,3,8,
34283,1365,771447,3,4,4,8,
34284,1946,771447,3,4,4,8,
34285,1986,771447,3,4,4,8,
34286,16796,771447,21,21,3,9,
34287,1813,771447,3,4,4,7,
34288,16717,771447,3,4,4,8,
34289,2306,771447,3,4,4,9,
34290,6110,771447,3,4,4,8,
34291,16374,771447,21,21,3,8,
34292,14774,771447,27,27,3,9,
34293,18804,771447,31,31,3,8,
34294,2549,771447,3,4,4,9,
34295,10406,771447,17,17,3,7,
34296,2044,771447,3,4,4,8,
34297,22958,771447,33,33,3,8,
34298,16426,771447,27,27,3,8,
34299,2006,771447,3,4,4,8,
34300,10728,771447,3,4,4,7,
34301,13655,771447,33,33,3,9,
34302,13832,771447,3,4,4,8,
34303,2016,771447,3,4,4,8,
34304,8818,771447,3,4,4,8,
34305,2303,771447,3,4,4,9,
34306,3094,771447,3,4,4,9,
34307,18348,771447,33,33,3,8,
34308,18648,771447,3,4,4,9,
34309,10632,771447,25,25,3,9,
34310,13925,771447,23,23,3,9,
34311,13889,771447,27,27,3,7,
34312,14476,771447,3,4,4,8,
34313,9824,771447,3,4,4,9,
34314,8140,771447,15,15,3,8,
34315,16064,771447,27,27,3,8,
34316,9962,771447,3,4,4,8,
34317,1450,771447,3,4,4,9,
34318,6973,771447,15,15,3,9,
34319,9314,771447,13,13,3,8,
34320,8007,771447,15,15,3,9,
34321,14005,771447,27,27,3,7,
34322,13379,771447,27,27,3,8,
34323,3710,771447,3,4,4,8,
34324,33819,771447,29,29,3,9,
34325,12986,771447,3,4,4,8,
34326,2618,771447,3,4,4,9,
34327,4051,771447,3,4,4,8,
34328,2017,771447,3,4,4,8,
34329,1998,771447,3,4,4,9,
34330,2579,771447,3,4,4,8,
34331,3351,771447,3,4,4,9,
34332,2323,771447,3,4,4,8,
34333,2901,771447,3,4,4,9,
34334,11185,771447,13,13,3,8,
34335,2522,771447,3,4,4,8,
34336,22633,771447,33,33,3,8,
34337,15104,771447,33,33,3,9,
34338,10187,771447,3,4,4,9,
34339,21547,771447,33,33,3,7,
34340,17610,771447,27,27,3,9,
34341,1686,771447,3,4,4,8,
34342,22281,771447,3,4,4,9,
34343,5755,771447,13,13,3,8,
34344,15286,771447,21,21,3,9,
34345,1407,771447,3,4,4,9,
34346,2226,771447,3,4,4,9,
34347,14146,771447,25,25,3,7,
34348,15867,771447,23,23,3,9,
34349,8657,771447,13,13,3,8,
34350,13585,771447,29,29,3,9,
34351,10762,771447,3,4,4,8,
34352,7123,771447,3,4,4,7,
34353,1693,771447,3,4,4,8,
34354,4192,771447,3,4,4,8,
34355,2520,771447,3,4,4,8,
34356,7995,771447,21,21,3,9,
34357,1807,771447,3,4,4,8,
34358,8018,771447,3,4,4,8,
34359,2292,771447,3,4,4,8,
34360,1658,771447,3,4,4,7,
34361,18347,771447,31,31,3,9,
34362,1780,771447,3,4,4,8,
34363,1891,771447,3,4,4,8,
34364,1983,771447,3,4,4,8,
34365,20631,771447,13,13,3,8,
34366,2154,771447,3,4,4,7,
34367,1995,771447,3,4,4,8,
34368,14011,771447,17,17,3,9,
34369,7780,771447,15,15,3,8,
34370,19776,771447,31,31,3,7,
34371,17915,771447,33,33,3,7,
34372,21489,771447,3,4,4,7,
34373,15905,771447,27,27,3,8,
34374,19484,771447,33,33,3,8,
34375,12974,771447,33,33,3,9,
34376,10301,771447,3,4,4,9,
34377,5654,771447,3,4,4,8,
34378,4836,771447,3,4,4,9,
34379,6829,771447,3,4,4,8,
34380,12720,771447,21,21,3,9,
34381,12599,771447,3,4,4,8,
34382,1742,771447,3,4,4,7,
34383,1307,771447,3,4,4,8,
34384,15419,771447,29,29,3,8,
34385,1730,771447,3,4,4,7,
34386,10405,771447,21,21,3,7,
34387,12688,771447,19,19,3,8,
34388,2574,771447,3,4,4,8,
34389,18831,771447,31,31,3,8,
34390,18988,771447,27,27,3,8,
34391,21177,771447,31,31,3,9,
34392,28701,771447,33,33,3,8,
34393,19552,771447,3,4,4,8,
34394,15640,771447,31,31,3,8,
34395,16798,771447,3,4,4,8,
34396,13137,771447,3,4,4,9,
34397,2686,771447,3,4,4,8,
34398,10145,771447,19,19,3,8,
34399,11107,771447,3,4,4,8,
34400,11460,771447,3,4,4,8,
34401,12106,771447,27,27,3,7,
34402,2896,771447,3,4,4,7,
34403,13383,771447,3,4,4,8,
34404,12916,771447,29,29,3,7,
34405,1983,771447,3,4,4,8,
34406,4939,771447,13,13,3,8,
34407,28679,771447,13,13,3,9,
34408,2078,771447,3,4,4,8,
34409,4238,771447,3,4,4,8,
34410,5570,771447,13,13,3,8,
34411,6296,771447,3,4,4,8,
34412,1109,771447,3,4,4,9,
34413,4181,771447,3,4,4,7,
34414,1914,771447,3,4,4,8,
34415,29180,771447,23,23,3,8,
34416,22828,771447,17,17,3,7,
34417,23372,771447,17,17,3,7,
34418,12591,771447,17,17,3,8,
34419,20844,771447,13,13,3,8,
34420,20070,771447,3,4,4,7,
34421,17514,771447,13,13,3,7,
34422,21600,771447,3,4,4,8,
34423,17727,771447,3,4,4,9,
34424,18677,771447,15,15,3,9,
34425,3274,771447,3,4,4,8,
34426,3500,771447,3,4,4,8,
34427,28465,771447,23,23,3,8,
34428,2783,771447,3,4,4,7,
34429,22518,771447,27,27,3,8,
34430,16296,771447,25,25,3,7,
34431,2766,771447,3,4,4,9,
34432,13182,771447,19,19,3,8,
34433,2120,771447,3,4,4,8,
34434,22173,771447,3,4,4,8,
34435,12809,771447,3,4,4,8,
34436,2305,771447,3,4,4,9,
34437,11981,771447,17,17,3,7,
34438,10693,771447,3,4,4,8,
34439,19674,771447,27,27,3,9,
34440,30552,771447,23,23,3,8,
34441,20331,771447,13,13,3,8,
34442,30164,771447,33,33,3,7,
34443,12063,771447,3,4,4,8,
34444,22054,771447,33,33,3,8,
34445,17984,771447,19,19,3,9,
34446,16956,771447,25,25,3,9,
34447,17054,771447,3,4,4,9,
34448,25982,771447,33,33,3,8,
34449,16642,771447,25,25,3,9,
34450,25039,771447,3,4,4,8,
34451,10712,771447,3,4,4,8,
34452,61451,771447,23,23,3,8,
34453,7136,771447,3,4,4,8,
34454,17307,771447,23,23,3,9,
34455,63808,771447,17,17,3,9,
34456,55590,771447,25,25,3,9,
34457,2557,771447,3,4,4,8,
34458,43475,771447,19,19,3,8,
34459,3095,771447,3,4,4,8,
34460,62149,771447,15,15,3,9,
34461,5124,771447,3,4,4,7,
34462,87122,771447,25,25,3,8,
34463,82675,771447,25,25,3,7,
34464,84025,771447,3,4,4,7,
34465,34767,771447,17,17,3,8,
34466,84121,771447,29,29,3,8,
34467,63904,771447,33,33,3,8,
34468,1638,771447,3,4,4,8,
34469,9170,771447,15,15,3,8,
34470,8108,771447,3,4,4,9,
34471,38300,771447,3,4,4,8,
34472,36733,771447,19,19,3,8,
34473,54819,771447,27,27,3,8,
34474,39768,771447,17,17,3,9,
34475,3157,771447,3,4,4,7,
34476,1319,771447,3,4,4,7,
34477,30496,771447,29,29,3,7,
34478,29385,771447,33,33,3,7,
34479,24717,771447,31,31,3,8,
34480,25750,771447,19,19,3,9,
34481,26449,771447,3,4,4,8,
34482,710,771447,3,4,4,8,
34483,1817,771447,3,4,4,9,
34484,25745,771447,31,31,3,8,
34485,25674,771447,3,4,4,8,
34486,15092,771447,3,4,4,9,
34487,25035,771447,21,21,3,8,
34488,10207,771447,17,17,3,8,
34489,9110,771447,21,21,3,9,
34490,9574,771447,15,15,3,8,
34491,2218,771447,3,4,4,9,
34492,16304,771447,19,19,3,8,
34493,17306,771447,3,4,4,8,
34494,9076,771447,3,4,4,8,
34495,18050,771447,25,25,3,7,
34496,16188,771447,3,4,4,8,
34497,2550,771447,3,4,4,8,
34498,18980,771447,29,29,3,8,
34499,2704,771447,3,4,4,8,
34500,26125,771447,33,33,3,8,
34501,4843,771447,3,4,4,8,
34502,18828,771447,27,27,3,9,
34503,2974,771447,3,4,4,9,
34504,2193,771447,3,4,4,9,
34505,1582,771447,3,4,4,9,
34506,12303,771447,21,21,3,8,
34507,2854,771447,3,4,4,8,
34508,13380,771447,3,4,4,8,
34509,13680,771447,23,23,3,9,
34510,1457,771447,3,4,4,7,
34511,12630,771447,3,4,4,7,
34512,1870,771447,3,4,4,8,
34513,12207,771447,23,23,3,8,
34514,7974,771447,15,15,3,8,
34515,19398,771447,33,33,3,8,
34516,23768,771447,25,25,3,8,
34517,6299,771447,3,4,4,9,
34518,3301,771447,3,4,4,9,
34519,13233,771447,25,25,3,8,
34520,3213,771447,3,4,4,8,
34521,2839,771447,3,4,4,8,
34522,18179,771447,31,31,3,8,
34523,3188,771447,3,4,4,8,
34524,11241,771447,15,15,3,7,
34525,7196,771447,13,13,3,9,
34526,17335,771447,25,25,3,8,
34527,18198,771447,3,4,4,8,
34528,10671,771447,3,4,4,8,
34529,17175,771447,3,4,4,9,
34530,2557,771447,3,4,4,8,
34531,20786,771447,33,33,3,8,
34532,16898,771447,27,27,3,8,
34533,15093,771447,23,23,3,8,
34534,20270,771447,27,27,3,8,
34535,15462,771447,21,21,3,8,
34536,16991,771447,3,4,4,8,
34537,24779,771447,33,33,3,8,
34538,18801,771447,31,31,3,8,
34539,24784,771447,3,4,4,9,
34540,18707,771447,3,4,4,9,
34541,5743,771447,3,4,4,8,
34542,8793,771447,13,13,3,8,
34543,13774,771447,15,15,3,7,
34544,9432,771447,13,13,3,8,
34545,20444,771447,31,31,3,9,
34546,15205,771447,23,23,3,8,
34547,19473,771447,3,4,4,9,
34548,1433,771447,3,4,4,8,
34549,3935,771447,3,4,4,8,
34550,982,771447,3,4,4,9,
34551,24960,771447,31,31,3,9,
34552,22038,771447,29,29,3,8,
34553,2258,771447,3,4,4,8,
34554,2769,771447,3,4,4,7,
34555,12723,771447,17,17,3,8,
34556,12857,771447,19,19,3,8,
34557,1080,771447,3,4,4,8,
34558,14124,771447,31,31,3,8,
34559,19975,771447,31,31,3,9,
34560,20362,771447,3,4,4,9,
34561,24653,771447,23,23,3,9,
34562,1377,771447,3,4,4,8,
34563,12642,771447,19,19,3,8,
34564,20175,771447,25,25,3,8,
34565,16229,771447,21,21,3,9,
34566,12007,771447,15,15,3,9,
34567,15171,771447,3,4,4,9,
34568,2270,771447,3,4,4,8,
34569,2698,771447,3,4,4,8,
34570,20593,771447,27,27,3,8,
34571,2410,771447,3,4,4,9,
34572,4280,771447,13,13,3,8,
34573,19261,771447,3,4,4,8,
34574,1444,771447,3,4,4,8,
34575,5576,771447,13,13,3,9,
34576,26633,771447,31,31,3,8,
34577,6126,771447,3,4,4,8,
34578,26542,771447,3,4,4,9,
34579,4209,771447,3,4,4,8,
34580,29027,771447,33,33,3,8,
34581,23078,771447,33,33,3,9,
34582,11075,771447,13,13,3,7,
34583,26083,771447,25,25,3,8,
34584,8225,771447,19,19,3,8,
34585,12675,771447,17,17,3,8,
34586,22464,771447,29,29,3,9,
34587,1949,771447,3,4,4,8,
34588,2583,771447,3,4,4,8,
34589,11498,771447,17,17,3,9,
34590,11323,771447,15,15,3,8,
34591,20879,771447,23,23,3,7,
34592,12230,771447,3,4,4,8,
34593,13819,771447,25,25,3,8,
34594,14366,771447,3,4,4,6,
34595,15038,771447,3,4,4,8,
34596,4175,771447,3,4,4,8,
34597,29848,771447,31,31,3,8,
34598,6628,771447,3,4,4,8,
34599,1375,771447,3,4,4,8,
34600,28758,771447,3,4,4,8,
34601,1591,771447,3,4,4,9,
34602,1653,771447,3,4,4,9,
34603,23774,771447,27,27,3,9,
34604,13040,771447,15,15,3,8,
34605,4192,771447,3,4,4,8,
34606,12660,771447,17,17,3,7,
34607,21763,771447,25,25,3,7,
34608,2055,771447,3,4,4,7,
34609,20658,771447,33,33,3,6,
34610,12183,771447,3,4,4,8,
34611,34543,771447,25,25,3,8,
34612,15100,771447,31,31,3,9,
34613,7221,771447,13,13,3,9,
34614,9637,771447,17,17,3,7,
34615,11604,771447,3,4,4,8,
34616,3718,771447,3,4,4,8,
34617,4535,771447,3,4,4,7,
34618,43699,771447,31,31,3,8,
34619,714,771447,3,4,4,7,
34620,577,771447,3,4,4,7,
34621,2479,771447,3,4,4,7,
34622,3120,771447,3,4,4,7,
34623,20838,771447,27,27,3,6,
34624,3062,771447,3,4,4,7,
34625,15161,771447,3,4,4,7,
34626,39710,771447,31,31,3,7,
34627,3376,771447,3,4,4,8,
34628,21834,771447,3,4,4,9,
34629,1229,771447,3,4,4,8,
34630,34058,771447,29,29,3,8,
34631,1623,771447,3,4,4,8,
34632,14740,771447,23,23,3,7,
34633,34586,771447,3,4,4,8,
34634,12697,771447,25,25,3,9,
34635,31070,771447,19,19,3,9,
34636,31896,771447,25,25,3,9,
34637,2204,771447,3,4,4,8,
34638,2970,771447,3,4,4,8,
34639,34167,771447,33,33,3,8,
34640,30931,771447,23,23,3,9,
34641,31660,771447,29,29,3,7,
34642,31724,771447,3,4,4,8,
34643,2654,771447,3,4,4,8,
34644,23343,771447,29,30,3,8,
34645,922,771447,3,4,4,7,
34646,22749,771447,3,4,4,7,
34647,1695,771447,3,4,4,8,
34648,3407,771447,3,4,4,9,
34649,1918,771447,3,4,4,8,
34650,12868,771447,17,17,3,8,
34651,23793,771447,33,33,3,8,
34652,13142,771447,3,4,4,9,
34653,21945,771447,31,31,3,9,
34654,25228,771447,33,33,3,9,
34655,9674,771447,15,15,3,8,
34656,10550,771447,3,4,4,7,
34657,20158,771447,33,33,3,9,
34658,1007,771447,3,4,4,9,
34659,1931,771447,3,4,4,9,
34660,2816,771447,3,4,4,9,
34661,4122,771447,3,4,4,8,
34662,1704,771447,3,4,4,8,
34663,11545,771447,17,17,3,8,
34664,2717,771447,3,4,4,9,
34665,14651,771447,29,29,3,8,
34666,2677,771447,3,4,4,8,
34667,15780,771447,3,4,4,8,
34668,13678,771447,23,23,3,8,
34669,14009,771447,27,27,3,8,
34670,19299,771447,13,13,3,9,
34671,2688,771447,3,4,4,9,
34672,2210,771447,3,4,4,9,
34673,2671,771447,3,4,4,8,
34674,1825,771447,3,4,4,9,
34675,6692,771447,3,4,4,8,
34676,13037,771447,27,27,3,8,
34677,6860,771447,19,19,3,8,
34678,13118,771447,3,4,4,8,
34679,14975,771447,19,19,3,9,
34680,1371,771447,3,4,4,8,
34681,9958,771447,17,17,3,8,
34682,8475,771447,3,4,4,9,
34683,1687,771447,3,4,4,8,
34684,10436,771447,3,4,4,9,
34685,18502,771447,29,29,3,8,
34686,20421,771447,33,33,3,8,
34687,25129,771447,33,33,3,9,
34688,2726,771447,3,4,4,8,
34689,13111,771447,21,21,3,7,
34690,15399,771447,21,21,3,8,
34691,12229,771447,3,4,4,8,
34692,10010,771447,15,15,3,8,
34693,9482,771447,23,23,3,8,
34694,10060,771447,21,21,3,8,
34695,21799,771447,19,19,3,9,
34696,2520,771447,3,4,4,7,
34697,7849,771447,3,4,4,8,
34698,15056,771447,29,29,3,8,
34699,8787,771447,15,15,3,8,
34700,15064,771447,3,4,4,8,
34701,2208,771447,3,4,4,8,
34702,14581,771447,31,31,3,9,
34703,7670,771447,13,13,3,9,
34704,13569,771447,25,25,3,8,
34705,7530,771447,3,4,4,9,
34706,1645,771447,3,4,4,9,
34707,13686,771447,31,31,3,8,
34708,14067,771447,3,4,4,7,
34709,8823,771447,3,4,4,9,
34710,1839,771447,3,4,4,9,
34711,13388,771447,27,27,3,7,
34712,12909,771447,27,27,3,6,
34713,4999,771447,3,4,4,8,
34714,1200,771447,3,4,4,9,
34715,2024,771447,3,4,4,7,
34716,3343,771447,3,4,4,9,
34717,3230,771447,3,4,4,8,
34718,10250,771447,27,27,3,5,
34719,9994,771447,3,4,4,3,
34720,6586,771447,13,13,3,6,
34721,1943,771447,3,4,4,9,
34722,1906,771447,3,4,4,7,
34723,5985,771447,3,4,4,5,
34724,1017,771447,3,4,4,1,
34725,1313,771447,3,4,4,0,
34726,973,771447,3,4,4,1,
34727,890,771447,3,4,4,0,
34728,770,771447,3,4,4,1,
34729,1130,771447,3,4,4,1,
34730,1077,771447,3,4,4,2,
34731,1137,771447,3,4,4,3,
34732,9117,771447,21,21,3,5,
34733,8036,771447,19,19,3,6,
34734,1933,771447,3,4,4,6,
34735,16277,771447,33,33,3,6,
34736,879,771447,3,4,4,6,
34737,3160,771447,3,4,4,7,
34738,52523,771447,25,25,3,5,
34739,7193,771447,17,17,3,7,
34740,1255,771447,3,4,4,8,
34741,15347,771447,29,29,3,8,
34742,3159,771447,3,4,4,8,
34743,6979,771447,3,4,4,8,
34744,14823,771447,3,4,4,9,
34745,15066,771447,31,31,3,8,
34746,6608,771447,15,15,3,9,
34747,1967,771447,3,4,4,8,
34748,41139,771447,27,27,3,8,
34749,40860,771447,31,31,3,8,
34750,44591,771447,3,4,4,8,
34751,39755,771447,3,4,4,7,
34752,36103,771447,3,4,4,9,
34753,37026,771447,3,4,4,8,
34754,1826,771447,3,4,4,9,
34755,33778,771447,17,17,3,6,
34756,34003,771447,3,4,4,6,
34757,13242,771447,3,4,4,7,
34758,1884,771447,3,4,4,6,
34759,1739,771447,3,4,4,6,
34760,2349,771447,3,4,4,5,
34761,1439,771447,3,4,4,6,
34762,2045,771447,3,4,4,7,
34763,2823,771447,3,4,4,7,
34764,10281,771447,31,31,3,8,
34765,12416,771447,25,25,3,8,
34766,10661,771447,3,4,4,8,
34767,12898,771447,3,4,4,8,
34768,13815,771447,23,23,3,8,
34769,7306,771447,19,19,3,8,
34770,10585,771447,25,25,3,8,
34771,13176,771447,3,4,4,8,
34772,16051,771447,27,27,3,8,
34773,8147,771447,19,19,3,8,
34774,31715,771447,31,31,3,9,
34775,17819,771447,29,29,3,8,
34776,18293,771447,3,4,4,8,
34777,17159,771447,29,29,3,8,
34778,12076,771447,17,17,3,9,
34779,8169,771447,15,15,3,8,
34780,18798,771447,25,25,3,9,
34781,2285,771447,3,4,4,9,
34782,22477,771447,33,33,3,8,
34783,10107,771447,13,13,3,9,
34784,11077,771447,17,17,3,8,
34785,16513,771447,33,33,3,8,
34786,8472,771447,3,4,4,9,
34787,10085,771447,19,19,3,8,
34788,16363,771447,27,27,3,8,
34789,10785,771447,3,4,4,8,
34790,10153,771447,19,19,3,8,
34791,10297,771447,17,17,3,8,
34792,10361,771447,15,15,3,9,
34793,10538,771447,3,4,4,8,
34794,1034,771447,3,4,4,7,
34795,6008,771447,13,13,3,7,
34796,3117,771447,3,4,4,9,
34797,6028,771447,3,4,4,8,
34798,2255,771447,3,4,4,8,
34799,1456,771447,3,4,4,8,
34800,9196,771447,23,23,3,8,
34801,7888,771447,17,17,3,9,
34802,1419,771447,3,4,4,8,
34803,15266,771447,19,19,3,8,
34804,15067,771447,33,33,3,8,
34805,1820,771447,3,4,4,8,
34806,14830,771447,3,4,4,9,
34807,10427,771447,21,21,3,8,
34808,15210,771447,33,33,3,8,
34809,6470,771447,3,4,4,9,
34810,10161,771447,3,4,4,9,
34811,15086,771447,3,4,4,9,
34812,13146,771447,23,23,3,9,
34813,12345,771447,25,25,3,9,
34814,12202,771447,3,4,4,9,
34815,1498,771447,3,4,4,9,
34816,2752,771447,3,4,4,8,
34817,12753,771447,21,21,3,9,
34818,5837,771447,3,4,4,8,
34819,1743,771447,3,4,4,8,
34820,21195,771447,29,29,3,8,
34821,29118,771447,31,31,3,9,
34822,16221,771447,23,24,3,8,
34823,7249,771447,13,13,3,9,
34824,18440,771447,27,27,3,9,
34825,1674,771447,3,4,4,8,
34826,2050,771448,3,4,4,9,
34827,1772,771448,3,4,4,8,
34828,12464,771448,17,17,3,8,
34829,6898,771448,15,15,3,9,
34830,11910,771448,3,4,4,8,
34831,21093,771448,31,31,3,9,
34832,14122,771448,27,27,3,9,
34833,8585,771448,17,17,3,8,
34834,16706,771448,3,4,4,8,
34835,7131,771448,13,13,3,8,
34836,1308,771448,3,4,4,8,
34837,2589,771448,3,4,4,9,
34838,9933,771448,17,17,3,8,
34839,11212,771448,19,19,3,8,
34840,4667,771448,3,4,4,8,
34841,2887,771448,3,4,4,9,
34842,13319,771448,23,23,3,9,
34843,1328,771448,3,4,4,9,
34844,15914,771448,27,27,3,8,
34845,2311,771448,3,4,4,9,
34846,15790,771448,3,4,4,9,
34847,12083,771448,21,21,3,9,
34848,11171,771448,21,21,3,8,
34849,2494,771448,3,4,4,9,
34850,9534,771448,15,15,3,8,
34851,1964,771448,3,4,4,8,
34852,4807,771448,13,13,3,8,
34853,7558,771448,17,17,3,7,
34854,8850,771448,3,4,4,8,
34855,7393,771448,3,4,4,9,
34856,22970,771448,31,31,3,8,
34857,18307,771448,29,29,3,8,
34858,11706,771448,21,21,3,7,
34859,6896,771448,13,13,3,8,
34860,17187,771448,27,27,3,8,
34861,2182,771448,3,4,4,9,
34862,3003,771448,3,4,4,8,
34863,1598,771448,3,4,4,8,
34864,17483,771448,3,4,4,8,
34865,12162,771448,33,33,3,9,
34866,11300,771448,19,19,3,8,
34867,12406,771448,19,19,3,9,
34868,10820,771448,17,17,3,9,
34869,5693,771448,3,4,4,9,
34870,6596,771448,13,13,3,9,
34871,6295,771448,3,4,4,8,
34872,9633,771448,23,23,3,8,
34873,5662,771448,3,4,4,8,
34874,1248,771448,3,4,4,9,
34875,9667,771448,19,19,3,8,
34876,9058,771448,3,4,4,8,
34877,10076,771448,3,4,4,9,
34878,17290,771448,33,33,3,9,
34879,1924,771448,3,4,4,8,
34880,2822,771448,3,4,4,8,
34881,16561,771448,3,4,4,8,
34882,19415,771448,29,29,3,8,
34883,15471,771448,27,27,3,8,
34884,8113,771448,15,15,3,9,
34885,16056,771448,25,25,3,8,
34886,12900,771448,25,25,3,9,
34887,13614,771448,3,4,4,7,
34888,2307,771448,3,4,4,9,
34889,2219,771448,3,4,4,8,
34890,10072,771448,19,19,3,8,
34891,11201,771448,3,4,4,8,
34892,10286,771448,21,21,3,8,
34893,16039,771448,21,21,3,8,
34894,11530,771448,17,17,3,8,
34895,11183,771448,17,17,3,8,
34896,23046,771448,33,33,3,8,
34897,9661,771448,17,17,3,8,
34898,12301,771448,15,15,3,7,
34899,5498,771448,15,15,3,8,
34900,15425,771448,25,25,3,8,
34901,12133,771448,3,4,4,9,
34902,18885,771448,33,33,3,9,
34903,17273,771448,33,33,3,8,
34904,1677,771448,3,4,4,8,
34905,14729,771448,19,19,3,8,
34906,8579,771448,19,19,3,9,
34907,10152,771448,19,19,3,8,
34908,12322,771448,3,4,4,8,
34909,1954,771448,3,4,4,9,
34910,11819,771448,19,19,3,8,
34911,12058,771448,3,4,4,8,
34912,5367,771448,3,4,4,9,
34913,7247,771448,17,17,3,8,
34914,2152,771448,3,4,4,8,
34915,5628,771448,3,4,4,8,
34916,3553,771448,3,4,4,8,
34917,2131,771448,3,4,4,8,
34918,3163,771448,3,4,4,7,
34919,2755,771448,3,4,4,8,
34920,14153,771448,29,29,3,9,
34921,15239,771448,25,25,3,8,
34922,12779,771448,25,25,3,7,
34923,14817,771448,31,31,3,8,
34924,2488,771448,3,4,4,8,
34925,12905,771448,25,25,3,7,
34926,15049,771448,3,4,4,7,
34927,12327,771448,3,4,4,8,
34928,13726,771448,25,25,3,8,
34929,1768,771448,3,4,4,9,
34930,1736,771448,3,4,4,9,
34931,2472,771448,3,4,4,9,
34932,8118,771448,13,13,3,8,
34933,7883,771448,3,4,4,7,
34934,1530,771448,3,4,4,7,
34935,2224,771448,3,4,4,8,
34936,2245,771448,3,4,4,7,
34937,3253,771448,3,4,4,8,
34938,2434,771448,3,4,4,8,
34939,3551,771448,3,4,4,7,
34940,1795,771448,3,4,4,7,
34941,12518,771448,21,21,3,8,
34942,1813,771448,3,4,4,8,
34943,2494,771448,3,4,4,7,
34944,20795,771448,27,27,3,8,
34945,3817,771448,3,4,4,8,
34946,12672,771448,3,4,4,8,
34947,2448,771448,3,4,4,8,
34948,9252,771448,13,13,3,8,
34949,14157,771448,27,27,3,8,
34950,2483,771448,3,4,4,8,
34951,29747,771448,29,29,3,8,
34952,19357,771448,33,33,3,8,
34953,12762,771448,23,23,3,8,
34954,9142,771448,19,19,3,8,
34955,14143,771448,3,4,4,9,
34956,20453,771448,29,29,3,9,
34957,11207,771448,23,23,3,9,
34958,11298,771448,3,4,4,9,
34959,9555,771448,15,15,3,8,
34960,12124,771448,19,19,3,9,
34961,18297,771448,33,33,3,8,
34962,17770,771448,3,4,4,7,
34963,14100,771448,29,29,3,8,
34964,1865,771448,3,4,4,8,
34965,11874,771448,17,17,3,8,
34966,10279,771448,19,19,3,9,
34967,5323,771448,13,13,3,8,
34968,8715,771448,13,13,3,8,
34969,9624,771448,3,4,4,8,
34970,5041,771448,3,4,4,7,
34971,2109,771448,3,4,4,8,
34972,3504,771448,3,4,4,7,
34973,2208,771448,3,4,4,6,
34974,4133,771448,3,4,4,8,
34975,2691,771448,3,4,4,9,
34976,4585,771448,3,4,4,6,
34977,20387,771448,33,33,3,7,
34978,11800,771448,15,15,3,7,
34979,26322,771448,31,31,3,7,
34980,20460,771448,3,4,4,8,
34981,16644,771448,31,31,3,8,
34982,18303,771448,31,31,3,9,
34983,16488,771448,25,25,3,8,
34984,10942,771448,21,21,3,8,
34985,7034,771448,13,13,3,9,
34986,7084,771448,3,4,4,8,
34987,2416,771448,3,4,4,9,
34988,1831,771448,3,4,4,8,
34989,9543,771448,19,19,3,9,
34990,9650,771448,13,13,3,9,
34991,10739,771448,21,21,3,8,
34992,9792,771448,3,4,4,9,
34993,9060,771448,19,19,3,8,
34994,9599,771448,3,4,4,8,
34995,8549,771448,3,4,4,9,
34996,5851,771448,13,13,3,9,
34997,5803,771448,3,4,4,8,
34998,4346,771448,3,4,4,8,
34999,16509,771448,33,33,3,8,
35000,18142,771448,3,4,4,8,
35001,6411,771448,15,15,3,9,
35002,2196,771448,3,4,4,7,
35003,2067,771448,3,4,4,7,
35004,2405,771448,3,4,4,8,
35005,4869,771448,3,4,4,8,
35006,2447,771448,3,4,4,8,
35007,14792,771448,29,29,3,7,
35008,15351,771448,33,33,3,8,
35009,3061,771448,3,4,4,8,
35010,15590,771448,3,4,4,8,
35011,15263,771448,3,4,4,7,
35012,2642,771448,3,4,4,9,
35013,16510,771448,23,23,3,8,
35014,8571,771448,17,17,3,7,
35015,17948,771448,3,4,4,8,
35016,5453,771448,13,13,3,9,
35017,3867,771448,3,4,4,7,
35018,39389,771448,31,31,3,8,
35019,35801,771448,21,21,3,9,
35020,35301,771448,19,19,3,7,
35021,3158,771448,3,4,4,8,
35022,40230,771448,33,33,3,7,
35023,35629,771448,3,4,4,7,
35024,4623,771448,3,4,4,8,
35025,55184,771448,23,23,3,9,
35026,3526,771448,3,4,4,8,
35027,33560,771448,21,21,3,8,
35028,27484,771448,3,4,4,8,
35029,33416,771448,3,4,4,9,
35030,33237,771448,29,29,3,9,
35031,3021,771448,3,4,4,7,
35032,2818,771448,3,4,4,8,
35033,18368,771448,3,4,4,9,
35034,11317,771448,17,17,3,8,
35035,6802,771448,15,15,3,8,
35036,7288,771448,3,4,4,8,
35037,31459,771448,31,31,3,8,
35038,18294,771448,25,25,3,8,
35039,6376,771448,13,13,3,8,
35040,25848,771448,25,25,3,9,
35041,12782,771448,25,25,3,8,
35042,16984,771448,29,29,3,9,
35043,12499,771448,3,4,4,8,
35044,11478,771448,25,25,3,9,
35045,11822,771448,19,19,3,8,
35046,12907,771448,3,4,4,9,
35047,11069,771448,3,4,4,9,
35048,2252,771448,3,4,4,8,
35049,15488,771448,21,21,3,9,
35050,11128,771448,3,4,4,9,
35051,1190,771448,3,4,4,9,
35052,21028,771448,33,33,3,8,
35053,16614,771448,29,29,3,8,
35054,19006,771448,31,31,3,9,
35055,13283,771448,23,23,3,9,
35056,12857,771448,3,4,4,7,
35057,1767,771448,3,4,4,9,
35058,7833,771448,13,13,3,9,
35059,7375,771448,3,4,4,8,
35060,2590,771448,3,4,4,9,
35061,18736,771448,33,33,3,9,
35062,18132,771448,3,4,4,9,
35063,8443,771448,3,4,4,9,
35064,19143,771448,27,27,3,8,
35065,17395,771448,27,27,3,9,
35066,12939,771448,21,21,3,8,
35067,3988,771448,3,4,4,8,
35068,20970,771448,31,31,3,9,
35069,2270,771448,3,4,4,8,
35070,14953,771448,23,23,3,8,
35071,21771,771448,25,25,3,8,
35072,10319,771448,17,17,3,8,
35073,38192,771448,23,23,3,9,
35074,1970,771448,3,4,4,8,
35075,17268,771448,31,31,3,8,
35076,17240,771448,27,27,3,8,
35077,18193,771448,3,4,4,8,
35078,1014,771448,3,4,4,8,
35079,15561,771448,31,31,3,8,
35080,1648,771448,3,4,4,9,
35081,11831,771448,27,27,3,9,
35082,24473,771448,33,33,3,8,
35083,14749,771448,3,4,4,8,
35084,9429,771448,3,4,4,8,
35085,18260,771448,29,29,3,9,
35086,12992,771448,23,23,3,8,
35087,2866,771448,3,4,4,8,
35088,22880,771448,33,33,3,9,
35089,2238,771448,3,4,4,8,
35090,2521,771448,3,4,4,8,
35091,8584,771448,15,15,3,9,
35092,2471,771448,3,4,4,8,
35093,2489,771448,3,4,4,8,
35094,11404,771448,17,17,3,8,
35095,21261,771448,31,31,3,9,
35096,11898,771448,3,4,4,8,
35097,14448,771448,21,21,3,9,
35098,13182,771448,3,4,4,9,
35099,8734,771448,15,15,3,8,
35100,23737,771448,31,31,3,8,
35101,1243,771448,3,4,4,9,
35102,2272,771448,3,4,4,9,
35103,11859,771448,13,13,3,8,
35104,15904,771448,21,21,3,8,
35105,22177,771448,33,33,3,8,
35106,14879,771448,3,4,4,9,
35107,22184,771448,33,33,3,8,
35108,16187,771448,3,4,4,9,
35109,2260,771448,3,4,4,8,
35110,1305,771448,3,4,4,8,
35111,23554,771448,33,33,3,8,
35112,15346,771448,29,29,3,8,
35113,13877,771448,27,27,3,8,
35114,21199,771448,33,33,3,8,
35115,1343,771448,3,4,4,9,
35116,21425,771448,33,33,3,8,
35117,22921,771448,3,4,4,9,
35118,11056,771448,23,23,3,9,
35119,10880,771448,3,4,4,9,
35120,12382,771448,27,27,3,8,
35121,13495,771448,3,4,4,8,
35122,13227,771448,19,19,3,8,
35123,25939,771448,23,23,3,8,
35124,5269,771448,17,17,3,9,
35125,1877,771448,3,4,4,8,
35126,2677,771448,3,4,4,8,
35127,4685,771448,3,4,4,9,
35128,14988,771448,27,27,3,9,
35129,14332,771448,3,4,4,8,
35130,3270,771448,3,4,4,8,
35131,14522,771448,29,29,3,9,
35132,3805,771448,3,4,4,8,
35133,14518,771448,3,4,4,8,
35134,6669,771448,15,15,3,8,
35135,17581,771448,23,23,3,9,
35136,13016,771448,31,31,3,8,
35137,8666,771448,17,17,3,8,
35138,22294,771448,23,23,3,7,
35139,5563,771448,3,4,4,9,
35140,8806,771448,19,19,3,8,
35141,9155,771448,3,4,4,9,
35142,9062,771448,3,4,4,8,
35143,11628,771448,19,19,3,8,
35144,11718,771448,15,15,3,8,
35145,12596,771448,3,4,4,9,
35146,10571,771448,13,13,3,7,
35147,16428,771448,33,33,3,8,
35148,17288,771448,33,33,3,9,
35149,9452,771448,21,21,3,8,
35150,29610,771448,27,27,3,8,
35151,10582,771448,3,4,4,9,
35152,9385,771448,17,17,3,7,
35153,12440,771448,19,19,3,8,
35154,16247,771448,19,19,3,8,
35155,13503,771448,3,4,4,9,
35156,11596,771448,19,19,3,9,
35157,2760,771448,3,4,4,9,
35158,14490,771448,31,31,3,8,
35159,15781,771448,33,33,3,8,
35160,14461,771448,3,4,4,8,
35161,12429,771448,25,25,3,8,
35162,16394,771448,3,4,4,9,
35163,1851,771448,3,4,4,9,
35164,9591,771448,3,4,4,8,
35165,6468,771448,15,15,3,9,
35166,6311,771448,3,4,4,8,
35167,6983,771448,3,4,4,8,
35168,12926,771448,19,19,3,8,
35169,21554,771448,25,25,3,7,
35170,15366,771448,23,23,3,8,
35171,24815,771448,33,33,3,8,
35172,18549,771448,29,29,3,8,
35173,22328,771448,33,33,3,7,
35174,25175,771448,3,4,4,8,
35175,23461,771448,3,4,4,9,
35176,13745,771448,19,19,3,9,
35177,13161,771448,3,4,4,9,
35178,7224,771448,3,4,4,8,
35179,7673,771448,3,4,4,8,
35180,1666,771448,3,4,4,9,
35181,12702,771448,21,22,3,8,
35182,2972,771448,3,4,4,9,
35183,5123,771448,3,4,4,8,
35184,16825,771448,23,23,3,8,
35185,20603,771448,33,33,3,8,
35186,17837,771448,21,21,3,8,
35187,17020,771448,27,27,3,8,
35188,3063,771448,3,4,4,8,
35189,10228,771448,13,13,3,9,
35190,11283,771448,13,13,3,8,
35191,16841,771448,3,4,4,9,
35192,12995,771448,19,19,3,8,
35193,18832,771448,19,19,3,9,
35194,6945,771448,3,4,4,9,
35195,14655,771448,27,27,3,9,
35196,15081,771448,17,17,3,8,
35197,12703,771448,21,21,3,9,
35198,12459,771448,3,4,4,8,
35199,11409,771448,3,4,4,7,
35200,1551,771448,3,4,4,8,
35201,9847,771448,17,17,3,8,
35202,17046,771448,19,19,3,8,
35203,15965,771448,21,21,3,8,
35204,14263,771448,23,23,3,9,
35205,21850,771448,21,21,3,9,
35206,20370,771448,25,25,3,8,
35207,17025,771448,27,27,3,9,
35208,18112,771448,21,21,3,7,
35209,10341,771448,17,17,3,8,
35210,19530,771448,3,4,4,8,
35211,13653,771448,19,19,3,9,
35212,2257,771448,3,4,4,9,
35213,14724,771448,33,33,3,8,
35214,24754,771448,29,29,3,8,
35215,24983,771448,3,4,4,9,
35216,17552,771448,29,29,3,8,
35217,21319,771448,33,33,3,9,
35218,13309,771448,19,19,3,9,
35219,20077,771448,3,4,4,8,
35220,9721,771448,17,17,3,9,
35221,2208,771448,3,4,4,9,
35222,2091,771448,3,4,4,9,
35223,1728,771448,3,4,4,8,
35224,16780,771448,31,31,3,9,
35225,3038,771448,3,4,4,9,
35226,21689,771448,23,23,3,9,
35227,22480,771448,33,33,3,9,
35228,11854,771448,3,4,4,8,
35229,1754,771448,3,4,4,9,
35230,1243,771448,3,4,4,9,
35231,20175,771448,33,33,3,8,
35232,18629,771448,27,27,3,9,
35233,20292,771448,25,25,3,9,
35234,25328,771448,33,33,3,9,
35235,1905,771448,3,4,4,8,
35236,15904,771448,25,25,3,8,
35237,2474,771448,3,4,4,8,
35238,18571,771448,29,29,3,9,
35239,27808,771448,31,31,3,8,
35240,27420,771448,3,4,4,8,
35241,3031,771448,3,4,4,9,
35242,15641,771448,25,25,3,9,
35243,30561,771448,27,27,3,8,
35244,7857,771448,15,15,3,7,
35245,6913,771448,17,17,3,8,
35246,15418,771448,27,27,3,9,
35247,5524,771448,3,4,4,9,
35248,16130,771448,25,25,3,8,
35249,31949,771448,27,27,3,8,
35250,14937,771448,25,25,3,9,
35251,20148,771448,33,33,3,9,
35252,8427,771448,13,13,3,9,
35253,16809,771448,3,4,4,9,
35254,29095,771448,33,33,3,8,
35255,16650,771448,21,21,3,9,
35256,14461,771448,27,27,3,8,
35257,17244,771448,23,23,3,9,
35258,1229,771448,3,4,4,9,
35259,17341,771448,21,21,3,9,
35260,19399,771448,33,33,3,9,
35261,15570,771448,27,27,3,8,
35262,22904,771448,25,25,3,8,
35263,22241,771448,3,4,4,8,
35264,18462,771448,27,27,3,9,
35265,17640,771448,19,19,3,9,
35266,12472,771448,17,17,3,9,
35267,11450,771448,23,23,3,9,
35268,14681,771448,19,19,3,8,
35269,14227,771448,19,19,3,8,
35270,16544,771448,27,27,3,8,
35271,12554,771448,21,21,3,8,
35272,11008,771448,25,25,3,8,
35273,1484,771448,3,4,4,7,
35274,8261,771448,15,15,3,8,
35275,10562,771448,3,4,4,7,
35276,1578,771448,3,4,4,8,
35277,8163,771448,3,4,4,8,
35278,2123,771448,3,4,4,9,
35279,13196,771448,25,25,3,9,
35280,13473,771448,3,4,4,8,
35281,3900,771448,3,4,4,8,
35282,8869,771448,17,17,3,8,
35283,2908,771448,3,4,4,9,
35284,2162,771448,3,4,4,8,
35285,9065,771448,3,4,4,8,
35286,33547,771448,27,27,3,8,
35287,2963,771448,3,4,4,8,
35288,6602,771448,13,13,3,9,
35289,40077,771448,31,31,3,8,
35290,37731,771448,3,4,4,8,
35291,5972,771448,3,4,4,9,
35292,38635,771448,3,4,4,8,
35293,2546,771448,3,4,4,8,
35294,50227,771448,29,29,3,8,
35295,2476,771448,3,4,4,8,
35296,55695,771448,3,4,4,8,
35297,43269,771448,31,31,3,8,
35298,2023,771448,3,4,4,9,
35299,63925,771448,31,31,3,8,
35300,32202,771448,15,15,3,8,
35301,13928,771448,3,4,4,8,
35302,1056,771448,3,4,4,8,
35303,1487,771448,3,4,4,8,
35304,4284,771448,3,4,4,9,
35305,3936,771448,3,4,4,7,
35306,4506,771448,3,4,4,7,
35307,3507,771448,3,4,4,7,
35308,37257,771448,27,27,3,9,
35309,36913,771448,3,4,4,7,
35310,2137,771448,3,4,4,7,
35311,1274,771448,3,4,4,8,
35312,5237,771448,3,4,4,7,
35313,22057,771448,21,21,3,9,
35314,42968,771448,33,33,3,8,
35315,16228,771448,3,4,4,8,
35316,22792,771448,25,25,3,8,
35317,17864,771448,3,4,4,8,
35318,3226,771448,3,4,4,9,
35319,2279,771448,3,4,4,9,
35320,9511,771448,13,13,3,8,
35321,10313,771448,17,17,3,9,
35322,1756,771448,3,4,4,9,
35323,1725,771448,3,4,4,8,
35324,2170,771448,3,4,4,7,
35325,28350,771448,33,33,3,8,
35326,15506,771448,23,23,3,8,
35327,13908,771448,13,13,3,8,
35328,15801,771448,3,4,4,8,
35329,15959,771448,23,23,3,8,
35330,8893,771448,13,13,3,8,
35331,15698,771448,3,4,4,8,
35332,20628,771448,29,29,3,8,
35333,12182,771448,15,15,3,9,
35334,19128,771448,33,33,3,8,
35335,10458,771448,13,13,3,8,
35336,3290,771448,3,4,4,9,
35337,2672,771448,3,4,4,8,
35338,15159,771448,3,4,4,8,
35339,2168,771448,3,4,4,9,
35340,1624,771448,3,4,4,8,
35341,17707,771448,31,32,3,9,
35342,2844,771448,3,4,4,9,
35343,9305,771448,15,15,3,8,
35344,11155,771448,19,19,3,8,
35345,7086,771448,3,4,4,8,
35346,9940,771448,3,4,4,9,
35347,2810,771448,3,4,4,9,
35348,1956,771448,3,4,4,7,
35349,2332,771448,3,4,4,8,
35350,11498,771448,23,23,3,7,
35351,2058,771448,3,4,4,8,
35352,21315,771448,19,19,3,8,
35353,8221,771448,3,4,4,7,
35354,2196,771448,3,4,4,8,
35355,4378,771448,13,13,3,8,
35356,2786,771448,3,4,4,8,
35357,4537,771448,3,4,4,8,
35358,1161,771448,3,4,4,8,
35359,2416,771448,3,4,4,8,
35360,12400,771448,23,23,3,8,
35361,16033,771448,29,29,3,9,
35362,12790,771448,3,4,4,8,
35363,2652,771448,3,4,4,8,
35364,11396,771448,29,29,3,9,
35365,11972,771448,23,23,3,8,
35366,2867,771448,3,4,4,9,
35367,11523,771448,23,23,3,8,
35368,22825,771448,33,33,3,8,
35369,11295,771448,3,4,4,7,
35370,12055,771448,3,4,4,8,
35371,5168,771448,13,13,3,7,
35372,3463,771448,3,4,4,7,
35373,4812,771448,3,4,4,9,
35374,13775,771448,3,4,4,8,
35375,9902,771448,23,23,3,9,
35376,11528,771448,25,25,3,7,
35377,12552,771448,31,31,3,7,
35378,9618,771448,3,4,4,8,
35379,1029,771448,3,4,4,7,
35380,12240,771448,3,4,4,8,
35381,15105,771448,33,33,3,8,
35382,21080,771448,15,15,3,8,
35383,26196,771448,25,25,3,9,
35384,14482,771448,23,23,3,9,
35385,20653,771448,31,31,3,8,
35386,14908,771448,3,4,4,9,
35387,21059,771448,31,31,3,8,
35388,18278,771448,25,25,3,9,
35389,21287,771448,27,27,3,8,
35390,21057,771448,31,31,3,9,
35391,19135,771448,29,29,3,8,
35392,11862,771448,3,4,4,8,
35393,2875,771448,3,4,4,9,
35394,20085,771448,31,31,3,8,
35395,19651,771448,3,4,4,9,
35396,8354,771448,19,19,3,8,
35397,1717,771448,3,4,4,9,
35398,1573,771448,3,4,4,9,
35399,2105,771448,3,4,4,8,
35400,2551,771448,3,4,4,9,
35401,8359,771448,19,19,3,9,
35402,15454,771448,23,23,3,8,
35403,2502,771448,3,4,4,8,
35404,8163,771448,3,4,4,8,
35405,15779,771448,3,4,4,8,
35406,14502,771448,29,29,3,8,
35407,1537,771448,3,4,4,8,
35408,7465,771448,15,15,3,8,
35409,15866,771448,3,4,4,8,
35410,6378,771448,3,4,4,8,
35411,13750,771448,25,25,3,8,
35412,21905,771448,27,27,3,9,
35413,17332,771448,27,27,3,8,
35414,11524,771448,15,15,3,8,
35415,12145,771448,19,19,3,8,
35416,11695,771448,3,4,4,9,
35417,1916,771448,3,4,4,9,
35418,4377,771448,3,4,4,8,
35419,16403,771448,25,25,3,9,
35420,20411,771448,27,27,3,8,
35421,2870,771448,3,4,4,9,
35422,1588,771448,3,4,4,8,
35423,9399,771448,3,4,4,8,
35424,1563,771448,3,4,4,8,
35425,5611,771448,3,4,4,9,
35426,28934,771448,33,33,3,8,
35427,2781,771448,3,4,4,9,
35428,30083,771448,3,4,4,8,
35429,3875,771448,3,4,4,8,
35430,3177,771448,3,4,4,8,
35431,9426,771448,15,15,3,9,
35432,9522,771448,3,4,4,8,
35433,2540,771448,3,4,4,9,
35434,13856,771448,21,21,3,8,
35435,16195,771448,21,21,3,8,
35436,13870,771448,3,4,4,8,
35437,18550,771448,29,29,3,8,
35438,16044,771448,19,19,3,9,
35439,19839,771448,31,31,3,8,
35440,14964,771448,29,29,3,7,
35441,22732,771448,3,4,4,8,
35442,1922,771448,3,4,4,8,
35443,2817,771448,3,4,4,8,
35444,4328,771448,3,4,4,8,
35445,1955,771448,3,4,4,8,
35446,2298,771448,3,4,4,8,
35447,5419,771448,3,4,4,9,
35448,2436,771448,3,4,4,6,
35449,7487,771448,15,15,3,8,
35450,9427,771448,3,4,4,8,
35451,4317,771448,3,4,4,7,
35452,2294,771448,3,4,4,8,
35453,2355,771448,3,4,4,7,
35454,5410,771448,3,4,4,8,
35455,15502,771448,23,23,3,8,
35456,3469,771448,3,4,4,8,
35457,17176,771448,23,23,3,8,
35458,3076,771448,3,4,4,7,
35459,11635,771448,13,13,3,8,
35460,4715,771448,3,4,4,9,
35461,29537,771448,33,33,3,8,
35462,13557,771448,23,23,3,7,
35463,14957,771448,17,17,3,7,
35464,13541,771448,3,4,4,7,
35465,21245,771448,17,17,3,8,
35466,9230,771448,3,4,4,8,
35467,13189,771448,3,4,4,9,
35468,3278,771448,3,4,4,8,
35469,25318,771448,23,23,3,8,
35470,2324,771448,3,4,4,8,
35471,28724,771448,27,27,3,8,
35472,25430,771448,3,4,4,8,
35473,2344,771448,3,4,4,7,
35474,31653,771448,23,23,3,8,
35475,4583,771448,3,4,4,8,
35476,2721,771448,3,4,4,8,
35477,5250,771448,3,4,4,9,
35478,32326,771448,31,31,3,8,
35479,4024,771448,3,4,4,9,
35480,30356,771448,3,4,4,8,
35481,7601,771448,13,13,3,8,
35482,39073,771448,33,33,3,9,
35483,8536,771448,3,4,4,9,
35484,27662,771448,29,29,3,8,
35485,24834,771448,31,31,3,8,
35486,11057,771448,17,17,3,8,
35487,16019,771448,13,13,3,9,
35488,13693,771448,3,4,4,9,
35489,24117,771448,31,31,3,9,
35490,21038,771448,27,27,3,8,
35491,20447,771448,3,4,4,9,
35492,11608,771448,25,25,3,8,
35493,12987,771448,3,4,4,9,
35494,2403,771448,3,4,4,9,
35495,21497,771448,29,29,3,9,
35496,23656,771448,3,4,4,8,
35497,14050,771448,31,31,3,8,
35498,24956,771448,33,33,3,9,
35499,19812,771448,3,4,4,7,
35500,16557,771448,31,32,3,8,
35501,17354,771448,3,4,4,8,
35502,2608,771448,3,4,4,9,
35503,13598,771448,17,17,3,8,
35504,18411,771448,19,19,3,9,
35505,24966,771448,31,31,3,9,
35506,18502,771448,3,4,4,9,
35507,25895,771448,31,31,3,9,
35508,22075,771448,29,29,3,8,
35509,2209,771448,3,4,4,8,
35510,5502,771448,3,4,4,8,
35511,24854,771448,25,25,3,8,
35512,939,771448,3,4,4,7,
35513,16558,771448,19,19,3,8,
35514,15293,771448,15,15,3,8,
35515,15724,771448,3,4,4,9,
35516,4165,771448,3,4,4,9,
35517,13840,771448,3,4,4,8,
35518,21439,771448,29,29,3,9,
35519,21023,771448,3,4,4,8,
35520,17899,771448,19,19,3,8,
35521,2471,771448,3,4,4,8,
35522,3812,771448,3,4,4,8,
35523,2799,771448,3,4,4,7,
35524,1804,771448,3,4,4,8,
35525,28515,771448,31,31,3,9,
35526,13719,771448,21,21,3,7,
35527,23046,771448,25,25,3,8,
35528,12829,771448,3,4,4,8,
35529,48368,771448,21,21,3,8,
35530,33199,771448,25,25,3,8,
35531,5946,771448,3,4,4,8,
35532,4139,771448,3,4,4,8,
35533,1745,771448,3,4,4,8,
35534,16396,771448,13,13,3,7,
35535,22749,771448,29,29,3,8,
35536,16881,771448,3,4,4,8,
35537,20070,771448,23,23,3,8,
35538,3529,771448,3,4,4,9,
35539,23854,771448,19,19,3,9,
35540,23890,771448,3,4,4,8,
35541,14061,771448,3,4,4,8,
35542,21361,771448,21,21,3,8,
35543,45584,771448,33,33,3,9,
35544,45677,771448,3,4,4,9,
35545,2023,771448,3,4,4,8,
35546,1969,771448,3,4,4,7,
35547,4234,771448,3,4,4,7,
35548,2369,771448,3,4,4,8,
35549,2242,771448,3,4,4,7,
35550,5085,771448,3,4,4,9,
35551,12388,771448,21,21,3,8,
35552,15727,771448,29,29,3,8,
35553,43769,771448,25,25,3,8,
35554,12562,771448,3,4,4,8,
35555,4788,771448,3,4,4,9,
35556,41900,771448,31,31,3,8,
35557,39468,771448,3,4,4,8,
35558,1044,771448,3,4,4,8,
35559,27509,771448,19,19,3,9,
35560,31589,771448,23,23,3,9,
35561,37180,771448,25,25,3,9,
35562,32807,771448,19,19,3,8,
35563,23314,771448,33,33,3,8,
35564,19448,771448,31,31,3,9,
35565,8627,771448,21,21,3,9,
35566,5901,771448,3,4,4,9,
35567,1824,771449,3,4,4,8,
35568,1820,771449,3,4,4,8,
35569,13593,771449,25,25,3,9,
35570,10053,771449,3,4,4,8,
35571,1084,771449,3,4,4,8,
35572,13869,771449,27,27,3,8,
35573,1283,771449,3,4,4,8,
35574,5005,771449,13,13,3,8,
35575,2101,771449,3,4,4,8,
35576,13679,771449,29,29,3,9,
35577,11622,771449,21,21,3,8,
35578,19225,771449,23,23,3,8,
35579,12412,771449,3,4,4,9,
35580,19711,771449,31,31,3,9,
35581,2602,771449,3,4,4,9,
35582,16708,771449,29,29,3,8,
35583,2897,771449,3,4,4,9,
35584,9890,771449,21,21,3,9,
35585,18753,771449,29,29,3,9,
35586,20310,771449,3,4,4,9,
35587,12453,771449,3,4,4,8,
35588,13784,771449,23,23,3,9,
35589,6793,771449,13,13,3,8,
35590,5898,771449,3,4,4,8,
35591,18008,771449,21,21,3,7,
35592,23531,771449,25,25,3,8,
35593,6026,771449,3,4,4,8,
35594,11669,771449,25,25,3,8,
35595,22594,771449,17,17,3,8,
35596,18730,771449,3,4,4,8,
35597,10085,771449,13,13,3,8,
35598,52308,771449,31,31,3,9,
35599,66500,771449,3,4,4,8,
35600,18579,771449,13,13,3,9,
35601,60344,771449,31,31,3,6,
35602,51734,771449,31,31,3,8,
35603,2752,771449,3,4,4,8,
35604,6295,771449,3,4,4,8,
35605,2147,771449,3,4,4,8,
35606,49882,771449,3,4,4,8,
35607,55334,771449,27,27,3,8,
35608,54242,771449,33,33,3,8,
35609,67215,771449,27,27,3,8,
35610,1964,771449,3,4,4,8,
35611,2408,771449,3,4,4,9,
35612,2520,771449,3,4,4,9,
35613,41499,771449,15,15,3,8,
35614,41208,771449,13,13,3,9,
35615,29830,771449,33,33,3,9,
35616,15699,771449,17,17,3,8,
35617,14374,771449,23,23,3,8,
35618,15634,771449,3,4,4,8,
35619,17062,771449,23,23,3,8,
35620,4977,771449,13,13,3,9,
35621,1753,771449,3,4,4,8,
35622,11902,771449,17,17,3,8,
35623,9857,771449,17,17,3,9,
35624,11668,771449,3,4,4,8,
35625,11437,771449,3,4,4,8,
35626,10262,771449,3,4,4,8,
35627,21513,771449,31,31,3,8,
35628,42952,771449,31,31,3,9,
35629,2632,771449,3,4,4,8,
35630,8267,771449,13,13,3,9,
35631,2572,771449,3,4,4,8,
35632,16364,771449,29,29,3,8,
35633,27499,771449,31,31,3,7,
35634,17141,771449,3,4,4,8,
35635,19004,771449,25,25,3,8,
35636,17233,771449,29,29,3,8,
35637,18558,771449,31,31,3,8,
35638,19072,771449,3,4,4,9,
35639,10912,771449,17,17,3,8,
35640,2974,771449,3,4,4,8,
35641,17686,771449,27,27,3,9,
35642,9776,771449,17,17,3,8,
35643,12322,771449,3,4,4,8,
35644,1258,771449,3,4,4,8,
35645,20000,771449,15,15,3,8,
35646,2173,771449,3,4,4,9,
35647,3014,771449,3,4,4,9,
35648,3265,771449,3,4,4,8,
35649,22627,771449,27,27,3,9,
35650,23351,771449,3,4,4,7,
35651,3144,771449,3,4,4,9,
35652,2818,771449,3,4,4,8,
35653,20594,771449,19,19,3,8,
35654,26245,771449,33,33,3,9,
35655,9566,771449,13,13,3,8,
35656,18737,771449,17,17,3,8,
35657,18002,771449,3,4,4,8,
35658,11980,771449,23,23,3,9,
35659,17757,771449,33,33,3,8,
35660,8328,771449,15,15,3,8,
35661,17954,771449,33,33,3,7,
35662,10910,771449,21,21,3,8,
35663,9390,771449,15,15,3,7,
35664,10262,771449,3,4,4,7,
35665,12564,771449,3,4,4,8,
35666,12568,771449,21,21,3,8,
35667,9447,771449,3,4,4,6,
35668,15581,771449,3,4,4,8,
35669,10718,771449,3,4,4,8,
35670,6861,771449,3,4,4,7,
35671,7264,771449,3,4,4,6,
35672,28255,771449,23,23,3,6,
35673,7540,771449,3,4,4,7,
35674,7707,771449,3,4,4,8,
35675,32621,771449,31,31,3,8,
35676,20213,771449,13,13,3,8,
35677,24992,771449,23,23,3,8,
35678,17493,771449,19,19,3,8,
35679,32922,771449,23,23,3,8,
35680,22771,771449,3,4,4,8,
35681,33819,771449,33,33,3,8,
35682,18141,771449,25,25,3,8,
35683,17677,771449,19,19,3,9,
35684,25222,771449,31,31,3,8,
35685,21184,771449,31,31,3,8,
35686,17569,771449,15,15,3,8,
35687,20968,771449,25,25,3,8,
35688,16944,771449,19,19,3,8,
35689,13073,771449,15,15,3,9,
35690,12986,771449,3,4,4,9,
35691,12240,771449,3,4,4,9,
35692,15260,771449,29,29,3,9,
35693,6701,771449,3,4,4,8,
35694,18014,771449,27,27,3,9,
35695,12177,771449,21,21,3,8,
35696,5082,771449,3,4,4,9,
35697,11325,771449,3,4,4,8,
35698,21700,771449,21,21,3,9,
35699,22756,771449,3,4,4,9,
35700,16739,771449,25,25,3,8,
35701,2973,771449,3,4,4,8,
35702,18713,771449,21,21,3,8,
35703,2969,771449,3,4,4,9,
35704,17555,771449,27,27,3,9,
35705,7590,771449,15,15,3,9,
35706,21523,771449,27,27,3,9,
35707,21959,771449,3,4,4,8,
35708,15624,771449,25,26,3,8,
35709,12931,771449,3,4,4,9,
35710,9599,771449,3,4,4,9,
35711,12046,771449,17,17,3,9,
35712,12669,771449,25,25,3,8,
35713,10737,771449,3,4,4,8,
35714,13502,771449,3,4,4,8,
35715,1936,771449,3,4,4,8,
35716,15069,771449,31,31,3,7,
35717,16373,771449,3,4,4,8,
35718,7318,771449,15,15,3,8,
35719,7690,771449,3,4,4,9,
35720,29567,771449,33,33,3,8,
35721,26851,771449,29,29,3,8,
35722,29855,771449,3,4,4,8,
35723,19988,771449,21,21,3,9,
35724,19404,771449,25,25,3,8,
35725,1688,771449,3,4,4,8,
35726,2505,771449,3,4,4,8,
35727,26786,771449,21,21,3,8,
35728,3788,771449,3,4,4,9,
35729,2558,771449,3,4,4,9,
35730,3074,771449,3,4,4,8,
35731,2733,771449,3,4,4,8,
35732,20440,771449,25,25,3,7,
35733,11452,771449,15,15,3,9,
35734,10409,771449,3,4,4,8,
35735,20808,771449,31,31,3,9,
35736,6249,771449,3,4,4,8,
35737,34015,771449,33,33,3,9,
35738,27912,771449,33,33,3,9,
35739,27577,771449,3,4,4,8,
35740,10620,771449,13,13,3,9,
35741,2605,771449,3,4,4,8,
35742,11268,771449,3,4,4,9,
35743,39693,771449,31,31,3,8,
35744,19473,771449,31,32,3,7,
35745,16872,771449,31,31,3,8,
35746,15176,771449,19,19,3,9,
35747,15265,771449,15,15,3,9,
35748,1912,771449,3,4,4,9,
35749,7624,771449,15,15,3,8,
35750,11970,771449,17,17,3,9,
35751,7818,771449,13,13,3,8,
35752,3064,771449,3,4,4,8,
35753,22069,771449,3,4,4,7,
35754,19520,771449,25,25,3,6,
35755,5737,771449,3,4,4,8,
35756,2489,771449,3,4,4,8,
35757,18404,771449,29,29,3,6,
35758,15072,771449,21,21,3,9,
35759,28339,771449,29,29,3,8,
35760,15001,771449,3,4,4,7,
35761,14041,771449,23,23,3,6,
35762,13280,771449,19,19,3,8,
35763,14070,771449,3,4,4,7,
35764,13833,771449,17,17,3,9,
35765,2204,771449,3,4,4,6,
35766,2164,771449,3,4,4,6,
35767,22243,771449,19,19,3,7,
35768,12108,771449,3,4,4,7,
35769,16417,771449,17,17,3,7,
35770,4132,771449,3,4,4,8,
35771,2016,771449,3,4,4,7,
35772,28706,771449,29,29,3,7,
35773,21044,771449,27,27,3,8,
35774,3625,771449,3,4,4,8,
35775,27717,771449,3,4,4,8,
35776,23153,771449,33,33,3,9,
35777,17263,771449,25,25,3,8,
35778,2463,771449,3,4,4,8,
35779,22905,771449,33,33,3,9,
35780,17620,771449,21,21,3,8,
35781,10641,771449,17,17,3,8,
35782,8066,771449,3,4,4,8,
35783,13606,771449,3,4,4,8,
35784,16200,771449,29,29,3,9,
35785,4217,771449,3,4,4,7,
35786,4651,771449,3,4,4,8,
35787,15354,771449,3,4,4,9,
35788,8477,771449,17,17,3,8,
35789,14405,771449,21,21,3,8,
35790,16408,771449,25,26,3,8,
35791,23083,771449,33,33,3,8,
35792,17527,771449,3,4,4,8,
35793,13676,771449,3,4,4,9,
35794,1190,771449,3,4,4,8,
35795,10668,771449,23,23,3,8,
35796,10259,771449,3,4,4,8,
35797,29406,771449,29,29,3,9,
35798,12316,771449,21,21,3,9,
35799,28531,771449,25,25,3,9,
35800,18074,771449,33,33,3,8,
35801,12792,771449,23,23,3,8,
35802,21532,771449,29,29,3,8,
35803,2180,771449,3,4,4,8,
35804,13605,771449,19,19,3,9,
35805,21092,771449,3,4,4,8,
35806,12702,771449,3,4,4,9,
35807,7494,771449,13,13,3,8,
35808,17148,771449,3,4,4,9,
35809,10778,771449,21,21,3,9,
35810,2488,771449,3,4,4,8,
35811,9939,771449,17,17,3,8,
35812,10782,771449,21,21,3,7,
35813,8921,771449,3,4,4,9,
35814,10480,771449,3,4,4,8,
35815,5569,771449,3,4,4,8,
35816,13816,771449,21,21,3,9,
35817,2366,771449,3,4,4,8,
35818,13357,771449,3,4,4,8,
35819,3933,771449,3,4,4,8,
35820,26625,771449,31,31,3,8,
35821,2273,771449,3,4,4,8,
35822,2558,771449,3,4,4,8,
35823,25878,771449,3,4,4,7,
35824,10531,771449,17,17,3,8,
35825,2009,771449,3,4,4,8,
35826,11133,771449,3,4,4,8,
35827,2106,771449,3,4,4,8,
35828,15252,771449,31,31,3,9,
35829,14768,771449,27,27,3,8,
35830,21959,771449,31,31,3,8,
35831,17803,771449,13,13,3,9,
35832,13888,771449,21,21,3,8,
35833,12578,771449,23,23,3,8,
35834,2509,771449,3,4,4,9,
35835,22804,771449,27,27,3,8,
35836,12404,771449,17,17,3,9,
35837,17838,771449,29,29,3,8,
35838,12763,771449,15,15,3,9,
35839,14782,771449,3,4,4,8,
35840,22144,771449,33,33,3,8,
35841,19654,771449,29,29,3,9,
35842,1599,771449,3,4,4,8,
35843,22543,771449,29,29,3,8,
35844,19397,771449,27,27,3,9,
35845,9743,771449,3,4,4,8,
35846,6959,771449,13,13,3,9,
35847,18932,771449,3,4,4,9,
35848,12456,771449,3,4,4,8,
35849,16069,771449,21,21,3,8,
35850,14227,771449,23,23,3,8,
35851,15363,771449,3,4,4,8,
35852,16763,771449,19,19,3,8,
35853,2171,771449,3,4,4,9,
35854,20385,771449,27,27,3,8,
35855,2311,771449,3,4,4,8,
35856,13481,771449,15,15,3,8,
35857,1429,771449,3,4,4,8,
35858,2755,771449,3,4,4,8,
35859,2143,771449,3,4,4,8,
35860,6520,771449,3,4,4,9,
35861,3435,771449,3,4,4,8,
35862,3301,771449,3,4,4,8,
35863,30443,771449,31,31,3,8,
35864,4668,771449,3,4,4,8,
35865,3885,771449,3,4,4,8,
35866,26275,771449,27,27,3,9,
35867,18991,771449,31,31,3,7,
35868,25664,771449,3,4,4,8,
35869,2261,771449,3,4,4,8,
35870,13937,771449,19,19,3,8,
35871,12763,771449,21,21,3,8,
35872,82669,771449,21,22,3,8,
35873,14087,771449,3,4,4,9,
35874,6443,771449,3,4,4,9,
35875,68728,771449,19,19,3,9,
35876,70689,771449,3,4,4,9,
35877,7725,771449,15,15,3,8,
35878,11450,771449,3,4,4,9,
35879,6102,771449,3,4,4,7,
35880,64539,771449,3,4,4,8,
35881,55652,771449,15,15,3,8,
35882,3571,771449,3,4,4,8,
35883,56114,771449,17,17,3,7,
35884,3085,771449,3,4,4,8,
35885,49745,771449,3,4,4,9,
35886,67892,771449,19,20,3,8,
35887,63829,771449,19,19,3,9,
35888,33211,771449,3,4,4,8,
35889,15172,771449,3,4,4,8,
35890,15752,771449,19,19,3,8,
35891,27764,771449,19,19,3,8,
35892,12197,771449,13,13,3,8,
35893,34742,771449,25,25,3,8,
35894,38112,771449,27,27,3,8,
35895,17707,771449,21,21,3,8,
35896,32034,771449,29,29,3,7,
35897,16728,771449,17,17,3,8,
35898,24964,771449,25,25,3,9,
35899,3716,771449,3,4,4,8,
35900,30802,771449,25,25,3,8,
35901,22044,771449,29,29,3,8,
35902,14123,771449,17,17,3,8,
35903,21759,771449,3,4,4,8,
35904,10717,771449,3,4,4,9,
35905,16125,771449,3,4,4,9,
35906,6872,771449,3,4,4,7,
35907,11774,771449,3,4,4,9,
35908,33622,771449,33,33,3,8,
35909,54855,771449,29,29,3,7,
35910,53952,771449,29,29,3,7,
35911,44877,771449,23,23,3,7,
35912,63889,771449,27,27,3,8,
35913,15268,771449,17,17,3,8,
35914,43650,771449,33,33,3,8,
35915,15157,771449,3,4,4,8,
35916,11977,771449,15,15,3,9,
35917,10123,771449,3,4,4,8,
35918,5954,771449,3,4,4,7,
35919,1722,771449,3,4,4,7,
35920,7397,771449,3,4,4,7,
35921,32129,771449,21,21,3,7,
35922,30141,771449,29,29,3,7,
35923,4686,771449,3,4,4,7,
35924,13435,771449,17,17,3,8,
35925,13524,771449,3,4,4,7,
35926,10556,771449,3,4,4,7,
35927,26291,771449,25,25,3,8,
35928,70310,771449,29,29,3,9,
35929,3967,771449,3,4,4,8,
35930,14146,771449,3,4,4,7,
35931,5949,771449,3,4,4,7,
35932,23648,771449,23,23,3,8,
35933,20723,771449,19,19,3,8,
35934,7391,771449,3,4,4,8,
35935,18409,771449,13,13,3,8,
35936,26413,771449,29,29,3,8,
35937,17655,771449,17,17,3,9,
35938,19210,771449,3,4,4,9,
35939,15527,771449,19,19,3,9,
35940,14479,771449,3,4,4,8,
35941,21417,771449,25,25,3,8,
35942,33158,771449,31,31,3,9,
35943,19800,771449,3,4,4,9,
35944,45036,771449,31,31,3,9,
35945,5534,771449,3,4,4,8,
35946,27271,771449,33,33,3,8,
35947,2621,771449,3,4,4,7,
35948,13504,771449,19,19,3,8,
35949,39403,771449,3,4,4,7,
35950,25784,771449,27,27,3,8,
35951,46660,771449,25,25,3,9,
35952,3143,771449,3,4,4,8,
35953,17550,771449,15,15,3,7,
35954,13259,771449,3,4,4,7,
35955,16200,771449,17,17,3,8,
35956,7569,771449,3,4,4,8,
35957,12504,771449,17,17,3,7,
35958,18860,771449,3,4,4,7,
35959,22891,771449,19,19,3,8,
35960,14602,771449,3,4,4,9,
35961,1955,771449,3,4,4,8,
35962,10608,771449,13,13,3,9,
35963,3860,771449,3,4,4,8,
35964,8420,771449,3,4,4,8,
35965,14232,771449,13,13,3,9,
35966,28853,771449,31,31,3,8,
35967,17858,771449,19,19,3,9,
35968,30697,771449,31,31,3,8,
35969,38430,771449,27,27,3,8,
35970,26237,771449,3,4,4,8,
35971,29949,771449,3,4,4,9,
35972,30242,771449,33,33,3,8,
35973,12045,771449,17,17,3,9,
35974,33532,771449,33,33,3,8,
35975,68265,771449,33,33,3,8,
35976,26051,771449,33,33,3,8,
35977,36753,771449,31,31,3,8,
35978,628,771449,3,4,4,8,
35979,10453,771449,13,13,3,8,
35980,9219,771449,3,4,4,8,
35981,2715,771449,3,4,4,9,
35982,20080,771449,27,27,3,9,
35983,20332,771449,3,4,4,9,
35984,29309,771449,27,27,3,9,
35985,42802,771449,3,4,4,8,
35986,2243,771449,3,4,4,8,
35987,1975,771449,3,4,4,7,
35988,16154,771449,21,21,3,8,
35989,1715,771449,3,4,4,8,
35990,17246,771449,3,4,4,8,
35991,673,771449,3,4,4,8,
35992,22077,771449,25,25,3,9,
35993,40790,771449,31,31,3,8,
35994,13269,771449,17,17,3,8,
35995,13293,771449,3,4,4,8,
35996,16009,771449,27,27,3,8,
35997,41791,771449,29,29,3,8,
35998,22598,771449,31,31,3,9,
35999,8213,771449,3,4,4,9,
36000,45139,771449,29,29,3,8,
36001,2860,771449,3,4,4,9,
36002,28675,771449,23,23,3,9,
36003,24982,771449,21,21,3,8,
36004,2761,771449,3,4,4,9,
36005,26173,771449,13,13,3,8,
36006,9127,771449,15,15,3,8,
36007,2171,771449,3,4,4,8,
36008,580,771449,3,4,4,8,
36009,20007,771449,21,21,3,8,
36010,23134,771449,23,23,3,9,
36011,15149,771449,3,4,4,7,
36012,33494,771449,25,25,3,8,
36013,24596,771449,23,23,3,9,
36014,1592,771449,3,4,4,8,
36015,17297,771449,17,17,3,8,
36016,32737,771449,29,29,3,7,
36017,26423,771449,33,33,3,7,
36018,27735,771449,3,4,4,6,
36019,28058,771449,27,27,3,7,
36020,5007,771449,3,4,4,8,
36021,1354,771449,3,4,4,8,
36022,27684,771449,33,33,3,9,
36023,25935,771449,3,4,4,8,
36024,14550,771449,23,23,3,8,
36025,24812,771449,25,25,3,9,
36026,12355,771449,13,13,3,8,
36027,9559,771449,3,4,4,9,
36028,16814,771449,31,31,3,8,
36029,10741,771449,15,15,3,7,
36030,4458,771449,3,4,4,8,
36031,16783,771449,3,4,4,7,
36032,14123,771449,19,19,3,9,
36033,13325,771449,3,4,4,8,
36034,12452,771449,27,27,3,8,
36035,12883,771449,3,4,4,9,
36036,16213,771449,33,33,3,8,
36037,18195,771449,3,4,4,8,
36038,15063,771449,21,21,3,8,
36039,9852,771449,15,15,3,8,
36040,3112,771449,3,4,4,8,
36041,13054,771449,15,15,3,7,
36042,25279,771449,25,25,3,7,
36043,3837,771449,3,4,4,8,
36044,12854,771449,13,13,3,8,
36045,24822,771449,3,4,4,8,
36046,23835,771449,25,25,3,9,
36047,25285,771449,33,33,3,8,
36048,4395,771449,3,4,4,8,
36049,3240,771449,3,4,4,8,
36050,3169,771449,3,4,4,8,
36051,22343,771449,29,29,3,8,
36052,22795,771449,3,4,4,8,
36053,18070,771449,17,17,3,8,
36054,15264,771449,19,19,3,7,
36055,10794,771449,13,13,3,8,
36056,12636,771449,3,4,4,8,
36057,14332,771449,21,21,3,8,
36058,3035,771449,3,4,4,8,
36059,5928,771449,3,4,4,8,
36060,17291,771449,27,27,3,8,
36061,10586,771449,17,17,3,9,
36062,1353,771449,3,4,4,7,
36063,3400,771449,3,4,4,8,
36064,16562,771449,3,4,4,9,
36065,12558,771449,15,15,3,8,
36066,20245,771449,31,31,3,8,
36067,1641,771449,3,4,4,8,
36068,21055,771449,3,4,4,7,
36069,14094,771449,27,27,3,8,
36070,1547,771449,3,4,4,8,
36071,2643,771449,3,4,4,9,
36072,2337,771449,3,4,4,9,
36073,2499,771449,3,4,4,8,
36074,2514,771449,3,4,4,9,
36075,9206,771449,15,15,3,9,
36076,11484,771449,23,23,3,7,
36077,9470,771449,3,4,4,8,
36078,15014,771449,3,4,4,9,
36079,5529,771449,13,13,3,8,
36080,2441,771449,3,4,4,9,
36081,2415,771449,3,4,4,9,
36082,3526,771449,3,4,4,8,
36083,5585,771449,19,19,3,8,
36084,3201,771449,3,4,4,8,
36085,14506,771449,15,15,3,8,
36086,9066,771449,15,15,3,8,
36087,3921,771449,3,4,4,9,
36088,23633,771449,33,33,3,6,
36089,18274,771449,27,27,3,7,
36090,21260,771449,31,31,3,8,
36091,25338,771449,33,33,3,7,
36092,19596,771449,27,27,3,8,
36093,16252,771449,27,27,3,8,
36094,20801,771449,33,33,3,8,
36095,20573,771449,3,4,4,8,
36096,14790,771449,3,4,4,8,
36097,11969,771449,19,19,3,8,
36098,1280,771449,3,4,4,9,
36099,2998,771449,3,4,4,8,
36100,19268,771449,25,25,3,8,
36101,3604,771449,3,4,4,8,
36102,4267,771449,3,4,4,7,
36103,17172,771449,17,17,3,7,
36104,3559,771449,3,4,4,7,
36105,17301,771449,23,23,3,8,
36106,8548,771449,13,13,3,9,
36107,9804,771449,21,21,3,8,
36108,20841,771449,33,33,3,8,
36109,13121,771449,15,15,3,8,
36110,6175,771449,3,4,4,8,
36111,20244,771449,3,4,4,8,
36112,14789,771449,21,21,3,9,
36113,15812,771449,23,23,3,8,
36114,15377,771449,3,4,4,8,
36115,13123,771449,21,21,3,9,
36116,3754,771449,3,4,4,8,
36117,21293,771449,33,33,3,8,
36118,9073,771449,19,19,3,8,
36119,9030,771449,3,4,4,8,
36120,20814,771449,29,29,3,8,
36121,21470,771449,3,4,4,8,
36122,1666,771449,3,4,4,8,
36123,7045,771449,15,15,3,9,
36124,19626,771449,27,27,3,8,
36125,2338,771449,3,4,4,8,
36126,7171,771449,3,4,4,8,
36127,3175,771449,3,4,4,9,
36128,9821,771449,13,13,3,8,
36129,17949,771449,17,17,3,9,
36130,12859,771449,21,21,3,9,
36131,7791,771449,15,15,3,9,
36132,2247,771449,3,4,4,9,
36133,2223,771449,3,4,4,9,
36134,18236,771449,27,27,3,9,
36135,18197,771449,3,4,4,9,
36136,2841,771449,3,4,4,8,
36137,21574,771449,33,33,3,9,
36138,3185,771449,3,4,4,8,
36139,1963,771449,3,4,4,7,
36140,2762,771449,3,4,4,9,
36141,17017,771449,25,25,3,8,
36142,2068,771449,3,4,4,7,
36143,22740,771449,29,29,3,8,
36144,17904,771449,21,21,3,9,
36145,22859,771449,3,4,4,9,
36146,19594,771449,27,27,3,8,
36147,18038,771449,29,29,3,9,
36148,17854,771449,33,33,3,8,
36149,1949,771450,3,4,4,9,
36150,12697,771450,23,23,3,9,
36151,12710,771450,3,4,4,8,
36152,15090,771450,29,29,3,9,
36153,14040,771450,29,29,3,9,
36154,17751,771450,25,25,3,9,
36155,17347,771450,3,4,4,8,
36156,1643,771450,3,4,4,8,
36157,2506,771450,3,4,4,8,
36158,2352,771450,3,4,4,8,
36159,2436,771450,3,4,4,9,
36160,2106,771450,3,4,4,7,
36161,17942,771450,25,25,3,8,
36162,2872,771450,3,4,4,8,
36163,19786,771450,27,27,3,8,
36164,11358,771450,25,25,3,7,
36165,1993,771450,3,4,4,8,
36166,20087,771450,3,4,4,8,
36167,17459,771450,33,33,3,9,
36168,17840,771450,3,4,4,9,
36169,1547,771450,3,4,4,9,
36170,2115,771450,3,4,4,9,
36171,2476,771450,3,4,4,9,
36172,2057,771450,3,4,4,8,
36173,9208,771450,15,15,3,8,
36174,15182,771450,21,21,3,8,
36175,15236,771450,31,31,3,8,
36176,11068,771450,19,19,3,8,
36177,5419,771450,3,4,4,9,
36178,1911,771450,3,4,4,8,
36179,17950,771450,29,29,3,8,
36180,15391,771450,23,23,3,8,
36181,60306,771450,29,29,3,8,
36182,3488,771450,3,4,4,8,
36183,11834,771450,15,16,3,8,
36184,11536,771450,3,4,4,8,
36185,9599,771450,13,13,3,8,
36186,2790,771450,3,4,4,8,
36187,7817,771450,17,17,3,9,
36188,2380,771450,3,4,4,8,
36189,7368,771450,15,15,3,8,
36190,18703,771450,27,27,3,8,
36191,18652,771450,29,29,3,9,
36192,1581,771450,3,4,4,7,
36193,3132,771450,3,4,4,8,
36194,2189,771450,3,4,4,8,
36195,10079,771450,15,15,3,7,
36196,1284,771450,3,4,4,7,
36197,2137,771450,3,4,4,7,
36198,20266,771450,31,31,3,8,
36199,9616,771450,3,4,4,9,
36200,20502,771450,3,4,4,8,
36201,1673,771450,3,4,4,9,
36202,62381,771450,33,33,3,8,
36203,6357,771450,13,13,3,9,
36204,6622,771450,15,15,3,8,
36205,17823,771450,27,27,3,8,
36206,16809,771450,19,19,3,9,
36207,9939,771450,27,27,3,7,
36208,56898,771450,33,33,3,8,
36209,53460,771450,21,21,3,8,
36210,56388,771450,3,4,4,8,
36211,51260,771450,31,31,3,8,
36212,51286,771450,23,23,3,8,
36213,43902,771450,19,19,3,9,
36214,62723,771450,19,19,3,8,
36215,41924,771450,3,4,4,8,
36216,14828,771450,3,4,4,9,
36217,22702,771450,29,29,3,8,
36218,12548,771450,13,13,3,9,
36219,6189,771450,3,4,4,9,
36220,18138,771450,17,17,3,9,
36221,14497,771450,19,19,3,8,
36222,17931,771450,23,23,3,8,
36223,10524,771450,13,13,3,9,
36224,2565,771450,3,4,4,8,
36225,18636,771450,3,4,4,9,
36226,17973,771450,21,21,3,8,
36227,12974,771450,15,15,3,8,
36228,8100,771450,19,19,3,8,
36229,13345,771450,23,23,3,9,
36230,4924,771450,3,4,4,8,
36231,8699,771450,3,4,4,8,
36232,12831,771450,29,29,3,8,
36233,13959,771450,3,4,4,8,
36234,3818,771450,3,4,4,8,
36235,14924,771450,27,27,3,7,
36236,12029,771450,15,15,3,8,
36237,9211,771450,19,19,3,9,
36238,9499,771450,3,4,4,8,
36239,11390,771450,21,21,3,8,
36240,10567,771450,3,4,4,9,
36241,12330,771450,27,27,3,8,
36242,12426,771450,3,4,4,8,
36243,11019,771450,19,19,3,8,
36244,2624,771450,3,4,4,8,
36245,11666,771450,3,4,4,9,
36246,2379,771450,3,4,4,8,
36247,17205,771450,25,25,3,9,
36248,13275,771450,19,19,3,8,
36249,2814,771450,3,4,4,8,
36250,19088,771450,27,27,3,8,
36251,3503,771450,3,4,4,8,
36252,10191,771450,13,13,3,9,
36253,18290,771450,33,33,3,8,
36254,10533,771450,13,13,3,9,
36255,18486,771450,3,4,4,7,
36256,11036,771450,19,19,3,9,
36257,2794,771450,3,4,4,9,
36258,1999,771450,3,4,4,9,
36259,2523,771450,3,4,4,9,
36260,19371,771450,29,29,3,8,
36261,14491,771450,33,33,3,8,
36262,4198,771450,3,4,4,9,
36263,25810,771450,21,21,3,8,
36264,7327,771450,17,17,3,8,
36265,2482,771450,3,4,4,9,
36266,5839,771450,3,4,4,8,
36267,1354,771450,3,4,4,8,
36268,2016,771450,3,4,4,9,
36269,13379,771450,3,4,4,8,
36270,2246,771450,3,4,4,9,
36271,16982,771450,33,33,3,8,
36272,1803,771450,3,4,4,8,
36273,13094,771450,25,25,3,8,
36274,16961,771450,3,4,4,7,
36275,13120,771450,3,4,4,8,
36276,6864,771450,15,15,3,9,
36277,8268,771450,3,4,4,9,
36278,12248,771450,21,22,3,9,
36279,2897,771450,3,4,4,8,
36280,23309,771450,29,29,3,8,
36281,1956,771450,3,4,4,8,
36282,39944,771450,33,33,3,9,
36283,1505,771450,3,4,4,9,
36284,25343,771450,33,33,3,8,
36285,1903,771450,3,4,4,9,
36286,16294,771450,19,19,3,8,
36287,13146,771450,25,25,3,9,
36288,20257,771450,25,25,3,9,
36289,2113,771450,3,4,4,9,
36290,1764,771450,3,4,4,8,
36291,2353,771450,3,4,4,9,
36292,2375,771450,3,4,4,8,
36293,10954,771450,19,19,3,9,
36294,2886,771450,3,4,4,9,
36295,11279,771450,15,15,3,9,
36296,2616,771450,3,4,4,9,
36297,1677,771450,3,4,4,9,
36298,16772,771450,25,25,3,9,
36299,16700,771450,3,4,4,9,
36300,9465,771450,3,4,4,9,
36301,14480,771450,13,13,3,8,
36302,13388,771450,19,19,3,9,
36303,16187,771450,27,27,3,8,
36304,18574,771450,3,4,4,9,
36305,1811,771450,3,4,4,8,
36306,19636,771450,31,31,3,9,
36307,19221,771450,3,4,4,8,
36308,6111,771450,3,4,4,8,
36309,14141,771450,23,23,3,9,
36310,25312,771450,19,19,3,9,
36311,7329,771450,15,15,3,8,
36312,10614,771450,15,15,3,8,
36313,7757,771450,3,4,4,9,
36314,8484,771450,3,4,4,9,
36315,18750,771450,23,23,3,8,
36316,16481,771450,15,15,3,8,
36317,23590,771450,25,25,3,8,
36318,31151,771450,15,15,3,9,
36319,13499,771450,3,4,4,8,
36320,3398,771450,3,4,4,9,
36321,22051,771450,29,29,3,9,
36322,4452,771450,3,4,4,8,
36323,16847,771450,23,23,3,9,
36324,17660,771450,25,25,3,8,
36325,15486,771450,3,4,4,9,
36326,2313,771450,3,4,4,9,
36327,21751,771450,33,33,3,7,
36328,22588,771450,3,4,4,8,
36329,7093,771450,13,13,3,9,
36330,16711,771450,29,29,3,9,
36331,5361,771450,3,4,4,8,
36332,10100,771450,3,4,4,9,
36333,21939,771450,33,33,3,8,
36334,1664,771450,3,4,4,9,
36335,2951,771450,3,4,4,8,
36336,3889,771450,3,4,4,9,
36337,13682,771450,15,15,3,9,
36338,14601,771450,17,17,3,9,
36339,26357,771450,33,33,3,8,
36340,13896,771450,3,4,4,9,
36341,1170,771450,3,4,4,8,
36342,1490,771450,3,4,4,9,
36343,20461,771450,33,33,3,8,
36344,1859,771450,3,4,4,9,
36345,11348,771450,15,15,3,9,
36346,11691,771450,21,21,3,8,
36347,17045,771450,25,25,3,8,
36348,18517,771450,3,4,4,8,
36349,16903,771450,3,4,4,8,
36350,1654,771450,3,4,4,9,
36351,13745,771450,31,31,3,9,
36352,14611,771450,3,4,4,8,
36353,8095,771450,15,15,3,9,
36354,2626,771450,3,4,4,9,
36355,18349,771450,29,29,3,9,
36356,18256,771450,3,4,4,9,
36357,1108,771450,3,4,4,7,
36358,1941,771450,3,4,4,8,
36359,3715,771450,3,4,4,8,
36360,19361,771450,33,33,3,8,
36361,14533,771450,21,21,3,9,
36362,15963,771450,3,4,4,8,
36363,11595,771450,19,19,3,8,
36364,24962,771450,33,33,3,9,
36365,10924,771450,15,15,3,8,
36366,22367,771450,27,27,3,9,
36367,11153,771450,3,4,4,8,
36368,7855,771450,13,13,3,8,
36369,8374,771450,3,4,4,9,
36370,9881,771450,17,17,3,8,
36371,31651,771450,33,33,3,9,
36372,3080,771450,3,4,4,8,
36373,14499,771450,27,27,3,8,
36374,10527,771450,13,13,3,9,
36375,10376,771450,3,4,4,7,
36376,8698,771450,3,4,4,8,
36377,9875,771450,15,15,3,9,
36378,10257,771450,3,4,4,9,
36379,27626,771450,27,27,3,9,
36380,27587,771450,3,4,4,9,
36381,2840,771450,3,4,4,9,
36382,3129,771450,3,4,4,8,
36383,7238,771450,15,15,3,9,
36384,9137,771450,3,4,4,8,
36385,23114,771450,31,31,3,9,
36386,1950,771450,3,4,4,8,
36387,16398,771450,3,4,4,9,
36388,7247,771450,13,13,3,8,
36389,27000,771450,33,33,3,8,
36390,24341,771450,31,31,3,8,
36391,19307,771450,25,25,3,8,
36392,11607,771450,19,19,3,8,
36393,22552,771450,27,27,3,9,
36394,1754,771450,3,4,4,8,
36395,16163,771450,31,31,3,8,
36396,19227,771450,31,31,3,9,
36397,24416,771450,29,29,3,8,
36398,2773,771450,3,4,4,9,
36399,16499,771450,25,25,3,8,
36400,2027,771450,3,4,4,9,
36401,2108,771450,3,4,4,9,
36402,2220,771450,3,4,4,8,
36403,23372,771450,33,33,3,9,
36404,1948,771450,3,4,4,8,
36405,2464,771450,3,4,4,9,
36406,23955,771450,31,31,3,8,
36407,2574,771450,3,4,4,8,
36408,16570,771450,19,19,3,9,
36409,18356,771450,21,21,3,9,
36410,8608,771450,3,4,4,8,
36411,18179,771450,3,4,4,9,
36412,3903,771450,3,4,4,9,
36413,19784,771450,27,27,3,9,
36414,24581,771450,31,31,3,8,
36415,2356,771450,3,4,4,9,
36416,2135,771450,3,4,4,9,
36417,21439,771450,27,27,3,8,
36418,21038,771450,3,4,4,9,
36419,5732,771450,3,4,4,8,
36420,8627,771450,3,4,4,8,
36421,24640,771450,29,29,3,9,
36422,5367,771450,3,4,4,9,
36423,40767,771450,29,29,3,9,
36424,19850,771450,33,33,3,8,
36425,3896,771450,3,4,4,9,
36426,16392,771450,19,19,3,7,
36427,2952,771450,3,4,4,9,
36428,2478,771450,3,4,4,8,
36429,11690,771450,15,15,3,8,
36430,995,771450,3,4,4,8,
36431,19922,771450,25,25,3,9,
36432,19669,771450,3,4,4,8,
36433,2473,771450,3,4,4,8,
36434,7277,771450,3,4,4,9,
36435,2157,771450,3,4,4,9,
36436,2513,771450,3,4,4,9,
36437,19320,771450,25,25,3,8,
36438,19286,771450,3,4,4,7,
36439,15475,771450,17,17,3,8,
36440,6256,771450,15,15,3,8,
36441,24731,771450,31,31,3,8,
36442,13428,771450,3,4,4,8,
36443,14189,771450,23,23,3,8,
36444,19223,771450,3,4,4,9,
36445,12634,771450,21,21,3,8,
36446,4512,771450,15,15,3,8,
36447,967,771450,3,4,4,8,
36448,8870,771450,3,4,4,8,
36449,1616,771450,3,4,4,8,
36450,2227,771450,3,4,4,8,
36451,19462,771450,31,31,3,8,
36452,3427,771450,3,4,4,7,
36453,2863,771450,3,4,4,8,
36454,12389,771450,21,21,3,9,
36455,12529,771450,19,19,3,8,
36456,2365,771450,3,4,4,9,
36457,12250,771450,3,4,4,8,
36458,7546,771450,13,13,3,8,
36459,20310,771450,19,19,3,9,
36460,8378,771450,3,4,4,8,
36461,26572,771450,33,33,3,9,
36462,5868,771450,13,13,3,8,
36463,18117,771450,19,19,3,9,
36464,3090,771450,3,4,4,9,
36465,26540,771450,33,33,3,8,
36466,29338,771450,25,25,3,8,
36467,12220,771450,13,13,3,8,
36468,10876,771450,23,23,3,8,
36469,21560,771450,27,27,3,8,
36470,12253,771450,17,17,3,8,
36471,22182,771450,3,4,4,9,
36472,9360,771450,3,4,4,8,
36473,3464,771450,3,4,4,9,
36474,2587,771450,3,4,4,8,
36475,10349,771450,15,15,3,8,
36476,13902,771450,21,21,3,9,
36477,14656,771450,3,4,4,8,
36478,15565,771450,17,17,3,9,
36479,7455,771450,13,13,3,8,
36480,30756,771450,31,31,3,9,
36481,18224,771450,23,23,3,9,
36482,15486,771450,27,27,3,9,
36483,18945,771450,27,27,3,9,
36484,19137,771450,3,4,4,8,
36485,12935,771450,23,23,3,8,
36486,3004,771450,3,4,4,8,
36487,13694,771450,25,25,3,9,
36488,1578,771450,3,4,4,9,
36489,17479,771450,21,21,3,8,
36490,19153,771450,29,29,3,9,
36491,12760,771450,19,19,3,8,
36492,10184,771450,3,4,4,8,
36493,12018,771450,3,4,4,8,
36494,1942,771450,3,4,4,9,
36495,10853,771450,17,17,3,8,
36496,12334,771450,3,4,4,9,
36497,7098,771450,15,15,3,8,
36498,5542,771450,13,13,3,8,
36499,7032,771450,3,4,4,8,
36500,2888,771450,3,4,4,9,
36501,9062,771450,21,21,3,8,
36502,2558,771450,3,4,4,8,
36503,11174,771450,15,15,3,8,
36504,9594,771450,3,4,4,9,
36505,7832,771450,13,13,3,8,
36506,16016,771450,31,31,3,8,
36507,11530,771450,3,4,4,9,
36508,15860,771450,33,33,3,7,
36509,15940,771450,29,29,3,7,
36510,15617,771450,3,4,4,8,
36511,15228,771450,3,4,4,8,
36512,2199,771450,3,4,4,8,
36513,10647,771450,3,4,4,8,
36514,7682,771450,15,15,3,8,
36515,11221,771450,19,19,3,8,
36516,3329,771450,3,4,4,9,
36517,2159,771450,3,4,4,8,
36518,1436,771450,3,4,4,8,
36519,2837,771450,3,4,4,8,
36520,1790,771450,3,4,4,8,
36521,12540,771450,27,27,3,8,
36522,5587,771450,3,4,4,7,
36523,19519,771450,33,33,3,8,
36524,2178,771450,3,4,4,8,
36525,2686,771450,3,4,4,8,
36526,12111,771450,3,4,4,9,
36527,19899,771450,3,4,4,8,
36528,1296,771450,3,4,4,8,
36529,18347,771450,29,29,3,9,
36530,1381,771450,3,4,4,7,
36531,20145,771450,33,33,3,8,
36532,17676,771450,31,31,3,8,
36533,2515,771450,3,4,4,8,
36534,19369,771450,3,4,4,8,
36535,2173,771450,3,4,4,9,
36536,5682,771450,13,13,3,9,
36537,20426,771450,25,25,3,9,
36538,1407,771450,3,4,4,8,
36539,9519,771450,15,15,3,9,
36540,16446,771450,23,23,3,8,
36541,10478,771450,17,17,3,8,
36542,2667,771450,3,4,4,8,
36543,47774,771450,31,31,3,8,
36544,2525,771450,3,4,4,8,
36545,40893,771450,29,29,3,8,
36546,10021,771450,17,17,3,8,
36547,2990,771450,3,4,4,9,
36548,44363,771450,23,23,3,8,
36549,41299,771450,3,4,4,7,
36550,2880,771450,3,4,4,8,
36551,7939,771450,13,13,3,8,
36552,43461,771450,23,23,3,9,
36553,42899,771450,3,4,4,8,
36554,2021,771450,3,4,4,9,
36555,2244,771450,3,4,4,8,
36556,29921,771450,27,27,3,9,
36557,37420,771450,31,31,3,7,
36558,29523,771450,3,4,4,8,
36559,31489,771450,19,19,3,9,
36560,34086,771450,29,29,3,7,
36561,34600,771450,3,4,4,8,
36562,21494,771450,17,17,3,9,
36563,8239,771450,3,4,4,8,
36564,15250,771450,13,13,3,9,
36565,2923,771450,3,4,4,7,
36566,18009,771450,17,17,3,9,
36567,23662,771450,23,23,3,7,
36568,2857,771450,3,4,4,7,
36569,23962,771450,3,4,4,8,
36570,18489,771450,19,19,3,8,
36571,1757,771450,3,4,4,8,
36572,2917,771450,3,4,4,9,
36573,22742,771450,21,21,3,8,
36574,22449,771450,3,4,4,9,
36575,14323,771450,19,19,3,8,
36576,17078,771450,17,17,3,8,
36577,28654,771450,27,27,3,9,
36578,23856,771450,25,25,3,8,
36579,17492,771450,27,27,3,8,
36580,38071,771450,27,27,3,8,
36581,21187,771450,19,19,3,8,
36582,1467,771450,3,4,4,8,
36583,20283,771450,19,19,3,8,
36584,5571,771450,3,4,4,8,
36585,40602,771450,25,25,3,8,
36586,6371,771450,3,4,4,9,
36587,33159,771450,27,27,3,8,
36588,37577,771450,33,33,3,8,
36589,34651,771450,25,25,3,8,
36590,30351,771450,29,29,3,9,
36591,2232,771450,3,4,4,8,
36592,3827,771450,3,4,4,9,
36593,22591,771450,3,4,4,8,
36594,15912,771450,19,19,3,8,
36595,33179,771450,27,27,3,9,
36596,28798,771450,29,29,3,9,
36597,26525,771450,21,21,3,8,
36598,44265,771450,31,31,3,9,
36599,58487,771450,23,23,3,9,
36600,67070,771450,27,27,3,8,
36601,61145,771450,25,25,3,9,
36602,64870,771450,27,27,3,6,
36603,1074,771450,3,4,4,8,
36604,60610,771450,31,31,3,9,
36605,74121,771450,13,13,3,9,
36606,54710,771450,19,19,3,8,
36607,54426,771450,3,4,4,8,
36608,50553,771450,19,19,3,9,
36609,25893,771450,3,4,4,9,
36610,43661,771450,27,27,3,9,
36611,4441,771450,3,4,4,7,
36612,54379,771450,33,33,3,8,
36613,9894,771450,13,13,3,9,
36614,4796,771450,3,4,4,8,
36615,8897,771450,3,4,4,7,
36616,47060,771450,21,21,3,8,
36617,11328,771450,3,4,4,8,
36618,48890,771450,29,29,3,9,
36619,31121,771450,13,13,3,8,
36620,51189,771450,29,29,3,8,
36621,53401,771450,3,4,4,9,
36622,56390,771450,33,33,3,8,
36623,42635,771450,3,4,4,8,
36624,49167,771450,31,31,3,9,
36625,32475,771450,31,31,3,8,
36626,10001,771450,3,4,4,9,
36627,10194,771450,13,13,3,9,
36628,15175,771450,19,19,3,9,
36629,4429,771450,3,4,4,9,
36630,19658,771450,27,27,3,9,
36631,15974,771450,25,25,3,8,
36632,13910,771450,21,21,3,8,
36633,14774,771450,3,4,4,9,
36634,6331,771450,13,13,3,8,
36635,7519,771450,3,4,4,9,
36636,9901,771450,17,17,3,8,
36637,10983,771450,3,4,4,8,
36638,7444,771450,3,4,4,8,
36639,18236,771450,29,29,3,9,
36640,10450,771450,17,17,3,9,
36641,5910,771450,13,13,3,8,
36642,7751,771450,3,4,4,9,
36643,7551,771450,13,13,3,7,
36644,4081,771450,3,4,4,9,
36645,19883,771450,29,29,3,8,
36646,12274,771450,21,21,3,8,
36647,20054,771450,21,21,3,8,
36648,3544,771450,3,4,4,7,
36649,11476,771450,3,4,4,8,
36650,20785,771450,3,4,4,9,
36651,24367,771450,27,27,3,9,
36652,14415,771450,27,27,3,7,
36653,23697,771450,3,4,4,8,
36654,16162,771450,3,4,4,9,
36655,2873,771450,3,4,4,8,
36656,7319,771450,13,13,3,8,
36657,18957,771450,27,27,3,8,
36658,19357,771450,3,4,4,9,
36659,20950,771450,23,23,3,8,
36660,23981,771450,27,27,3,8,
36661,3860,771450,3,4,4,9,
36662,20607,771450,3,4,4,9,
36663,12459,771450,19,19,3,9,
36664,25734,771450,27,27,3,9,
36665,27410,771450,3,4,4,9,
36666,21435,771450,27,27,3,9,
36667,21409,771450,3,4,4,8,
36668,23009,771450,25,25,3,8,
36669,22889,771450,29,29,3,8,
36670,22635,771450,31,31,3,9,
36671,3281,771450,3,4,4,9,
36672,18285,771450,31,31,3,8,
36673,11534,771450,21,21,3,9,
36674,22457,771450,15,15,3,9,
36675,6422,771450,13,13,3,9,
36676,3268,771450,3,4,4,8,
36677,19158,771450,23,23,3,9,
36678,9813,771450,13,13,3,9,
36679,16455,771450,21,21,3,9,
36680,4216,771450,3,4,4,9,
36681,8124,771450,13,13,3,9,
36682,2478,771450,3,4,4,8,
36683,19374,771450,27,27,3,9,
36684,10146,771450,15,15,3,9,
36685,36623,771450,31,31,3,8,
36686,10449,771450,15,15,3,8,
36687,11983,771450,19,19,3,8,
36688,8673,771450,3,4,4,9,
36689,5826,771450,3,4,4,8,
36690,19901,771450,31,31,3,8,
36691,3456,771450,3,4,4,8,
36692,2553,771450,3,4,4,9,
36693,12185,771450,13,13,3,8,
36694,18128,771450,19,19,3,8,
36695,2541,771450,3,4,4,9,
36696,11907,771450,17,17,3,9,
36697,18233,771450,3,4,4,8,
36698,9183,771450,17,17,3,8,
36699,15473,771450,23,23,3,9,
36700,13793,771450,29,29,3,9,
36701,20471,771450,3,4,4,8,
36702,6212,771450,3,4,4,7,
36703,1726,771450,3,4,4,9,
36704,2748,771450,3,4,4,8,
36705,16571,771450,25,25,3,8,
36706,15579,771450,3,4,4,8,
36707,11897,771450,25,25,3,9,
36708,1242,771450,3,4,4,8,
36709,6378,771450,15,15,3,8,
36710,3434,771450,3,4,4,8,
36711,1306,771450,3,4,4,8,
36712,2821,771450,3,4,4,8,
36713,2300,771450,3,4,4,8,
36714,2136,771450,3,4,4,8,
36715,1344,771450,3,4,4,8,
36716,1218,771450,3,4,4,8,
36717,2850,771450,3,4,4,8,
36718,9670,771450,15,15,3,9,
36719,14355,771450,17,17,3,8,
36720,8378,771450,13,13,3,8,
36721,5207,771450,3,4,4,9,
36722,14733,771450,25,25,3,7,
36723,8346,771450,13,13,3,8,
36724,17085,771450,3,4,4,8,
36725,2359,771450,3,4,4,9,
36726,1808,771450,3,4,4,7,
36727,6529,771450,13,13,3,8,
36728,2234,771450,3,4,4,9,
36729,6420,771450,3,4,4,8,
36730,2840,771450,3,4,4,8,
36731,8698,771450,15,15,3,8,
36732,9260,771450,3,4,4,9,
36733,25766,771450,33,33,3,8,
36734,16714,771450,19,19,3,9,
36735,18870,771450,27,27,3,9,
36736,2545,771450,3,4,4,8,
36737,18880,771450,23,23,3,9,
36738,4588,771450,3,4,4,9,
36739,4535,771450,3,4,4,8,
36740,29800,771450,27,27,3,8,
36741,2992,771450,3,4,4,8,
36742,3516,771450,3,4,4,9,
36743,2253,771450,3,4,4,8,
36744,10411,771450,15,15,3,8,
36745,20558,771450,21,21,3,9,
36746,24819,771450,33,33,3,9,
36747,16750,771450,27,27,3,8,
36748,10405,771450,17,17,3,8,
36749,4846,771450,3,4,4,9,
36750,5155,771450,3,4,4,9,
36751,16530,771450,3,4,4,9,
36752,1576,771450,3,4,4,9,
36753,2578,771450,3,4,4,8,
36754,12896,771450,3,4,4,8,
36755,1930,771450,3,4,4,8,
36756,40085,771450,21,21,3,9,
36757,13406,771450,21,21,3,8,
36758,6799,771450,13,13,3,8,
36759,13931,771450,3,4,4,8,
36760,2197,771450,3,4,4,9,
36761,35220,771450,25,25,3,9,
36762,36014,771450,3,4,4,9,
36763,31876,771450,21,21,3,8,
36764,2284,771450,3,4,4,8,
36765,30055,771450,13,13,3,8,
36766,2862,771450,3,4,4,9,
36767,49685,771450,33,33,3,8,
36768,43751,771450,21,21,3,9,
36769,26280,771450,23,23,3,8,
36770,40017,771450,31,31,3,8,
36771,26129,771450,3,4,4,8,
36772,4020,771450,3,4,4,8,
36773,5108,771450,3,4,4,8,
36774,25132,771450,23,23,3,7,
36775,27041,771450,31,31,3,8,
36776,18950,771450,25,25,3,9,
36777,22750,771450,25,25,3,9,
36778,24871,771450,3,4,4,8,
36779,11028,771450,15,15,3,9,
36780,19703,771450,25,25,3,9,
36781,2599,771450,3,4,4,8,
36782,5685,771450,3,4,4,8,
36783,2814,771450,3,4,4,9,
36784,1821,771450,3,4,4,8,
36785,5353,771450,13,13,3,8,
36786,2035,771450,3,4,4,9,
36787,5073,771450,3,4,4,7,
36788,5183,771450,3,4,4,8,
36789,18602,771450,31,31,3,8,
36790,18941,771450,3,4,4,8,
36791,13874,771450,17,17,3,8,
36792,2891,771450,3,4,4,8,
36793,20617,771450,33,33,3,8,
36794,12198,771450,21,21,3,8,
36795,2382,771450,3,4,4,7,
36796,12744,771450,23,23,3,9,
36797,2537,771450,3,4,4,9,
36798,10935,771450,17,17,3,7,
36799,1707,771450,3,4,4,8,
36800,17732,771450,33,33,3,8,
36801,10823,771450,3,4,4,8,
36802,16502,771450,3,4,4,9,
36803,11144,771451,27,27,3,8,
36804,12345,771451,3,4,4,9,
36805,8290,771451,3,4,4,8,
36806,19876,771451,31,31,3,8,
36807,3437,771451,3,4,4,9,
36808,19603,771451,3,4,4,8,
36809,2739,771451,3,4,4,9,
36810,2046,771451,3,4,4,8,
36811,11830,771451,17,17,3,9,
36812,11880,771451,3,4,4,7,
36813,11119,771451,17,17,3,8,
36814,9377,771451,17,17,3,9,
36815,9883,771451,3,4,4,9,
36816,24789,771451,33,33,3,9,
36817,25104,771451,29,29,3,9,
36818,18426,771451,25,25,3,9,
36819,30464,771451,33,33,3,8,
36820,2600,771451,3,4,4,8,
36821,32462,771451,29,29,3,8,
36822,21649,771451,31,31,3,7,
36823,8261,771451,13,13,3,8,
36824,8110,771451,3,4,4,8,
36825,2016,771451,3,4,4,9,
36826,2158,771451,3,4,4,9,
36827,3816,771451,3,4,4,9,
36828,3639,771451,3,4,4,8,
36829,22380,771451,13,13,3,8,
36830,1547,771451,3,4,4,9,
36831,1921,771451,3,4,4,8,
36832,24276,771451,23,23,3,8,
36833,22505,771451,21,21,3,8,
36834,7342,771451,3,4,4,8,
36835,23255,771451,3,4,4,9,
36836,26344,771451,29,29,3,9,
36837,713,771451,3,4,4,8,
36838,620,771451,3,4,4,8,
36839,1751,771451,3,4,4,7,
36840,1142,771451,3,4,4,8,
36841,17035,771451,3,4,4,8,
36842,2119,771451,3,4,4,9,
36843,25100,771451,23,23,3,9,
36844,3967,771451,3,4,4,8,
36845,23627,771451,33,33,3,8,
36846,5136,771451,3,4,4,9,
36847,13951,771451,21,21,3,9,
36848,23018,771451,33,33,3,8,
36849,12059,771451,15,15,3,7,
36850,2783,771451,3,4,4,9,
36851,33414,771451,31,31,3,9,
36852,23493,771451,29,29,3,9,
36853,16382,771451,23,23,3,8,
36854,1834,771451,3,4,4,9,
36855,3093,771451,3,4,4,8,
36856,3638,771451,3,4,4,9,
36857,26569,771451,31,31,3,7,
36858,26889,771451,33,33,3,8,
36859,23456,771451,3,4,4,8,
36860,39448,771451,29,29,3,9,
36861,1500,771451,3,4,4,8,
36862,19387,771451,29,29,3,9,
36863,22009,771451,27,27,3,8,
36864,4996,771451,3,4,4,8,
36865,32437,771451,21,21,3,8,
36866,19552,771451,25,25,3,8,
36867,22375,771451,31,31,3,8,
36868,803,771451,3,4,4,8,
36869,9765,771451,17,17,3,9,
36870,10468,771451,3,4,4,9,
36871,11693,771451,17,17,3,8,
36872,21315,771451,13,13,3,8,
36873,10511,771451,19,19,3,8,
36874,11546,771451,19,19,3,8,
36875,11779,771451,19,19,3,8,
36876,5272,771451,3,4,4,9,
36877,11550,771451,3,4,4,9,
36878,6802,771451,13,13,3,8,
36879,5417,771451,3,4,4,8,
36880,12409,771451,27,27,3,8,
36881,12083,771451,3,4,4,9,
36882,2941,771451,3,4,4,8,
36883,17041,771451,33,33,3,8,
36884,13581,771451,27,27,3,9,
36885,14209,771451,23,23,3,8,
36886,12797,771451,3,4,4,9,
36887,14302,771451,3,4,4,9,
36888,1888,771451,3,4,4,9,
36889,3093,771451,3,4,4,9,
36890,16937,771451,29,29,3,9,
36891,2480,771451,3,4,4,9,
36892,1734,771451,3,4,4,8,
36893,2207,771451,3,4,4,8,
36894,1919,771451,3,4,4,8,
36895,2472,771451,3,4,4,9,
36896,8798,771451,19,19,3,8,
36897,3084,771451,3,4,4,8,
36898,8913,771451,3,4,4,9,
36899,3416,771451,3,4,4,8,
36900,9019,771451,13,13,3,8,
36901,3251,771451,3,4,4,8,
36902,9285,771451,3,4,4,8,
36903,14909,771451,27,27,3,8,
36904,6972,771451,3,4,4,8,
36905,20212,771451,27,27,3,8,
36906,8162,771451,17,17,3,8,
36907,12927,771451,19,19,3,8,
36908,1066,771451,3,4,4,9,
36909,1339,771451,3,4,4,8,
36910,9117,771451,13,13,3,9,
36911,2894,771451,3,4,4,8,
36912,9494,771451,3,4,4,8,
36913,2973,771451,3,4,4,8,
36914,2853,771451,3,4,4,8,
36915,14638,771451,29,29,3,9,
36916,2669,771451,3,4,4,8,
36917,5413,771451,3,4,4,8,
36918,14846,771451,3,4,4,9,
36919,1820,771451,3,4,4,9,
36920,15267,771451,29,29,3,9,
36921,16618,771451,3,4,4,8,
36922,2392,771451,3,4,4,8,
36923,7042,771451,3,4,4,8,
36924,10904,771451,19,19,3,9,
36925,20400,771451,33,33,3,8,
36926,12240,771451,23,23,3,8,
36927,19863,771451,3,4,4,8,
36928,14174,771451,13,13,3,8,
36929,16941,771451,29,29,3,9,
36930,16753,771451,21,21,3,9,
36931,15720,771451,3,4,4,9,
36932,16438,771451,25,25,3,8,
36933,3638,771451,3,4,4,8,
36934,13937,771451,23,23,3,9,
36935,1906,771451,3,4,4,9,
36936,2353,771451,3,4,4,9,
36937,3105,771451,3,4,4,9,
36938,16350,771451,21,21,3,8,
36939,19146,771451,21,21,3,8,
36940,24592,771451,33,33,3,9,
36941,11527,771451,13,13,3,8,
36942,11934,771451,15,15,3,9,
36943,16529,771451,3,4,4,9,
36944,31966,771451,27,27,3,8,
36945,11216,771451,19,19,3,9,
36946,2365,771451,3,4,4,8,
36947,24312,771451,31,31,3,9,
36948,22911,771451,3,4,4,9,
36949,13596,771451,3,4,4,8,
36950,31787,771451,33,33,3,9,
36951,18229,771451,21,21,3,8,
36952,23846,771451,3,4,4,8,
36953,19538,771451,27,27,3,8,
36954,21308,771451,21,21,3,8,
36955,22265,771451,29,29,3,9,
36956,22642,771451,3,4,4,8,
36957,1676,771451,3,4,4,8,
36958,9261,771451,13,13,3,8,
36959,12176,771451,3,4,4,8,
36960,24273,771451,29,30,3,8,
36961,7143,771451,3,4,4,9,
36962,19526,771451,29,29,3,7,
36963,21122,771451,3,4,4,9,
36964,15470,771451,21,21,3,8,
36965,2570,771451,3,4,4,8,
36966,2979,771451,3,4,4,8,
36967,2728,771451,3,4,4,8,
36968,16660,771451,23,23,3,7,
36969,2094,771451,3,4,4,9,
36970,15277,771451,33,33,3,7,
36971,2319,771451,3,4,4,8,
36972,12767,771451,23,23,3,8,
36973,2285,771451,3,4,4,8,
36974,32565,771451,31,31,3,9,
36975,2316,771451,3,4,4,9,
36976,2511,771451,3,4,4,9,
36977,2780,771451,3,4,4,9,
36978,2677,771451,3,4,4,9,
36979,2791,771451,3,4,4,9,
36980,2827,771451,3,4,4,8,
36981,12454,771451,23,23,3,8,
36982,10585,771451,13,13,3,8,
36983,23962,771451,3,4,4,7,
36984,24965,771451,25,25,3,8,
36985,7717,771451,15,15,3,8,
36986,24325,771451,15,15,3,9,
36987,25351,771451,23,23,3,7,
36988,7924,771451,13,13,3,8,
36989,34664,771451,33,33,3,9,
36990,30087,771451,3,4,4,9,
36991,15626,771451,3,4,4,8,
36992,19067,771451,17,17,3,8,
36993,25265,771451,21,21,3,9,
36994,6262,771451,3,4,4,8,
36995,13390,771451,3,4,4,8,
36996,3594,771451,3,4,4,8,
36997,1479,771451,3,4,4,9,
36998,1632,771451,3,4,4,8,
36999,1894,771451,3,4,4,8,
37000,16560,771451,25,25,3,8,
37001,20669,771451,31,31,3,8,
37002,16892,771451,31,31,3,8,
37003,20919,771451,3,4,4,8,
37004,8758,771451,15,15,3,8,
37005,16449,771451,25,25,3,8,
37006,2065,771451,3,4,4,8,
37007,2551,771451,3,4,4,9,
37008,19115,771451,31,31,3,9,
37009,2993,771451,3,4,4,8,
37010,20030,771451,3,4,4,8,
37011,12409,771451,21,21,3,9,
37012,19386,771451,25,25,3,9,
37013,17707,771451,31,31,3,8,
37014,2453,771451,3,4,4,8,
37015,2048,771451,3,4,4,9,
37016,2717,771451,3,4,4,8,
37017,17655,771451,19,19,3,9,
37018,3529,771451,3,4,4,8,
37019,2958,771451,3,4,4,8,
37020,2685,771451,3,4,4,8,
37021,12542,771451,15,15,3,9,
37022,15180,771451,23,23,3,8,
37023,20702,771451,21,21,3,8,
37024,16502,771451,23,23,3,8,
37025,16731,771451,3,4,4,8,
37026,8755,771451,15,15,3,9,
37027,8846,771451,3,4,4,9,
37028,1097,771451,3,4,4,8,
37029,2672,771451,3,4,4,9,
37030,6877,771451,13,13,3,8,
37031,10613,771451,21,21,3,8,
37032,10099,771451,3,4,4,9,
37033,3286,771451,3,4,4,9,
37034,6919,771451,13,13,3,8,
37035,2643,771451,3,4,4,9,
37036,12897,771451,23,23,3,8,
37037,6215,771451,3,4,4,9,
37038,11403,771451,23,23,3,8,
37039,1662,771451,3,4,4,9,
37040,23276,771451,29,29,3,8,
37041,14829,771451,31,31,3,8,
37042,14918,771451,3,4,4,9,
37043,1951,771451,3,4,4,7,
37044,8920,771451,3,4,4,8,
37045,25749,771451,33,33,3,9,
37046,2482,771451,3,4,4,8,
37047,25085,771451,3,4,4,8,
37048,11149,771451,23,23,3,8,
37049,12162,771451,3,4,4,9,
37050,9163,771451,13,13,3,8,
37051,18266,771451,25,25,3,9,
37052,18736,771451,31,31,3,8,
37053,11124,771451,17,17,3,9,
37054,12521,771451,3,4,4,8,
37055,3306,771451,3,4,4,9,
37056,2791,771451,3,4,4,8,
37057,4045,771451,3,4,4,9,
37058,8544,771451,13,13,3,8,
37059,3842,771451,3,4,4,8,
37060,8884,771451,3,4,4,9,
37061,4488,771451,3,4,4,8,
37062,18827,771451,25,25,3,8,
37063,2304,771451,3,4,4,8,
37064,18508,771451,3,4,4,8,
37065,2059,771451,3,4,4,7,
37066,2416,771451,3,4,4,8,
37067,22111,771451,33,33,3,8,
37068,18510,771451,27,28,3,8,
37069,4023,771451,3,4,4,8,
37070,2563,771451,3,4,4,8,
37071,20228,771451,29,29,3,8,
37072,18113,771451,3,4,4,8,
37073,3693,771451,3,4,4,8,
37074,2167,771451,3,4,4,8,
37075,2517,771451,3,4,4,9,
37076,18101,771451,23,23,3,8,
37077,2420,771451,3,4,4,8,
37078,16024,771451,31,31,3,8,
37079,15514,771451,31,31,3,9,
37080,14749,771451,3,4,4,8,
37081,1681,771451,3,4,4,9,
37082,9386,771451,13,13,3,8,
37083,9549,771451,3,4,4,8,
37084,19232,771451,33,33,3,8,
37085,9375,771451,15,15,3,9,
37086,18020,771451,29,29,3,8,
37087,15383,771451,29,29,3,8,
37088,2868,771451,3,4,4,9,
37089,2042,771451,3,4,4,8,
37090,3301,771451,3,4,4,7,
37091,2716,771451,3,4,4,9,
37092,2427,771451,3,4,4,8,
37093,1523,771451,3,4,4,8,
37094,2532,771451,3,4,4,7,
37095,17132,771451,25,25,3,7,
37096,16101,771451,31,31,3,8,
37097,3857,771451,3,4,4,9,
37098,17281,771451,3,4,4,7,
37099,17614,771451,3,4,4,7,
37100,9276,771451,19,19,3,8,
37101,13805,771451,27,27,3,7,
37102,37122,771451,31,31,3,8,
37103,2128,771451,3,4,4,8,
37104,19896,771451,31,31,3,8,
37105,20067,771451,3,4,4,8,
37106,1251,771451,3,4,4,8,
37107,2631,771451,3,4,4,8,
37108,2724,771451,3,4,4,8,
37109,3927,771451,3,4,4,7,
37110,11112,771451,13,13,3,8,
37111,22173,771451,27,27,3,7,
37112,24476,771451,3,4,4,7,
37113,20760,771451,3,4,4,7,
37114,9514,771451,17,17,3,8,
37115,16957,771451,27,27,3,8,
37116,13131,771451,19,19,3,8,
37117,11508,771451,3,4,4,9,
37118,7960,771451,3,4,4,8,
37119,3300,771451,3,4,4,9,
37120,21934,771451,27,27,3,9,
37121,20767,771451,3,4,4,8,
37122,12347,771451,21,22,3,9,
37123,2506,771451,3,4,4,7,
37124,2533,771451,3,4,4,7,
37125,9985,771451,3,4,4,9,
37126,20070,771451,31,31,3,8,
37127,9634,771451,15,15,3,7,
37128,3186,771451,3,4,4,8,
37129,24459,771451,31,31,3,8,
37130,20155,771451,31,31,3,9,
37131,8236,771451,15,15,3,9,
37132,23146,771451,33,33,3,9,
37133,1509,771451,3,4,4,8,
37134,11435,771451,19,19,3,9,
37135,10658,771451,3,4,4,8,
37136,16287,771451,3,4,4,9,
37137,37228,771451,3,4,4,9,
37138,10816,771451,23,23,3,9,
37139,9602,771451,3,4,4,9,
37140,2796,771451,3,4,4,9,
37141,1626,771451,3,4,4,8,
37142,45907,771451,33,33,3,7,
37143,6853,771451,15,15,3,8,
37144,46976,771451,3,4,4,7,
37145,43993,771451,27,27,3,8,
37146,1990,771451,3,4,4,8,
37147,2848,771451,3,4,4,8,
37148,37493,771451,29,29,3,9,
37149,42151,771451,25,25,3,8,
37150,38423,771451,3,4,4,9,
37151,32723,771451,3,4,4,8,
37152,39978,771451,3,4,4,8,
37153,41943,771451,3,4,4,9,
37154,16983,771451,27,27,3,9,
37155,15872,771451,3,4,4,9,
37156,2341,771451,3,4,4,9,
37157,19236,771451,31,31,3,7,
37158,12306,771451,19,19,3,8,
37159,2651,771451,3,4,4,8,
37160,18520,771451,3,4,4,6,
37161,12996,771451,25,25,3,7,
37162,15864,771451,33,33,3,8,
37163,9818,771451,13,13,3,8,
37164,17272,771451,3,4,4,8,
37165,10057,771451,3,4,4,9,
37166,2922,771451,3,4,4,9,
37167,2774,771451,3,4,4,8,
37168,5276,771451,3,4,4,8,
37169,3087,771451,3,4,4,9,
37170,12225,771451,21,21,3,9,
37171,14055,771451,21,21,3,9,
37172,16170,771451,27,27,3,8,
37173,4142,771451,3,4,4,9,
37174,12884,771451,3,4,4,9,
37175,3622,771451,3,4,4,9,
37176,13431,771451,21,21,3,8,
37177,2634,771451,3,4,4,8,
37178,9570,771451,15,15,3,7,
37179,3174,771451,3,4,4,8,
37180,23263,771451,33,33,3,9,
37181,9484,771451,13,13,3,8,
37182,24265,771451,3,4,4,9,
37183,23014,771451,25,25,3,9,
37184,12305,771451,23,23,3,9,
37185,3766,771451,3,4,4,8,
37186,25672,771451,29,29,3,8,
37187,21323,771451,29,30,3,9,
37188,8842,771451,3,4,4,8,
37189,16132,771451,27,27,3,8,
37190,20582,771451,3,4,4,8,
37191,23468,771451,3,4,4,9,
37192,1898,771451,3,4,4,9,
37193,23907,771451,29,30,3,9,
37194,23282,771451,3,4,4,9,
37195,2188,771451,3,4,4,8,
37196,22915,771451,33,33,3,8,
37197,14435,771451,21,21,3,8,
37198,10878,771451,17,17,3,8,
37199,15509,771451,29,29,3,8,
37200,1343,771451,3,4,4,9,
37201,2033,771451,3,4,4,8,
37202,3343,771451,3,4,4,9,
37203,16190,771451,25,26,3,8,
37204,16544,771451,27,27,3,8,
37205,16983,771451,3,4,4,9,
37206,10829,771451,19,19,3,8,
37207,11724,771451,17,17,3,9,
37208,12001,771451,23,23,3,9,
37209,14360,771451,19,19,3,8,
37210,12222,771451,3,4,4,8,
37211,14773,771451,3,4,4,9,
37212,14036,771451,21,21,3,8,
37213,2653,771451,3,4,4,9,
37214,11756,771451,15,15,3,9,
37215,3337,771451,3,4,4,8,
37216,17870,771451,25,25,3,9,
37217,21138,771451,27,27,3,8,
37218,2332,771451,3,4,4,8,
37219,17385,771451,27,27,3,9,
37220,10680,771451,19,19,3,8,
37221,18083,771451,17,17,3,8,
37222,17375,771451,3,4,4,8,
37223,13592,771451,17,17,3,8,
37224,14468,771451,3,4,4,8,
37225,20292,771451,33,33,3,8,
37226,12356,771451,21,21,3,8,
37227,8971,771451,3,4,4,8,
37228,10141,771451,19,19,3,9,
37229,21782,771451,31,31,3,8,
37230,19811,771451,31,31,3,9,
37231,10389,771451,13,13,3,8,
37232,20912,771451,3,4,4,8,
37233,3312,771451,3,4,4,8,
37234,9703,771451,13,13,3,8,
37235,16323,771451,31,31,3,7,
37236,14163,771451,27,27,3,9,
37237,13698,771451,3,4,4,8,
37238,13824,771451,3,4,4,8,
37239,9656,771451,23,23,3,8,
37240,11501,771451,3,4,4,7,
37241,8891,771451,17,17,3,8,
37242,2870,771451,3,4,4,9,
37243,2002,771451,3,4,4,7,
37244,2084,771451,3,4,4,8,
37245,3070,771451,3,4,4,8,
37246,1932,771451,3,4,4,6,
37247,20838,771451,29,29,3,8,
37248,25578,771451,29,29,3,8,
37249,2092,771451,3,4,4,7,
37250,12593,771451,13,13,3,8,
37251,13344,771451,19,19,3,8,
37252,25510,771451,3,4,4,7,
37253,20379,771451,3,4,4,7,
37254,10442,771451,19,19,3,8,
37255,1535,771451,3,4,4,8,
37256,11832,771451,19,19,3,7,
37257,11245,771451,19,19,3,8,
37258,21111,771451,31,31,3,8,
37259,12953,771451,25,25,3,8,
37260,1503,771451,3,4,4,7,
37261,12907,771451,17,17,3,8,
37262,10699,771451,3,4,4,7,
37263,1040,771451,3,4,4,8,
37264,2243,771451,3,4,4,9,
37265,16361,771451,17,17,3,9,
37266,16567,771451,3,4,4,8,
37267,24434,771451,29,30,3,8,
37268,21135,771451,33,33,3,8,
37269,26468,771451,33,33,3,8,
37270,3187,771451,3,4,4,8,
37271,15618,771451,25,25,3,8,
37272,26137,771451,3,4,4,8,
37273,10925,771451,17,17,3,9,
37274,14593,771451,3,4,4,8,
37275,9032,771451,13,13,3,9,
37276,809,771451,3,4,4,8,
37277,13032,771451,21,21,3,8,
37278,14228,771451,3,4,4,8,
37279,1791,771451,3,4,4,9,
37280,2571,771451,3,4,4,9,
37281,21616,771451,21,21,3,9,
37282,8121,771451,15,15,3,8,
37283,12676,771451,25,25,3,7,
37284,21933,771451,31,31,3,8,
37285,3860,771451,3,4,4,9,
37286,2108,771451,3,4,4,8,
37287,19634,771451,31,31,3,8,
37288,4027,771451,3,4,4,8,
37289,20352,771451,3,4,4,8,
37290,12848,771451,19,19,3,8,
37291,3763,771451,3,4,4,7,
37292,1488,771451,3,4,4,8,
37293,9635,771451,21,21,3,8,
37294,10834,771451,21,21,3,7,
37295,13473,771451,21,21,3,8,
37296,12226,771451,3,4,4,8,
37297,10429,771451,3,4,4,8,
37298,2321,771451,3,4,4,9,
37299,2710,771451,3,4,4,8,
37300,7220,771451,15,15,3,9,
37301,12872,771451,13,13,3,8,
37302,19551,771451,31,31,3,8,
37303,3270,771451,3,4,4,8,
37304,29045,771451,21,21,3,8,
37305,15681,771451,25,25,3,9,
37306,2507,771451,3,4,4,8,
37307,10442,771451,15,15,3,9,
37308,15107,771451,23,23,3,8,
37309,15798,771451,31,31,3,8,
37310,16837,771451,33,33,3,9,
37311,12535,771451,21,21,3,8,
37312,13846,771451,3,4,4,8,
37313,12626,771451,27,27,3,9,
37314,8466,771451,3,4,4,9,
37315,9141,771451,3,4,4,8,
37316,3105,771451,3,4,4,8,
37317,2727,771451,3,4,4,8,
37318,7872,771451,13,13,3,8,
37319,14401,771451,21,21,3,8,
37320,2769,771451,3,4,4,8,
37321,1513,771451,3,4,4,8,
37322,15176,771451,3,4,4,9,
37323,1820,771451,3,4,4,8,
37324,9150,771451,21,21,3,7,
37325,10173,771451,3,4,4,8,
37326,897,771451,3,4,4,8,
37327,7473,771451,15,15,3,9,
37328,7908,771451,3,4,4,9,
37329,2955,771451,3,4,4,9,
37330,18079,771451,29,29,3,8,
37331,21071,771451,33,33,3,8,
37332,9109,771451,17,17,3,8,
37333,17962,771451,17,17,3,9,
37334,23560,771451,31,31,3,8,
37335,1870,771451,3,4,4,9,
37336,19068,771451,31,32,3,8,
37337,10977,771451,19,19,3,8,
37338,2963,771451,3,4,4,9,
37339,8465,771451,17,17,3,9,
37340,16863,771451,31,31,3,9,
37341,38222,771451,31,31,3,8,
37342,11769,771451,3,4,4,9,
37343,9704,771451,3,4,4,8,
37344,9849,771451,19,19,3,8,
37345,3898,771451,3,4,4,9,
37346,2472,771451,3,4,4,8,
37347,16710,771451,27,27,3,9,
37348,40139,771451,29,29,3,8,
37349,54470,771451,27,27,3,8,
37350,16302,771451,29,29,3,9,
37351,1606,771451,3,4,4,8,
37352,32668,771451,31,31,3,8,
37353,9721,771451,17,17,3,8,
37354,1372,771451,3,4,4,8,
37355,33447,771451,29,29,3,8,
37356,24876,771451,27,27,3,9,
37357,31233,771451,3,4,4,8,
37358,25875,771451,17,17,3,8,
37359,30421,771451,33,33,3,8,
37360,34775,771451,19,19,3,8,
37361,22813,771451,29,29,3,9,
37362,26155,771451,17,17,3,8,
37363,27544,771451,31,31,3,8,
37364,16871,771451,23,23,3,8,
37365,7391,771451,13,13,3,8,
37366,13322,771451,3,4,4,8,
37367,19287,771451,33,33,3,9,
37368,9578,771451,3,4,4,8,
37369,14389,771451,3,4,4,9,
37370,2878,771451,3,4,4,8,
37371,4453,771451,3,4,4,8,
37372,2848,771451,3,4,4,8,
37373,16834,771451,27,27,3,9,
37374,10231,771451,17,17,3,8,
37375,17024,771451,3,4,4,8,
37376,2133,771451,3,4,4,8,
37377,19288,771451,33,33,3,8,
37378,9609,771451,3,4,4,8,
37379,25519,771451,29,29,3,9,
37380,25766,771451,3,4,4,8,
37381,18007,771451,21,21,3,8,
37382,16835,771451,17,17,3,8,
37383,11226,771451,19,19,3,8,
37384,27105,771451,31,31,3,8,
37385,29351,771451,3,4,4,9,
37386,13001,771451,25,25,3,8,
37387,16998,771451,29,29,3,8,
37388,1024,771451,3,4,4,7,
37389,15331,771451,29,30,3,6,
37390,11838,771451,23,23,3,8,
37391,12150,771451,3,4,4,7,
37392,16797,771451,3,4,4,9,
37393,18417,771451,27,27,3,9,
37394,23202,771451,33,33,3,8,
37395,6341,771451,3,4,4,9,
37396,2450,771451,3,4,4,6,
37397,1541,771451,3,4,4,8,
37398,5653,771451,3,4,4,8,
37399,24708,771451,31,31,3,8,
37400,15478,771451,17,17,3,7,
37401,3770,771451,3,4,4,7,
37402,5718,771451,3,4,4,8,
37403,2509,771451,3,4,4,8,
37404,2087,771451,3,4,4,8,
37405,2341,771451,3,4,4,7,
37406,13828,771451,17,17,3,8,
37407,19437,771451,17,17,3,7,
37408,31322,771451,29,29,3,8,
37409,14645,771451,3,4,4,9,
37410,31166,771451,3,4,4,8,
37411,27824,771451,31,31,3,9,
37412,24294,771451,29,29,3,9,
37413,13557,771451,21,21,3,9,
37414,24557,771451,27,27,3,9,
37415,3749,771451,3,4,4,9,
37416,2301,771451,3,4,4,9,
37417,8397,771451,15,15,3,8,
37418,15692,771451,21,21,3,8,
37419,10933,771451,21,21,3,8,
37420,16316,771451,3,4,4,8,
37421,31019,771451,29,29,3,8,
37422,9233,771451,3,4,4,9,
37423,27097,771451,31,31,3,9,
37424,12937,771451,17,17,3,8,
37425,13254,771451,15,15,3,8,
37426,1199,771451,3,4,4,9,
37427,13848,771451,15,15,3,9,
37428,14235,771451,3,4,4,8,
37429,2923,771451,3,4,4,8,
37430,2328,771451,3,4,4,8,
37431,2033,771451,3,4,4,8,
37432,19424,771451,13,13,3,8,
37433,21834,771451,29,29,3,8,
37434,13186,771451,15,15,3,8,
37435,20299,771451,29,29,3,9,
37436,22262,771451,23,23,3,8,
37437,20648,771451,25,25,3,9,
37438,20093,771451,23,23,3,8,
37439,19972,771451,3,4,4,9,
37440,14103,771451,25,25,3,8,
37441,14885,771451,15,15,3,8,
37442,16667,771451,3,4,4,8,
37443,6226,771451,13,13,3,9,
37444,1889,771451,3,4,4,8,
37445,13359,771451,21,21,3,8,
37446,23933,771451,29,29,3,9,
37447,5780,771451,3,4,4,9,
37448,14564,771451,23,23,3,8,
37449,15403,771451,3,4,4,7,
37450,3453,771451,3,4,4,8,
37451,9139,771451,21,21,3,9,
37452,10807,771451,3,4,4,8,
37453,2622,771451,3,4,4,8,
37454,28601,771451,33,33,3,8,
37455,20876,771451,33,33,3,8,
37456,27826,771451,3,4,4,7,
37457,18215,771451,31,31,3,8,
37458,20764,771451,3,4,4,9,
37459,3169,771451,3,4,4,8,
37460,18478,771451,31,31,3,7,
37461,15170,771451,21,21,3,8,
37462,29223,771451,33,33,3,8,
37463,13800,771451,3,4,4,9,
37464,14546,771451,25,25,3,8,
37465,10591,771451,3,4,4,8,
37466,1974,771451,3,4,4,9,
37467,7878,771451,17,17,3,7,
37468,7652,771451,3,4,4,6,
37469,1304,771451,3,4,4,8,
37470,837,771451,3,4,4,7,
37471,2689,771451,3,4,4,7,
37472,1512,771451,3,4,4,8,
37473,6439,771451,3,4,4,7,
37474,12273,771451,17,17,3,7,
37475,2316,771451,3,4,4,6,
37476,2640,771451,3,4,4,5,
37477,20269,771451,29,29,3,6,
37478,14252,771451,13,13,3,6,
37479,23432,771451,25,25,3,7,
37480,24833,771451,3,4,4,7,
37481,1431,771451,3,4,4,7,
37482,13768,771451,3,4,4,8,
37483,1378,771451,3,4,4,8,
37484,2827,771451,3,4,4,8,
37485,38652,771451,33,33,3,9,
37486,3435,771451,3,4,4,8,
37487,18157,771451,25,25,3,7,
37488,19544,771451,33,33,3,8,
37489,19263,771451,3,4,4,8,
37490,22044,771451,23,23,3,8,
37491,15362,771451,21,21,3,8,
37492,16720,771451,3,4,4,9,
37493,9676,771451,19,19,3,9,
37494,15633,771451,21,21,3,8,
37495,16422,771451,23,23,3,7,
37496,11167,771451,21,21,3,9,
37497,9938,771451,17,17,3,8,
37498,11720,771451,3,4,4,8,
37499,13281,771451,21,21,3,7,
37500,12605,771451,3,4,4,8,
37501,8415,771451,15,15,3,8,
37502,13479,771451,3,4,4,9,
37503,4009,771451,3,4,4,8,
37504,18022,771451,31,31,3,9,
37505,2946,771451,3,4,4,8,
37506,20145,771451,31,31,3,8,
37507,17178,771451,3,4,4,9,
37508,12437,771451,23,23,3,8,
37509,18894,771451,25,25,3,8,
37510,1870,771451,3,4,4,8,
37511,13089,771451,21,21,3,7,
37512,15059,771451,25,25,3,7,
37513,1222,771451,3,4,4,8,
37514,17238,771451,3,4,4,7,
37515,16195,771451,27,27,3,9,
37516,16567,771451,3,4,4,9,
37517,4090,771451,3,4,4,9,
37518,8806,771451,15,15,3,8,
37519,5040,771451,3,4,4,8,
37520,9323,771451,15,15,3,9,
37521,21886,771451,27,27,3,8,
37522,16466,771451,25,25,3,9,
37523,12706,771451,21,21,3,9,
37524,16614,771451,21,21,3,8,
37525,3625,771451,3,4,4,7,
37526,14527,771451,3,4,4,8,
37527,10849,771451,19,19,3,8,
37528,20704,771451,27,27,3,8,
37529,8673,771451,21,21,3,8,
37530,18776,771451,3,4,4,8,
37531,9951,771451,15,15,3,9,
37532,7051,771451,15,15,3,8,
37533,12239,771451,13,13,3,8,
37534,7182,771451,17,17,3,8,
37535,10022,771451,21,21,3,8,
37536,14449,771451,29,29,3,9,
37537,5572,771451,3,4,4,8,
37538,3761,771451,3,4,4,9,
37539,1604,771451,3,4,4,8,
37540,17265,771451,33,33,3,8,
37541,2141,771451,3,4,4,8,
37542,3250,771451,3,4,4,9,
37543,2182,771451,3,4,4,8,
37544,19280,771451,27,27,3,8,
37545,18546,771451,31,31,3,7,
37546,2345,771451,3,4,4,8,
37547,19158,771451,3,4,4,9,
37548,19042,771452,3,4,4,8,
37549,18298,771452,31,31,3,7,
37550,5970,771452,3,4,4,8,
37551,12067,771452,23,23,3,8,
37552,8223,771452,13,13,3,8,
37553,2116,771452,3,4,4,9,
37554,2298,771452,3,4,4,9,
37555,1563,771452,3,4,4,9,
37556,2009,771452,3,4,4,8,
37557,9856,771452,3,4,4,9,
37558,13750,771452,21,21,3,8,
37559,11467,771452,21,21,3,8,
37560,1514,771452,3,4,4,8,
37561,2646,771452,3,4,4,9,
37562,11378,771452,19,19,3,9,
37563,12676,771452,17,17,3,8,
37564,13482,771452,25,25,3,8,
37565,18045,771452,31,31,3,9,
37566,13812,771452,3,4,4,7,
37567,13709,771452,29,29,3,7,
37568,17343,771452,3,4,4,9,
37569,10677,771452,23,23,3,8,
37570,867,771452,3,4,4,8,
37571,7231,771452,17,17,3,8,
37572,6914,771452,3,4,4,7,
37573,3619,771452,3,4,4,9,
37574,12148,771452,31,31,3,9,
37575,19402,771452,13,13,3,8,
37576,1882,771452,3,4,4,8,
37577,11921,771452,27,27,3,9,
37578,10974,771452,29,29,3,7,
37579,22235,771452,23,23,3,8,
37580,11433,771452,31,31,3,8,
37581,12190,771452,3,4,4,8,
37582,12462,771452,3,4,4,8,
37583,2033,771452,3,4,4,9,
37584,9825,771452,19,19,3,8,
37585,9524,771452,3,4,4,8,
37586,9132,771452,3,4,4,9,
37587,17307,771452,29,29,3,8,
37588,2991,771452,3,4,4,8,
37589,17218,771452,29,29,3,9,
37590,2585,771452,3,4,4,8,
37591,16811,771452,3,4,4,8,
37592,9120,771452,15,15,3,9,
37593,17847,771452,27,27,3,8,
37594,11057,771452,21,21,3,9,
37595,18379,771452,3,4,4,9,
37596,1937,771452,3,4,4,9,
37597,14781,771452,23,23,3,9,
37598,16307,771452,29,29,3,8,
37599,8757,771452,19,19,3,8,
37600,5572,771452,13,13,3,8,
37601,4436,771452,3,4,4,8,
37602,4482,771452,3,4,4,8,
37603,1900,771452,3,4,4,7,
37604,2441,771452,3,4,4,8,
37605,9071,771452,21,21,3,8,
37606,9970,771452,21,21,3,8,
37607,16133,771452,33,33,3,8,
37608,9562,771452,3,4,4,8,
37609,9665,771452,3,4,4,8,
37610,2277,771452,3,4,4,8,
37611,13785,771452,25,25,3,9,
37612,3665,771452,3,4,4,9,
37613,1787,771452,3,4,4,8,
37614,12427,771452,25,25,3,9,
37615,8945,771452,19,19,3,8,
37616,12734,771452,3,4,4,8,
37617,9077,771452,3,4,4,9,
37618,10027,771452,21,21,3,8,
37619,1884,771452,3,4,4,8,
37620,10885,771452,3,4,4,8,
37621,1946,771452,3,4,4,9,
37622,5025,771452,13,13,3,8,
37623,5037,771452,3,4,4,7,
37624,5914,771452,13,13,3,9,
37625,1501,771452,3,4,4,8,
37626,4999,771452,3,4,4,8,
37627,2700,771452,3,4,4,9,
37628,18321,771452,23,23,3,9,
37629,10597,771452,19,19,3,7,
37630,1245,771452,3,4,4,8,
37631,12797,771452,29,29,3,8,
37632,17798,771452,3,4,4,8,
37633,10720,771452,3,4,4,8,
37634,3483,771452,3,4,4,9,
37635,12264,771452,3,4,4,8,
37636,14588,771452,25,26,3,8,
37637,22605,771452,31,31,3,8,
37638,16211,771452,23,24,3,8,
37639,8724,771452,19,19,3,8,
37640,10643,771452,21,21,3,9,
37641,11521,771452,3,4,4,9,
37642,12100,771452,21,21,3,8,
37643,13212,771452,3,4,4,8,
37644,13679,771452,29,29,3,9,
37645,2203,771452,3,4,4,8,
37646,15997,771452,31,31,3,9,
37647,1510,771452,3,4,4,9,
37648,11381,771452,25,25,3,8,
37649,9746,771452,3,4,4,8,
37650,11754,771452,3,4,4,9,
37651,4374,771452,3,4,4,8,
37652,11632,771452,19,19,3,8,
37653,2245,771452,3,4,4,8,
37654,8844,771452,3,4,4,8,
37655,10397,771452,3,4,4,7,
37656,1966,771452,3,4,4,9,
37657,9381,771452,21,21,3,8,
37658,6221,771452,13,13,3,9,
37659,7238,771452,3,4,4,8,
37660,8889,771452,3,4,4,7,
37661,10463,771452,17,17,3,7,
37662,10193,771452,25,25,3,6,
37663,3807,771452,3,4,4,9,
37664,2914,771452,3,4,4,7,
37665,7255,771452,13,13,3,6,
37666,14380,771452,23,23,3,9,
37667,7966,771452,19,19,3,7,
37668,18750,771452,33,33,3,7,
37669,14668,771452,3,4,4,6,
37670,1793,771452,3,4,4,5,
37671,1631,771452,3,4,4,5,
37672,15250,771452,23,23,3,6,
37673,1870,771452,3,4,4,7,
37674,14445,771452,27,27,3,7,
37675,19592,771452,33,33,3,8,
37676,15871,771452,25,25,3,7,
37677,8675,771452,15,15,3,8,
37678,1434,771452,3,4,4,8,
37679,15299,771452,27,27,3,9,
37680,14672,771452,3,4,4,8,
37681,15422,771452,3,4,4,8,
37682,15009,771452,19,19,3,8,
37683,1852,771452,3,4,4,9,
37684,10254,771452,21,21,3,9,
37685,14520,771452,33,33,3,8,
37686,1440,771452,3,4,4,8,
37687,3173,771452,3,4,4,9,
37688,2024,771452,3,4,4,8,
37689,9571,771452,3,4,4,9,
37690,2447,771452,3,4,4,9,
37691,18684,771452,25,25,3,8,
37692,19994,771452,27,27,3,8,
37693,21204,771452,3,4,4,8,
37694,11618,771452,25,25,3,8,
37695,13276,771452,21,21,3,8,
37696,6052,771452,15,15,3,8,
37697,6797,771452,3,4,4,9,
37698,1371,771452,3,4,4,9,
37699,1944,771452,3,4,4,8,
37700,5763,771452,3,4,4,9,
37701,20790,771452,33,33,3,8,
37702,2903,771452,3,4,4,9,
37703,20276,771452,3,4,4,9,
37704,21643,771452,31,31,3,8,
37705,16873,771452,23,23,3,8,
37706,9504,771452,15,15,3,8,
37707,12643,771452,25,25,3,8,
37708,6552,771452,13,13,3,8,
37709,4247,771452,3,4,4,9,
37710,1825,771452,3,4,4,9,
37711,11354,771452,15,15,3,7,
37712,10634,771452,15,15,3,8,
37713,7917,771452,13,13,3,8,
37714,20108,771452,29,29,3,9,
37715,10387,771452,3,4,4,8,
37716,21368,771452,29,29,3,9,
37717,3552,771452,3,4,4,7,
37718,7979,771452,17,17,3,8,
37719,9605,771452,15,15,3,9,
37720,2995,771452,3,4,4,8,
37721,2322,771452,3,4,4,8,
37722,14971,771452,21,21,3,7,
37723,10781,771452,19,19,3,8,
37724,3079,771452,3,4,4,8,
37725,38189,771452,3,4,4,8,
37726,10737,771452,3,4,4,8,
37727,2663,771452,3,4,4,8,
37728,36479,771452,25,25,3,7,
37729,39698,771452,29,29,3,6,
37730,35902,771452,25,25,3,7,
37731,34713,771452,19,19,3,7,
37732,30926,771452,19,19,3,8,
37733,950,771452,3,4,4,8,
37734,1684,771452,3,4,4,9,
37735,30477,771452,13,13,3,6,
37736,36400,771452,3,4,4,7,
37737,34804,771452,19,19,3,8,
37738,30927,771452,33,33,3,7,
37739,4845,771452,3,4,4,6,
37740,20599,771452,31,31,3,6,
37741,4170,771452,3,4,4,6,
37742,6731,771452,3,4,4,7,
37743,3642,771452,3,4,4,6,
37744,3726,771452,3,4,4,7,
37745,3878,771452,3,4,4,7,
37746,4794,771452,3,4,4,9,
37747,2269,771452,3,4,4,8,
37748,18024,771452,33,33,3,8,
37749,7397,771452,17,17,3,8,
37750,17549,771452,25,25,3,7,
37751,13721,771452,29,29,3,8,
37752,1903,771452,3,4,4,8,
37753,19467,771452,21,21,3,8,
37754,17948,771452,3,4,4,8,
37755,1867,771452,3,4,4,9,
37756,9342,771452,17,17,3,8,
37757,1658,771452,3,4,4,9,
37758,11728,771452,25,25,3,9,
37759,11670,771452,3,4,4,9,
37760,14104,771452,3,4,4,8,
37761,9390,771452,15,15,3,9,
37762,15900,771452,29,29,3,8,
37763,3425,771452,3,4,4,9,
37764,19115,771452,31,31,3,9,
37765,19095,771452,3,4,4,8,
37766,3166,771452,3,4,4,9,
37767,8444,771452,15,15,3,9,
37768,3058,771452,3,4,4,8,
37769,12064,771452,25,25,3,9,
37770,3424,771452,3,4,4,9,
37771,23171,771452,31,31,3,9,
37772,9732,771452,3,4,4,8,
37773,15760,771452,21,21,3,8,
37774,17835,771452,25,25,3,9,
37775,12348,771452,23,23,3,8,
37776,26853,771452,29,29,3,9,
37777,1655,771452,3,4,4,9,
37778,23983,771452,3,4,4,8,
37779,25311,771452,29,29,3,8,
37780,15838,771452,19,19,3,9,
37781,2601,771452,3,4,4,9,
37782,28143,771452,33,33,3,8,
37783,3006,771452,3,4,4,9,
37784,27014,771452,3,4,4,8,
37785,11360,771452,13,13,3,9,
37786,19779,771452,29,29,3,9,
37787,3629,771452,3,4,4,8,
37788,9489,771452,15,15,3,8,
37789,18746,771452,17,17,3,9,
37790,16391,771452,27,27,3,8,
37791,10333,771452,17,17,3,9,
37792,2195,771452,3,4,4,8,
37793,10288,771452,3,4,4,9,
37794,8101,771452,13,13,3,8,
37795,10567,771452,21,21,3,8,
37796,9801,771452,3,4,4,9,
37797,11226,771452,23,23,3,9,
37798,10791,771452,3,4,4,9,
37799,2097,771452,3,4,4,8,
37800,12638,771452,29,29,3,8,
37801,11038,771452,21,21,3,9,
37802,2384,771452,3,4,4,8,
37803,12171,771452,3,4,4,8,
37804,1759,771452,3,4,4,7,
37805,12794,771452,29,29,3,9,
37806,7287,771452,19,19,3,9,
37807,9320,771452,3,4,4,7,
37808,13014,771452,3,4,4,8,
37809,13445,771452,27,27,3,8,
37810,12688,771452,21,21,3,9,
37811,12055,771452,3,4,4,9,
37812,8263,771452,3,4,4,9,
37813,2522,771452,3,4,4,8,
37814,21184,771452,33,33,3,8,
37815,2389,771452,3,4,4,9,
37816,10616,771452,17,17,3,8,
37817,14540,771452,27,27,3,9,
37818,2517,771452,3,4,4,9,
37819,10712,771452,13,13,3,9,
37820,19102,771452,29,29,3,8,
37821,15966,771452,23,23,3,9,
37822,12736,771452,29,29,3,9,
37823,15664,771452,3,4,4,8,
37824,9203,771452,21,21,3,8,
37825,8976,771452,3,4,4,9,
37826,9940,771452,3,4,4,9,
37827,18068,771452,29,29,3,9,
37828,12002,771452,17,17,3,8,
37829,13491,771452,23,23,3,9,
37830,11251,771452,19,19,3,8,
37831,8779,771452,15,15,3,9,
37832,14792,771452,21,21,3,8,
37833,11669,771452,19,19,3,7,
37834,15189,771452,3,4,4,9,
37835,16588,771452,27,27,3,9,
37836,5155,771452,3,4,4,8,
37837,13972,771452,23,23,3,9,
37838,12232,771452,19,19,3,8,
37839,2673,771452,3,4,4,8,
37840,15626,771452,21,21,3,9,
37841,2621,771452,3,4,4,8,
37842,2633,771452,3,4,4,8,
37843,14531,771452,27,27,3,8,
37844,6163,771452,3,4,4,8,
37845,15367,771452,31,31,3,8,
37846,15844,771452,3,4,4,8,
37847,1903,771452,3,4,4,9,
37848,11900,771452,19,19,3,9,
37849,12029,771452,23,23,3,8,
37850,2364,771452,3,4,4,8,
37851,2199,771452,3,4,4,9,
37852,17012,771452,31,31,3,8,
37853,4653,771452,3,4,4,8,
37854,2462,771452,3,4,4,9,
37855,3232,771452,3,4,4,9,
37856,9398,771452,17,17,3,8,
37857,17073,771452,31,31,3,8,
37858,8423,771452,3,4,4,8,
37859,16726,771452,3,4,4,8,
37860,22514,771452,21,21,3,8,
37861,13119,771452,27,27,3,9,
37862,1125,771452,3,4,4,8,
37863,13083,771452,3,4,4,8,
37864,1503,771452,3,4,4,9,
37865,1489,771452,3,4,4,9,
37866,15347,771452,33,33,3,9,
37867,13315,771452,27,27,3,8,
37868,2016,771452,3,4,4,9,
37869,1541,771452,3,4,4,9,
37870,1688,771452,3,4,4,9,
37871,1986,771452,3,4,4,8,
37872,14280,771452,3,4,4,9,
37873,1822,771452,3,4,4,9,
37874,6095,771452,15,15,3,8,
37875,7389,771452,3,4,4,8,
37876,1983,771452,3,4,4,8,
37877,14632,771452,33,33,3,8,
37878,6143,771452,13,13,3,7,
37879,15544,771452,3,4,4,8,
37880,6284,771452,3,4,4,9,
37881,2799,771452,3,4,4,8,
37882,15092,771452,31,31,3,9,
37883,8846,771452,23,23,3,8,
37884,10253,771452,19,19,3,9,
37885,10254,771452,3,4,4,8,
37886,7639,771452,15,15,3,8,
37887,20864,771452,33,33,3,9,
37888,7754,771452,15,15,3,7,
37889,19727,771452,3,4,4,8,
37890,15570,771452,25,25,3,8,
37891,21412,771452,31,31,3,9,
37892,6533,771452,17,17,3,8,
37893,14866,771452,25,25,3,8,
37894,18433,771452,23,23,3,8,
37895,21509,771452,27,27,3,7,
37896,20661,771452,27,27,3,8,
37897,17216,771452,23,23,3,9,
37898,11183,771452,19,19,3,9,
37899,1358,771452,3,4,4,8,
37900,8230,771452,15,15,3,9,
37901,7747,771452,3,4,4,8,
37902,10472,771452,21,21,3,9,
37903,11344,771452,19,19,3,8,
37904,6434,771452,3,4,4,9,
37905,1494,771452,3,4,4,8,
37906,5976,771452,13,13,3,8,
37907,13564,771452,29,29,3,8,
37908,6249,771452,3,4,4,8,
37909,5486,771452,3,4,4,8,
37910,13949,771452,21,21,3,7,
37911,2920,771452,3,4,4,8,
37912,13324,771452,23,23,3,9,
37913,19355,771452,33,33,3,9,
37914,3175,771452,3,4,4,8,
37915,19450,771452,3,4,4,8,
37916,10159,771452,17,17,3,8,
37917,19488,771452,23,23,3,8,
37918,2627,771452,3,4,4,8,
37919,19986,771452,33,33,3,8,
37920,2073,771452,3,4,4,9,
37921,14384,771452,27,27,3,9,
37922,14126,771452,3,4,4,9,
37923,2500,771452,3,4,4,9,
37924,11125,771452,3,4,4,8,
37925,19302,771452,33,33,3,8,
37926,6995,771452,19,19,3,8,
37927,12336,771452,15,15,3,9,
37928,12931,771452,23,23,3,8,
37929,14580,771452,29,29,3,9,
37930,12543,771452,21,21,3,8,
37931,14245,771452,3,4,4,8,
37932,14226,771452,27,27,3,8,
37933,1559,771452,3,4,4,9,
37934,8934,771452,13,13,3,8,
37935,15512,771452,29,29,3,8,
37936,9633,771452,3,4,4,8,
37937,11826,771452,19,19,3,9,
37938,7207,771452,3,4,4,7,
37939,2278,771452,3,4,4,8,
37940,7372,771452,19,19,3,7,
37941,3945,771452,3,4,4,8,
37942,2645,771452,3,4,4,9,
37943,1550,771452,3,4,4,8,
37944,7951,771452,13,13,3,8,
37945,2917,771452,3,4,4,8,
37946,2555,771452,3,4,4,7,
37947,13568,771452,25,25,3,8,
37948,2382,771452,3,4,4,9,
37949,2311,771452,3,4,4,8,
37950,2393,771452,3,4,4,7,
37951,2778,771452,3,4,4,8,
37952,6657,771452,13,13,3,8,
37953,16622,771452,33,33,3,8,
37954,11721,771452,23,23,3,8,
37955,7055,771452,3,4,4,8,
37956,16221,771452,3,4,4,8,
37957,1825,771452,3,4,4,8,
37958,5666,771452,15,15,3,9,
37959,13317,771452,29,29,3,8,
37960,22116,771452,21,21,3,8,
37961,8861,771452,3,4,4,9,
37962,2512,771452,3,4,4,9,
37963,6250,771452,15,15,3,8,
37964,9545,771452,19,19,3,8,
37965,17140,771452,17,17,3,9,
37966,2672,771452,3,4,4,8,
37967,10224,771452,21,21,3,9,
37968,2558,771452,3,4,4,8,
37969,8476,771452,3,4,4,8,
37970,19792,771452,31,31,3,9,
37971,13849,771452,25,25,3,8,
37972,18880,771452,3,4,4,8,
37973,15331,771452,27,27,3,9,
37974,7335,771452,15,15,3,8,
37975,9138,771452,3,4,4,9,
37976,16515,771452,29,29,3,8,
37977,16500,771452,3,4,4,9,
37978,19722,771452,33,33,3,8,
37979,4860,771452,3,4,4,9,
37980,849,771452,3,4,4,8,
37981,1091,771452,3,4,4,8,
37982,1620,771452,3,4,4,8,
37983,19057,771452,31,31,3,8,
37984,12585,771452,21,21,3,8,
37985,19833,771452,3,4,4,8,
37986,18410,771452,31,31,3,8,
37987,6479,771452,13,13,3,9,
37988,19612,771452,29,29,3,9,
37989,10109,771452,23,23,3,8,
37990,16665,771452,33,33,3,8,
37991,5531,771452,13,13,3,8,
37992,6110,771452,3,4,4,9,
37993,18531,771452,31,31,3,9,
37994,7742,771452,13,13,3,8,
37995,2441,771452,3,4,4,8,
37996,17006,771452,31,31,3,8,
37997,3145,771452,3,4,4,9,
37998,15072,771452,31,31,3,8,
37999,7275,771452,17,17,3,8,
38000,15808,771452,3,4,4,8,
38001,12304,771452,3,4,4,8,
38002,7277,771452,3,4,4,9,
38003,8739,771452,17,17,3,9,
38004,10258,771452,3,4,4,7,
38005,13798,771452,27,27,3,8,
38006,7498,771452,15,15,3,8,
38007,7801,771452,3,4,4,8,
38008,2214,771452,3,4,4,8,
38009,15909,771452,25,25,3,8,
38010,1934,771452,3,4,4,7,
38011,2358,771452,3,4,4,8,
38012,2139,771452,3,4,4,7,
38013,2230,771452,3,4,4,7,
38014,9234,771452,19,19,3,7,
38015,8537,771452,17,17,3,8,
38016,2868,771452,3,4,4,7,
38017,2059,771452,3,4,4,8,
38018,14620,771452,15,15,3,8,
38019,9938,771452,3,4,4,8,
38020,2458,771452,3,4,4,8,
38021,14775,771452,33,33,3,9,
38022,2194,771452,3,4,4,8,
38023,13524,771452,21,21,3,8,
38024,8691,771452,3,4,4,8,
38025,2155,771452,3,4,4,9,
38026,2543,771452,3,4,4,8,
38027,2897,771452,3,4,4,9,
38028,11001,771452,17,17,3,8,
38029,10006,771452,17,17,3,8,
38030,15070,771452,29,29,3,9,
38031,11807,771452,25,25,3,8,
38032,9547,771452,3,4,4,8,
38033,15842,771452,27,27,3,9,
38034,15882,771452,3,4,4,9,
38035,4660,771452,3,4,4,9,
38036,13015,771452,21,21,3,8,
38037,19628,771452,15,15,3,9,
38038,2408,771452,3,4,4,8,
38039,5267,771452,13,13,3,9,
38040,5370,771452,3,4,4,8,
38041,2347,771452,3,4,4,8,
38042,17618,771452,31,31,3,9,
38043,11532,771452,19,19,3,8,
38044,17848,771452,3,4,4,8,
38045,12460,771452,21,21,3,9,
38046,1766,771452,3,4,4,9,
38047,1771,771452,3,4,4,9,
38048,1776,771452,3,4,4,8,
38049,13283,771452,21,21,3,8,
38050,1557,771452,3,4,4,8,
38051,5189,771452,13,13,3,8,
38052,2388,771452,3,4,4,8,
38053,7088,771452,3,4,4,8,
38054,1935,771452,3,4,4,9,
38055,881,771452,3,4,4,9,
38056,1159,771452,3,4,4,9,
38057,6090,771452,15,15,3,8,
38058,2798,771452,3,4,4,8,
38059,15442,771452,29,29,3,8,
38060,12699,771452,21,21,3,8,
38061,10858,771452,19,19,3,8,
38062,2359,771452,3,4,4,8,
38063,10123,771452,3,4,4,8,
38064,2689,771452,3,4,4,8,
38065,2683,771452,3,4,4,8,
38066,2131,771452,3,4,4,9,
38067,5701,771452,13,13,3,8,
38068,1783,771452,3,4,4,8,
38069,2324,771452,3,4,4,8,
38070,9729,771452,3,4,4,9,
38071,2511,771452,3,4,4,9,
38072,3201,771452,3,4,4,8,
38073,1987,771452,3,4,4,8,
38074,9247,771452,19,19,3,9,
38075,1309,771452,3,4,4,8,
38076,2785,771452,3,4,4,8,
38077,8689,771452,3,4,4,8,
38078,1985,771452,3,4,4,8,
38079,13643,771452,27,27,3,8,
38080,1641,771452,3,4,4,7,
38081,1743,771452,3,4,4,7,
38082,1639,771452,3,4,4,7,
38083,2365,771452,3,4,4,8,
38084,12599,771452,3,4,4,8,
38085,15314,771452,33,33,3,7,
38086,5999,771452,13,13,3,8,
38087,14632,771452,29,29,3,7,
38088,15832,771452,3,4,4,9,
38089,12787,771452,29,29,3,8,
38090,14550,771452,3,4,4,8,
38091,8148,771452,17,17,3,8,
38092,7115,771452,3,4,4,8,
38093,9248,771452,3,4,4,7,
38094,1886,771452,3,4,4,8,
38095,2223,771452,3,4,4,7,
38096,9340,771452,13,13,3,8,
38097,1970,771452,3,4,4,7,
38098,9869,771452,17,17,3,7,
38099,8998,771452,13,13,3,9,
38100,7960,771452,3,4,4,6,
38101,1624,771452,3,4,4,7,
38102,17963,771452,27,27,3,8,
38103,10808,771452,13,13,3,8,
38104,8520,771452,3,4,4,9,
38105,33503,771452,29,29,3,8,
38106,23325,771452,29,29,3,9,
38107,11725,771452,19,19,3,9,
38108,1622,771452,3,4,4,8,
38109,1859,771452,3,4,4,8,
38110,19765,771452,29,29,3,8,
38111,13998,771452,25,25,3,9,
38112,20088,771452,3,4,4,8,
38113,11913,771452,13,13,3,9,
38114,22432,771452,19,19,3,9,
38115,10397,771452,19,19,3,8,
38116,13111,771452,19,19,3,9,
38117,3226,771452,3,4,4,9,
38118,14777,771452,25,25,3,8,
38119,15024,771452,23,23,3,9,
38120,15438,771452,19,19,3,8,
38121,20319,771452,31,31,3,9,
38122,9238,771452,15,15,3,9,
38123,11576,771452,13,13,3,8,
38124,7410,771452,13,13,3,9,
38125,16981,771452,21,21,3,8,
38126,4757,771452,3,4,4,9,
38127,17303,771452,31,31,3,8,
38128,5859,771452,3,4,4,8,
38129,11457,771452,3,4,4,8,
38130,2298,771452,3,4,4,8,
38131,5308,771452,13,13,3,9,
38132,7678,771452,3,4,4,8,
38133,1323,771452,3,4,4,9,
38134,1566,771452,3,4,4,8,
38135,1713,771452,3,4,4,8,
38136,13027,771452,17,17,3,8,
38137,17524,771452,23,23,3,9,
38138,12745,771452,3,4,4,8,
38139,20031,771452,27,27,3,8,
38140,18499,771452,31,31,3,9,
38141,18741,771452,33,33,3,8,
38142,12197,771452,23,23,3,8,
38143,1697,771452,3,4,4,9,
38144,16761,771452,33,33,3,8,
38145,17840,771452,3,4,4,9,
38146,13251,771452,25,25,3,8,
38147,1326,771452,3,4,4,8,
38148,2481,771452,3,4,4,9,
38149,14889,771452,31,31,3,8,
38150,7244,771452,13,13,3,8,
38151,3822,771452,3,4,4,8,
38152,5137,771452,3,4,4,8,
38153,6148,771452,3,4,4,9,
38154,1521,771452,3,4,4,9,
38155,1858,771452,3,4,4,7,
38156,2362,771452,3,4,4,7,
38157,5813,771452,13,13,3,8,
38158,2346,771452,3,4,4,8,
38159,2779,771452,3,4,4,6,
38160,15170,771452,23,23,3,7,
38161,4275,771452,3,4,4,7,
38162,6727,771452,3,4,4,8,
38163,27807,771452,31,32,3,8,
38164,11065,771452,19,19,3,8,
38165,17304,771452,23,23,3,9,
38166,14943,771452,33,33,3,8,
38167,8368,771452,13,13,3,9,
38168,3727,771452,3,4,4,8,
38169,14071,771452,3,4,4,8,
38170,18261,771452,25,25,3,9,
38171,14597,771452,21,21,3,9,
38172,13805,771452,23,23,3,8,
38173,1116,771452,3,4,4,8,
38174,20139,771452,31,31,3,9,
38175,22882,771452,33,33,3,9,
38176,5677,771452,13,13,3,9,
38177,15184,771452,31,31,3,9,
38178,9845,771452,3,4,4,8,
38179,15426,771452,3,4,4,9,
38180,3612,771452,3,4,4,9,
38181,16908,771452,19,19,3,8,
38182,9095,771452,17,17,3,8,
38183,1817,771452,3,4,4,9,
38184,1688,771452,3,4,4,9,
38185,1790,771452,3,4,4,8,
38186,1312,771452,3,4,4,8,
38187,9528,771452,21,21,3,8,
38188,2316,771452,3,4,4,8,
38189,9925,771452,3,4,4,8,
38190,14662,771452,15,15,3,9,
38191,25792,771452,31,31,3,8,
38192,23922,771452,33,33,3,8,
38193,13071,771452,33,33,3,9,
38194,9129,771452,15,15,3,9,
38195,8346,771452,3,4,4,8,
38196,12505,771452,19,19,3,8,
38197,7063,771452,17,17,3,9,
38198,17568,771452,3,4,4,8,
38199,8063,771452,23,23,3,9,
38200,21256,771452,31,31,3,8,
38201,22280,771452,3,4,4,8,
38202,8569,771452,23,23,3,8,
38203,3695,771452,3,4,4,9,
38204,19393,771452,33,33,3,9,
38205,1791,771452,3,4,4,9,
38206,1295,771452,3,4,4,8,
38207,6371,771452,15,15,3,8,
38208,2023,771452,3,4,4,9,
38209,13533,771452,23,23,3,8,
38210,18314,771452,29,29,3,8,
38211,13637,771452,17,17,3,8,
38212,2391,771452,3,4,4,8,
38213,20307,771452,33,33,3,8,
38214,3218,771452,3,4,4,8,
38215,11295,771452,23,23,3,9,
38216,15961,771452,27,27,3,8,
38217,15236,771452,3,4,4,9,
38218,2071,771452,3,4,4,8,
38219,6125,771452,13,13,3,8,
38220,12172,771452,3,4,4,8,
38221,15341,771452,33,33,3,9,
38222,15944,771452,3,4,4,8,
38223,2531,771452,3,4,4,9,
38224,2164,771452,3,4,4,8,
38225,3041,771452,3,4,4,9,
38226,8060,771452,21,21,3,8,
38227,8948,771452,3,4,4,8,
38228,2371,771452,3,4,4,9,
38229,1932,771452,3,4,4,8,
38230,1176,771452,3,4,4,7,
38231,8464,771452,15,15,3,8,
38232,1846,771452,3,4,4,8,
38233,10582,771452,23,23,3,7,
38234,2420,771452,3,4,4,8,
38235,8719,771452,19,19,3,8,
38236,2039,771452,3,4,4,8,
38237,8448,771452,3,4,4,9,
38238,2875,771452,3,4,4,8,
38239,1887,771452,3,4,4,9,
38240,4471,771452,3,4,4,8,
38241,2600,771452,3,4,4,9,
38242,3631,771452,3,4,4,8,
38243,11242,771452,21,21,3,9,
38244,3441,771452,3,4,4,9,
38245,6940,771452,15,15,3,9,
38246,10031,771452,3,4,4,8,
38247,4799,771452,3,4,4,8,
38248,2724,771452,3,4,4,8,
38249,8139,771452,3,4,4,8,
38250,2725,771452,3,4,4,9,
38251,17608,771452,27,27,3,8,
38252,12216,771452,17,17,3,8,
38253,3444,771452,3,4,4,8,
38254,17423,771452,3,4,4,9,
38255,11681,771452,31,31,3,8,
38256,19585,771452,27,27,3,9,
38257,3578,771452,3,4,4,8,
38258,19698,771452,31,31,3,9,
38259,2029,771452,3,4,4,8,
38260,21097,771452,33,33,3,8,
38261,13233,771452,21,21,3,9,
38262,8408,771452,19,19,3,8,
38263,12992,771452,3,4,4,9,
38264,15100,771452,27,28,3,8,
38265,15380,771452,3,4,4,8,
38266,8549,771452,17,17,3,8,
38267,13311,771452,33,33,3,9,
38268,12960,771452,3,4,4,8,
38269,15207,771452,31,31,3,9,
38270,6836,771452,17,17,3,8,
38271,14573,771452,3,4,4,9,
38272,5524,771452,3,4,4,9,
38273,11569,771452,21,21,3,9,
38274,1943,771452,3,4,4,8,
38275,11403,771452,25,25,3,9,
38276,1810,771452,3,4,4,7,
38277,1411,771452,3,4,4,8,
38278,10778,771452,23,23,3,8,
38279,15417,771452,27,27,3,9,
38280,11462,771452,21,21,3,7,
38281,11142,771452,3,4,4,8,
38282,15267,771452,3,4,4,8,
38283,11768,771452,3,4,4,8,
38284,1735,771452,3,4,4,9,
38285,7383,771452,19,19,3,8,
38286,2521,771452,3,4,4,9,
38287,8146,771452,3,4,4,9,
38288,15955,771452,29,29,3,9,
38289,1766,771452,3,4,4,7,
38290,15448,771452,3,4,4,9,
38291,1464,771452,3,4,4,8,
38292,9777,771452,19,19,3,8,
38293,21351,771452,27,27,3,8,
38294,14547,771452,27,27,3,9,
38295,14136,771452,23,23,3,8,
38296,20800,771452,3,4,4,8,
38297,9650,771452,19,19,3,8,
38298,20657,771452,25,25,3,8,
38299,13063,771452,25,25,3,9,
38300,5740,771452,3,4,4,9,
38301,6222,771452,3,4,4,8,
38302,8831,771452,17,17,3,9,
38303,17244,771452,33,33,3,9,
38304,13448,771452,23,23,3,9,
38305,9756,771452,3,4,4,8,
38306,7721,771452,17,17,3,9,
38307,17856,771452,29,29,3,8,
38308,17562,771452,3,4,4,8,
38309,44814,771452,21,21,3,6,
38310,5320,771452,13,13,3,8,
38311,12687,771452,27,27,3,9,
38312,4807,771452,3,4,4,8,
38313,1786,771452,3,4,4,9,
38314,1799,771452,3,4,4,9,
38315,8946,771452,15,15,3,9,
38316,36899,771452,27,27,3,7,
38317,8733,771452,3,4,4,8,
38318,34091,771452,23,23,3,8,
38319,37861,771452,29,29,3,8,
38320,24851,771452,13,13,3,9,
38321,35245,771452,3,4,4,7,
38322,32851,771452,29,29,3,8,
38323,29005,771452,3,4,4,7,
38324,33691,771452,3,4,4,8,
38325,32944,771452,3,4,4,9,
38326,12249,771452,15,15,3,6,
38327,5127,771452,3,4,4,7,
38328,10529,771452,17,17,3,8,
38329,5326,771452,3,4,4,8,
38330,13142,771452,21,21,3,8,
38331,10132,771452,3,4,4,8,
38332,2458,771452,3,4,4,8,
38333,12132,771452,3,4,4,7,
38334,19663,771452,31,31,3,8,
38335,12409,771452,15,15,3,9,
38336,9117,771452,19,19,3,8,
38337,5465,771452,15,15,3,9,
38338,9176,771452,3,4,4,8,
38339,2489,771452,3,4,4,9,
38340,9439,771452,17,17,3,8,
38341,20120,771452,33,33,3,7,
38342,8156,771452,13,13,3,9,
38343,11469,771452,25,25,3,8,
38344,2094,771452,3,4,4,8,
38345,8296,771452,19,19,3,9,
38346,2599,771452,3,4,4,8,
38347,7972,771452,3,4,4,9,
38348,17316,771452,3,4,4,8,
38349,11449,771452,23,23,3,9,
38350,10755,771452,3,4,4,9,
38351,10841,771452,25,25,3,8,
38352,3529,771452,3,4,4,9,
38353,11478,771452,23,23,3,8,
38354,32506,771452,29,29,3,9,
38355,12645,771452,3,4,4,8,
38356,34002,771452,33,33,3,8,
38357,7045,771452,3,4,4,9,
38358,2158,771452,3,4,4,8,
38359,38219,771452,33,33,3,9,
38360,1820,771452,3,4,4,7,
38361,27164,771452,13,13,3,8,
38362,4418,771452,3,4,4,9,
38363,29101,771452,19,19,3,9,
38364,41389,771452,25,25,3,8,
38365,19477,771452,3,4,4,8,
38366,20136,771452,3,4,4,9,
38367,18464,771452,3,4,4,8,
38368,14953,771452,31,31,3,8,
38369,14349,771452,23,23,3,8,
38370,14910,771452,3,4,4,8,
38371,7720,771452,13,13,3,8,
38372,14313,771452,25,25,3,8,
38373,13830,771452,27,27,3,8,
38374,15372,771452,25,25,3,8,
38375,31079,771452,21,21,3,9,
38376,5852,771452,3,4,4,9,
38377,7271,771452,3,4,4,8,
38378,2584,771452,3,4,4,8,
38379,1216,771452,3,4,4,8,
38380,6134,771452,17,17,3,7,
38381,2127,771452,3,4,4,8,
38382,6687,771452,3,4,4,8,
38383,3187,771452,3,4,4,9,
38384,26395,771452,27,27,3,9,
38385,25831,771452,3,4,4,8,
38386,18600,771452,33,33,3,8,
38387,6006,771452,15,15,3,8,
38388,37892,771452,27,27,3,8,
38389,20991,771452,3,4,4,8,
38390,13651,771452,17,17,3,8,
38391,2048,771452,3,4,4,9,
38392,1214,771452,3,4,4,8,
38393,15711,771452,15,15,3,8,
38394,28824,771452,31,31,3,9,
38395,19875,771452,21,21,3,9,
38396,11919,771452,15,15,3,8,
38397,25706,771452,21,21,3,8,
38398,24935,771452,29,29,3,8,
38399,28192,771452,31,31,3,8,
38400,19439,771452,33,33,3,9,
38401,2359,771452,3,4,4,8,
38402,9086,771452,13,13,3,8,
38403,25381,771452,31,31,3,8,
38404,34643,771452,25,26,3,8,
38405,31846,771452,27,27,3,8,
38406,16299,771452,3,4,4,8,
38407,28281,771452,3,4,4,9,
38408,28973,771452,29,29,3,9,
38409,3934,771452,3,4,4,8,
38410,19970,771452,33,33,3,8,
38411,26265,771452,27,27,3,8,
38412,24697,771452,3,4,4,7,
38413,18545,771452,21,21,3,8,
38414,25539,771452,33,33,3,8,
38415,8470,771452,17,17,3,9,
38416,5488,771452,3,4,4,8,
38417,31859,771453,33,33,3,8,
38418,7863,771453,3,4,4,9,
38419,7904,771453,15,15,3,7,
38420,5789,771453,3,4,4,9,
38421,5395,771453,3,4,4,7,
38422,22922,771453,23,23,3,8,
38423,26663,771453,25,25,3,9,
38424,24423,771453,33,33,3,8,
38425,4455,771453,3,4,4,6,
38426,22593,771453,25,25,3,7,
38427,27511,771453,23,23,3,8,
38428,12148,771453,13,13,3,8,
38429,15780,771453,23,23,3,8,
38430,20568,771453,3,4,4,7,
38431,14889,771453,25,25,3,8,
38432,10159,771453,3,4,4,7,
38433,3855,771453,3,4,4,8,
38434,2283,771453,3,4,4,8,
38435,10514,771453,3,4,4,8,
38436,2397,771453,3,4,4,8,
38437,1507,771453,3,4,4,8,
38438,3067,771453,3,4,4,8,
38439,19414,771453,25,25,3,8,
38440,12949,771453,29,29,3,9,
38441,13223,771453,3,4,4,8,
38442,25195,771453,29,29,3,8,
38443,21780,771453,25,25,3,7,
38444,25852,771453,3,4,4,7,
38445,9479,771453,15,15,3,8,
38446,14051,771453,21,21,3,9,
38447,14977,771453,19,19,3,8,
38448,14211,771453,3,4,4,8,
38449,6729,771453,3,4,4,8,
38450,21211,771453,31,31,3,9,
38451,10915,771453,25,25,3,9,
38452,10814,771453,3,4,4,8,
38453,1358,771453,3,4,4,9,
38454,1524,771453,3,4,4,9,
38455,1917,771453,3,4,4,8,
38456,19348,771453,15,15,3,8,
38457,8575,771453,13,13,3,8,
38458,9792,771453,3,4,4,8,
38459,19285,771453,3,4,4,9,
38460,23287,771453,19,19,3,9,
38461,24712,771453,27,27,3,8,
38462,26844,771453,21,21,3,9,
38463,18859,771453,3,4,4,8,
38464,11114,771453,13,13,3,8,
38465,7513,771453,3,4,4,9,
38466,19841,771453,21,21,3,9,
38467,23691,771453,31,31,3,8,
38468,22553,771453,29,29,3,9,
38469,19871,771453,23,23,3,8,
38470,15321,771453,27,27,3,9,
38471,15242,771453,27,27,3,8,
38472,1449,771453,3,4,4,9,
38473,21295,771453,17,17,3,9,
38474,20563,771453,3,4,4,8,
38475,20121,771453,31,31,3,9,
38476,18357,771453,21,21,3,9,
38477,13727,771453,25,25,3,8,
38478,9753,771453,19,19,3,8,
38479,3212,771453,3,4,4,8,
38480,11387,771453,3,4,4,7,
38481,2150,771453,3,4,4,8,
38482,16399,771453,17,17,3,8,
38483,9342,771453,15,15,3,9,
38484,15434,771453,3,4,4,9,
38485,9089,771453,15,15,3,8,
38486,14558,771453,19,20,3,8,
38487,7612,771453,15,15,3,8,
38488,26991,771453,33,33,3,8,
38489,9883,771453,19,19,3,9,
38490,13735,771453,15,15,3,8,
38491,18233,771453,19,19,3,8,
38492,29418,771453,33,33,3,9,
38493,6840,771453,3,4,4,9,
38494,27993,771453,15,15,3,8,
38495,2139,771453,3,4,4,9,
38496,1720,771453,3,4,4,8,
38497,9538,771453,17,17,3,9,
38498,11886,771453,17,17,3,7,
38499,13473,771453,23,23,3,8,
38500,2734,771453,3,4,4,8,
38501,2671,771453,3,4,4,9,
38502,17328,771453,3,4,4,8,
38503,1749,771453,3,4,4,9,
38504,2062,771453,3,4,4,9,
38505,2580,771453,3,4,4,9,
38506,3438,771453,3,4,4,9,
38507,4192,771453,3,4,4,8,
38508,8516,771453,13,13,3,8,
38509,16827,771453,29,29,3,7,
38510,11426,771453,21,21,3,8,
38511,2271,771453,3,4,4,8,
38512,1414,771453,3,4,4,8,
38513,10150,771453,17,17,3,8,
38514,1917,771453,3,4,4,8,
38515,9831,771453,3,4,4,8,
38516,2561,771453,3,4,4,8,
38517,8931,771453,17,17,3,8,
38518,7989,771453,3,4,4,8,
38519,8747,771453,3,4,4,8,
38520,1854,771453,3,4,4,9,
38521,16451,771453,29,29,3,9,
38522,16104,771453,3,4,4,8,
38523,11986,771453,19,19,3,8,
38524,2280,771453,3,4,4,7,
38525,2784,771453,3,4,4,8,
38526,2059,771453,3,4,4,8,
38527,7139,771453,15,15,3,7,
38528,44300,771453,33,33,3,8,
38529,1747,771453,3,4,4,8,
38530,25420,771453,27,27,3,8,
38531,7578,771453,3,4,4,8,
38532,2728,771453,3,4,4,9,
38533,38488,771453,23,23,3,8,
38534,2145,771453,3,4,4,9,
38535,1445,771453,3,4,4,9,
38536,33702,771453,15,15,3,8,
38537,32917,771453,15,15,3,8,
38538,2073,771453,3,4,4,9,
38539,32223,771453,15,15,3,8,
38540,27677,771453,3,4,4,9,
38541,32752,771453,29,29,3,9,
38542,36348,771453,23,23,3,9,
38543,35939,771453,3,4,4,9,
38544,11917,771453,3,4,4,8,
38545,789,771453,3,4,4,7,
38546,10964,771453,25,25,3,6,
38547,10211,771453,17,17,3,7,
38548,8191,771453,17,17,3,7,
38549,11609,771453,3,4,4,8,
38550,5189,771453,3,4,4,9,
38551,1851,771453,3,4,4,9,
38552,1925,771453,3,4,4,9,
38553,7741,771453,15,15,3,8,
38554,6868,771453,13,13,3,8,
38555,7874,771453,3,4,4,8,
38556,21134,771453,31,31,3,9,
38557,1741,771453,3,4,4,8,
38558,3333,771453,3,4,4,8,
38559,1888,771453,3,4,4,9,
38560,2116,771453,3,4,4,7,
38561,19760,771453,29,29,3,8,
38562,2348,771453,3,4,4,8,
38563,22205,771453,31,31,3,8,
38564,19903,771453,31,31,3,8,
38565,3070,771453,3,4,4,8,
38566,19635,771453,3,4,4,8,
38567,2470,771453,3,4,4,8,
38568,16026,771453,33,33,3,8,
38569,3696,771453,3,4,4,8,
38570,2177,771453,3,4,4,9,
38571,3331,771453,3,4,4,8,
38572,1308,771453,3,4,4,9,
38573,9585,771453,19,19,3,9,
38574,20094,771453,33,33,3,8,
38575,6982,771453,15,15,3,9,
38576,7364,771453,3,4,4,8,
38577,5439,771453,13,13,3,9,
38578,12368,771453,3,4,4,8,
38579,13412,771453,31,31,3,9,
38580,11704,771453,31,31,3,9,
38581,5947,771453,3,4,4,9,
38582,2121,771453,3,4,4,9,
38583,12559,771453,3,4,4,8,
38584,9102,771453,3,4,4,7,
38585,9299,771453,23,23,3,8,
38586,15035,771453,13,13,3,8,
38587,5245,771453,13,13,3,8,
38588,4642,771453,3,4,4,8,
38589,2204,771453,3,4,4,8,
38590,2131,771453,3,4,4,7,
38591,8151,771453,13,13,3,8,
38592,12417,771453,25,25,3,8,
38593,4883,771453,3,4,4,8,
38594,2191,771453,3,4,4,7,
38595,6450,771453,13,13,3,8,
38596,6767,771453,3,4,4,7,
38597,17949,771453,25,25,3,8,
38598,6988,771453,3,4,4,9,
38599,16519,771453,31,31,3,8,
38600,12895,771453,19,19,3,9,
38601,11753,771453,3,4,4,9,
38602,5367,771453,3,4,4,8,
38603,1979,771453,3,4,4,9,
38604,2265,771453,3,4,4,8,
38605,16790,771453,27,27,3,9,
38606,14870,771453,13,13,3,9,
38607,14760,771453,17,17,3,8,
38608,18834,771453,25,25,3,9,
38609,11188,771453,17,17,3,9,
38610,6548,771453,13,13,3,8,
38611,1630,771453,3,4,4,9,
38612,9189,771453,17,17,3,9,
38613,8942,771453,3,4,4,9,
38614,16632,771453,27,27,3,6,
38615,4255,771453,3,4,4,8,
38616,13544,771453,33,33,3,8,
38617,8493,771453,15,15,3,8,
38618,5894,771453,3,4,4,9,
38619,8534,771453,3,4,4,8,
38620,10004,771453,15,15,3,7,
38621,10394,771453,3,4,4,8,
38622,28964,771453,17,17,3,9,
38623,28622,771453,3,4,4,9,
38624,2073,771453,3,4,4,9,
38625,1826,771453,3,4,4,8,
38626,1216,771453,3,4,4,7,
38627,51493,771453,29,29,3,8,
38628,39657,771453,21,21,3,7,
38629,39385,771453,27,27,3,7,
38630,38758,771453,3,4,4,7,
38631,10779,771453,3,4,4,6,
38632,839,771453,3,4,4,7,
38633,6322,771453,3,4,4,8,
38634,28420,771453,19,19,3,8,
38635,45280,771453,31,31,3,7,
38636,68166,771453,25,25,3,6,
38637,29316,771453,27,27,3,9,
38638,1811,771453,3,4,4,9,
38639,3283,771453,3,4,4,9,
38640,20798,771453,17,17,3,8,
38641,19603,771453,19,19,3,8,
38642,13613,771453,3,4,4,8,
38643,1060,771453,3,4,4,8,
38644,11037,771453,3,4,4,8,
38645,2505,771453,3,4,4,9,
38646,1577,771453,3,4,4,9,
38647,1674,771453,3,4,4,8,
38648,1127,771453,3,4,4,7,
38649,17229,771453,29,29,3,8,
38650,25771,771453,27,27,3,7,
38651,12725,771453,13,13,3,8,
38652,16647,771453,3,4,4,7,
38653,2247,771453,3,4,4,7,
38654,1558,771453,3,4,4,8,
38655,12733,771453,17,17,3,8,
38656,22220,771453,27,27,3,6,
38657,12496,771453,3,4,4,6,
38658,24050,771453,3,4,4,6,
38659,22395,771453,3,4,4,6,
38660,13035,771453,19,19,3,4,
38661,34826,771453,29,29,3,7,
38662,31966,771453,31,31,3,6,
38663,719,771453,3,4,4,3,
38664,25230,771453,25,25,3,6,
38665,869,771453,3,4,4,3,
38666,18399,771453,19,19,3,6,
38667,27595,771453,31,31,3,6,
38668,21256,771453,27,27,3,7,
38669,16823,771453,3,4,4,7,
38670,20882,771453,3,4,4,8,
38671,14096,771453,3,4,4,8,
38672,24941,771453,3,4,4,8,
38673,20486,771453,29,29,3,9,
38674,10014,771453,21,21,3,9,
38675,10516,771453,3,4,4,9,
38676,2623,771453,3,4,4,9,
38677,24049,771453,27,27,3,7,
38678,11732,771453,25,25,3,9,
38679,29751,771453,27,27,3,9,
38680,2596,771453,3,4,4,9,
38681,16511,771453,13,13,3,9,
38682,7782,771453,13,13,3,9,
38683,33221,771453,19,19,3,8,
38684,37347,771453,25,25,3,9,
38685,28044,771453,29,29,3,8,
38686,14432,771453,23,23,3,8,
38687,32906,771453,27,27,3,8,
38688,8130,771453,3,4,4,8,
38689,31931,771453,25,25,3,8,
38690,4036,771453,3,4,4,8,
38691,4043,771453,3,4,4,8,
38692,23258,771453,3,4,4,7,
38693,9209,771453,3,4,4,9,
38694,1381,771453,3,4,4,8,
38695,20069,771453,19,19,3,8,
38696,16934,771453,23,23,3,9,
38697,3121,771453,3,4,4,8,
38698,1021,771453,3,4,4,8,
38699,50401,771453,29,29,3,8,
38700,20693,771453,21,21,3,8,
38701,41843,771453,27,27,3,9,
38702,34616,771453,25,25,3,9,
38703,46294,771453,31,32,3,8,
38704,18135,771453,27,27,3,8,
38705,39323,771453,25,25,3,7,
38706,19900,771453,3,4,4,8,
38707,25485,771453,13,13,3,9,
38708,11971,771453,17,17,3,9,
38709,45576,771453,33,33,3,9,
38710,20442,771453,27,27,3,8,
38711,2498,771453,3,4,4,9,
38712,39467,771453,31,31,3,9,
38713,39206,771453,3,4,4,8,
38714,14083,771453,21,21,3,8,
38715,9614,771453,13,13,3,8,
38716,34035,771453,19,19,3,8,
38717,28689,771453,23,23,3,7,
38718,26781,771453,31,31,3,8,
38719,17487,771453,3,4,4,7,
38720,4235,771453,3,4,4,8,
38721,26492,771453,3,4,4,9,
38722,7883,771453,15,15,3,9,
38723,14531,771453,29,29,3,9,
38724,22593,771453,31,31,3,9,
38725,1123,771453,3,4,4,8,
38726,1732,771453,3,4,4,8,
38727,2034,771453,3,4,4,8,
38728,3451,771453,3,4,4,8,
38729,3346,771453,3,4,4,8,
38730,17339,771453,27,27,3,8,
38731,3250,771453,3,4,4,8,
38732,20009,771453,23,23,3,9,
38733,19901,771453,21,21,3,8,
38734,21409,771453,3,4,4,8,
38735,1652,771453,3,4,4,8,
38736,19324,771453,3,4,4,7,
38737,8401,771453,17,17,3,8,
38738,10154,771453,23,23,3,8,
38739,8687,771453,3,4,4,8,
38740,20550,771453,27,27,3,8,
38741,7377,771453,15,15,3,8,
38742,7908,771453,3,4,4,8,
38743,13301,771453,3,4,4,9,
38744,15367,771453,25,25,3,9,
38745,15611,771453,27,27,3,9,
38746,3287,771453,3,4,4,8,
38747,19193,771453,27,27,3,8,
38748,20156,771453,3,4,4,7,
38749,3431,771453,3,4,4,8,
38750,13892,771453,13,13,3,8,
38751,951,771453,3,4,4,8,
38752,16872,771453,27,27,3,9,
38753,17130,771453,3,4,4,8,
38754,12100,771453,25,25,3,8,
38755,2280,771453,3,4,4,9,
38756,1833,771453,3,4,4,8,
38757,17656,771453,23,23,3,9,
38758,3150,771453,3,4,4,8,
38759,17460,771453,3,4,4,9,
38760,2824,771453,3,4,4,8,
38761,10999,771453,13,13,3,9,
38762,22534,771453,31,31,3,8,
38763,1902,771453,3,4,4,9,
38764,1649,771453,3,4,4,8,
38765,26007,771453,31,31,3,9,
38766,15048,771453,25,25,3,8,
38767,25201,771453,3,4,4,8,
38768,990,771453,3,4,4,7,
38769,3093,771453,3,4,4,8,
38770,13939,771453,3,4,4,8,
38771,3750,771453,3,4,4,9,
38772,22326,771453,27,27,3,8,
38773,2668,771453,3,4,4,8,
38774,12075,771453,19,19,3,7,
38775,18779,771453,33,33,3,8,
38776,11002,771453,3,4,4,8,
38777,19124,771453,21,21,3,9,
38778,3325,771453,3,4,4,8,
38779,3557,771453,3,4,4,9,
38780,21293,771453,27,27,3,7,
38781,10172,771453,13,13,3,8,
38782,35847,771453,33,33,3,7,
38783,21211,771453,23,23,3,8,
38784,9278,771453,3,4,4,8,
38785,11255,771453,15,15,3,8,
38786,14332,771453,15,15,3,8,
38787,2431,771453,3,4,4,8,
38788,15102,771453,3,4,4,8,
38789,2899,771453,3,4,4,9,
38790,9795,771453,15,15,3,8,
38791,15566,771453,27,27,3,7,
38792,19018,771453,15,15,3,9,
38793,9842,771453,13,13,3,8,
38794,4785,771453,3,4,4,8,
38795,3358,771453,3,4,4,8,
38796,23843,771453,33,33,3,8,
38797,2863,771453,3,4,4,8,
38798,14824,771453,3,4,4,7,
38799,2813,771453,3,4,4,7,
38800,20119,771453,19,19,3,8,
38801,1783,771453,3,4,4,8,
38802,1441,771453,3,4,4,7,
38803,1453,771453,3,4,4,7,
38804,7623,771453,15,15,3,7,
38805,5699,771453,13,13,3,8,
38806,20626,771453,31,31,3,8,
38807,8108,771453,3,4,4,8,
38808,5710,771453,13,13,3,9,
38809,18269,771453,3,4,4,9,
38810,2050,771453,3,4,4,9,
38811,1602,771453,3,4,4,8,
38812,21492,771453,29,29,3,9,
38813,1913,771453,3,4,4,8,
38814,28438,771453,31,31,3,8,
38815,14313,771453,21,21,3,7,
38816,2589,771453,3,4,4,8,
38817,14746,771453,3,4,4,9,
38818,24646,771453,19,19,3,9,
38819,16128,771453,23,23,3,8,
38820,21308,771453,25,25,3,8,
38821,11990,771453,19,19,3,8,
38822,2344,771453,3,4,4,9,
38823,14905,771453,23,23,3,8,
38824,14988,771453,3,4,4,8,
38825,11394,771453,19,19,3,8,
38826,14962,771453,25,25,3,9,
38827,19934,771453,27,27,3,8,
38828,8301,771453,3,4,4,8,
38829,20097,771453,25,25,3,9,
38830,15463,771453,3,4,4,8,
38831,5739,771453,3,4,4,9,
38832,17859,771453,27,27,3,8,
38833,1520,771453,3,4,4,7,
38834,29279,771453,33,33,3,8,
38835,13521,771453,19,19,3,8,
38836,30461,771453,3,4,4,8,
38837,14533,771453,15,15,3,9,
38838,1583,771453,3,4,4,9,
38839,1807,771453,3,4,4,9,
38840,1956,771453,3,4,4,9,
38841,32502,771453,33,33,3,9,
38842,26377,771453,21,21,3,8,
38843,7645,771453,3,4,4,8,
38844,28888,771453,33,33,3,8,
38845,28034,771453,3,4,4,7,
38846,4080,771453,3,4,4,9,
38847,4008,771453,3,4,4,9,
38848,13062,771453,21,21,3,8,
38849,14553,771453,19,19,3,8,
38850,16065,771453,19,19,3,9,
38851,13753,771453,19,19,3,9,
38852,1164,771453,3,4,4,8,
38853,5412,771453,3,4,4,8,
38854,8153,771453,17,17,3,9,
38855,9195,771453,3,4,4,7,
38856,1843,771453,3,4,4,8,
38857,6161,771453,3,4,4,8,
38858,16369,771453,25,25,3,8,
38859,13082,771453,25,25,3,8,
38860,16259,771453,3,4,4,9,
38861,15187,771453,3,4,4,8,
38862,47124,771453,27,27,3,8,
38863,1537,771453,3,4,4,6,
38864,53874,771453,3,4,4,6,
38865,8129,771453,15,15,3,7,
38866,2734,771453,3,4,4,8,
38867,4607,771453,3,4,4,8,
38868,44372,771453,21,21,3,7,
38869,2729,771453,3,4,4,8,
38870,2136,771453,3,4,4,8,
38871,5676,771453,3,4,4,8,
38872,34127,771453,21,21,3,9,
38873,36995,771453,31,31,3,6,
38874,7292,771453,23,23,3,7,
38875,3344,771453,3,4,4,9,
38876,3354,771453,3,4,4,8,
38877,2143,771453,3,4,4,8,
38878,1741,771453,3,4,4,7,
38879,29510,771453,17,17,3,8,
38880,32430,771453,19,19,3,8,
38881,34800,771453,3,4,4,7,
38882,34049,771453,31,31,3,8,
38883,33688,771453,3,4,4,8,
38884,9432,771453,3,4,4,6,
38885,38803,771453,29,29,3,7,
38886,11474,771453,21,21,3,8,
38887,13385,771453,3,4,4,8,
38888,32660,771453,33,33,3,8,
38889,2937,771453,3,4,4,7,
38890,1613,771453,3,4,4,7,
38891,16706,771453,13,13,3,8,
38892,4112,771453,3,4,4,8,
38893,11639,771453,13,13,3,8,
38894,14287,771453,19,19,3,8,
38895,4005,771453,3,4,4,8,
38896,15413,771453,3,4,4,9,
38897,1976,771453,3,4,4,9,
38898,2478,771453,3,4,4,8,
38899,2592,771453,3,4,4,8,
38900,18137,771453,25,25,3,8,
38901,2614,771453,3,4,4,9,
38902,8660,771453,17,17,3,8,
38903,24942,771453,25,25,3,9,
38904,17449,771453,19,19,3,8,
38905,18206,771453,21,21,3,9,
38906,16373,771453,29,29,3,9,
38907,16607,771453,13,13,3,9,
38908,15357,771453,19,19,3,8,
38909,8163,771453,3,4,4,8,
38910,12250,771453,13,13,3,8,
38911,5553,771453,3,4,4,8,
38912,14200,771453,3,4,4,7,
38913,7867,771453,3,4,4,9,
38914,16088,771453,21,21,3,8,
38915,17426,771453,3,4,4,9,
38916,7743,771453,15,15,3,8,
38917,16785,771453,25,25,3,7,
38918,7629,771453,13,13,3,7,
38919,18754,771453,3,4,4,9,
38920,2738,771453,3,4,4,9,
38921,8024,771453,15,15,3,8,
38922,8920,771453,19,19,3,7,
38923,23571,771453,15,15,3,7,
38924,25786,771453,29,29,3,7,
38925,26514,771453,3,4,4,8,
38926,23833,771453,3,4,4,8,
38927,3940,771453,3,4,4,7,
38928,2877,771453,3,4,4,7,
38929,2497,771453,3,4,4,6,
38930,19462,771453,31,31,3,7,
38931,1555,771453,3,4,4,7,
38932,2809,771453,3,4,4,8,
38933,14971,771453,15,15,3,9,
38934,30844,771453,33,33,3,8,
38935,20605,771453,23,23,3,8,
38936,25404,771453,25,25,3,8,
38937,30628,771453,33,33,3,8,
38938,2260,771453,3,4,4,9,
38939,7285,771453,3,4,4,8,
38940,2045,771453,3,4,4,8,
38941,3763,771453,3,4,4,9,
38942,30037,771453,31,32,3,7,
38943,5485,771453,3,4,4,8,
38944,14955,771453,3,4,4,8,
38945,16897,771453,17,17,3,9,
38946,6001,771453,3,4,4,8,
38947,4915,771453,3,4,4,8,
38948,16859,771453,17,17,3,8,
38949,28036,771453,33,33,3,8,
38950,8927,771453,3,4,4,8,
38951,14911,771453,3,4,4,8,
38952,16826,771453,19,19,3,9,
38953,14483,771453,13,13,3,8,
38954,12087,771453,15,15,3,7,
38955,3426,771453,3,4,4,9,
38956,49974,771453,25,25,3,8,
38957,2422,771453,3,4,4,9,
38958,12119,771453,13,13,3,9,
38959,18085,771453,13,13,3,8,
38960,30098,771453,19,19,3,8,
38961,29332,771453,3,4,4,9,
38962,27493,771453,19,19,3,8,
38963,14257,771453,15,15,3,8,
38964,15124,771453,3,4,4,8,
38965,17423,771453,27,27,3,8,
38966,24819,771453,3,4,4,8,
38967,10259,771453,19,19,3,8,
38968,6863,771453,3,4,4,8,
38969,1639,771453,3,4,4,7,
38970,12668,771453,19,19,3,8,
38971,4761,771453,3,4,4,7,
38972,19520,771453,3,4,4,7,
38973,9751,771453,3,4,4,7,
38974,29152,771453,25,25,3,8,
38975,14173,771453,23,23,3,8,
38976,13842,771453,15,15,3,8,
38977,24155,771453,27,27,3,9,
38978,8638,771453,13,13,3,9,
38979,1174,771453,3,4,4,8,
38980,6885,771453,3,4,4,8,
38981,30963,771453,31,31,3,8,
38982,31025,771453,3,4,4,9,
38983,1187,771453,3,4,4,7,
38984,35096,771453,31,31,3,8,
38985,13042,771453,3,4,4,7,
38986,22204,771453,17,17,3,8,
38987,970,771453,3,4,4,8,
38988,26093,771453,29,29,3,8,
38989,24017,771453,31,31,3,9,
38990,18324,771453,25,25,3,9,
38991,31188,771453,17,17,3,8,
38992,1179,771453,3,4,4,8,
38993,3378,771453,3,4,4,9,
38994,2408,771453,3,4,4,9,
38995,2314,771453,3,4,4,9,
38996,2372,771453,3,4,4,8,
38997,26096,771453,23,23,3,8,
38998,4596,771453,3,4,4,8,
38999,33050,771453,29,29,3,8,
39000,40417,771453,33,33,3,8,
39001,18245,771453,27,27,3,9,
39002,18536,771453,3,4,4,8,
39003,26689,771453,17,17,3,9,
39004,13255,771453,23,23,3,8,
39005,7740,771453,3,4,4,9,
39006,14413,771453,17,17,3,8,
39007,29064,771453,33,33,3,9,
39008,13734,771453,3,4,4,8,
39009,35421,771453,33,33,3,8,
39010,35818,771453,3,4,4,8,
39011,28025,771453,31,32,3,8,
39012,10238,771453,3,4,4,9,
39013,19631,771453,3,4,4,9,
39014,1167,771453,3,4,4,7,
39015,12094,771453,19,19,3,7,
39016,2435,771453,3,4,4,8,
39017,15745,771453,3,4,4,8,
39018,2289,771453,3,4,4,8,
39019,3087,771453,3,4,4,8,
39020,23206,771453,31,31,3,7,
39021,23772,771453,3,4,4,8,
39022,35867,771453,27,27,3,9,
39023,4242,771453,3,4,4,7,
39024,27960,771453,33,33,3,9,
39025,40685,771453,33,33,3,8,
39026,11276,771453,33,33,3,7,
39027,34318,771453,31,31,3,8,
39028,23647,771453,19,19,3,9,
39029,1111,771453,3,4,4,8,
39030,2490,771453,3,4,4,9,
39031,32441,771453,31,31,3,9,
39032,23324,771453,21,21,3,7,
39033,25028,771453,3,4,4,7,
39034,19925,771453,19,19,3,8,
39035,22846,771453,3,4,4,9,
39036,12023,771453,3,4,4,8,
39037,14558,771453,25,25,3,9,
39038,12128,771453,3,4,4,8,
39039,17175,771453,23,23,3,8,
39040,3040,771453,3,4,4,8,
39041,5451,771453,3,4,4,8,
39042,12252,771453,23,23,3,9,
39043,11949,771453,19,19,3,8,
39044,10533,771453,15,15,3,8,
39045,11525,771453,3,4,4,8,
39046,13745,771453,3,4,4,9,
39047,15315,771453,25,25,3,8,
39048,15474,771453,27,27,3,8,
39049,14779,771453,3,4,4,8,
39050,13896,771453,3,4,4,9,
39051,1979,771453,3,4,4,8,
39052,3769,771453,3,4,4,8,
39053,10488,771453,17,17,3,8,
39054,18965,771453,25,25,3,8,
39055,19996,771453,3,4,4,9,
39056,11064,771453,3,4,4,9,
39057,1791,771453,3,4,4,9,
39058,19911,771453,31,31,3,8,
39059,13986,771453,25,25,3,8,
39060,2867,771453,3,4,4,8,
39061,20445,771453,23,23,3,8,
39062,3263,771453,3,4,4,9,
39063,19434,771453,3,4,4,8,
39064,11075,771453,13,13,3,9,
39065,12440,771453,25,25,3,8,
39066,2526,771453,3,4,4,9,
39067,13051,771453,15,15,3,9,
39068,8177,771453,15,15,3,9,
39069,4635,771453,3,4,4,8,
39070,11251,771453,19,19,3,8,
39071,10717,771453,21,21,3,9,
39072,10619,771453,3,4,4,8,
39073,9826,771454,19,19,3,8,
39074,10833,771454,19,19,3,7,
39075,2362,771454,3,4,4,8,
39076,23873,771454,23,23,3,8,
39077,7220,771454,3,4,4,8,
39078,19421,771454,29,29,3,8,
39079,24002,771454,3,4,4,8,
39080,17906,771454,27,27,3,9,
39081,7991,771454,19,19,3,8,
39082,958,771454,3,4,4,8,
39083,1728,771454,3,4,4,7,
39084,2787,771454,3,4,4,8,
39085,1860,771454,3,4,4,9,
39086,5998,771454,3,4,4,8,
39087,13083,771454,27,27,3,8,
39088,1149,771454,3,4,4,8,
39089,12049,771454,15,15,3,8,
39090,12964,771454,3,4,4,8,
39091,8563,771454,19,19,3,9,
39092,2017,771454,3,4,4,9,
39093,12663,771454,23,23,3,9,
39094,13579,771454,3,4,4,9,
39095,3464,771454,3,4,4,8,
39096,1523,771454,3,4,4,8,
39097,2887,771454,3,4,4,8,
39098,3775,771454,3,4,4,8,
39099,44703,771454,33,33,3,8,
39100,13845,771454,21,21,3,8,
39101,11483,771454,17,17,3,8,
39102,7467,771454,15,15,3,8,
39103,16890,771454,21,21,3,8,
39104,23422,771454,23,23,3,9,
39105,6769,771454,15,15,3,8,
39106,9765,771454,3,4,4,9,
39107,2467,771454,3,4,4,8,
39108,15397,771454,23,23,3,8,
39109,23300,771454,29,29,3,8,
39110,16134,771454,3,4,4,8,
39111,12103,771454,17,17,3,9,
39112,2225,771454,3,4,4,8,
39113,28990,771454,27,27,3,8,
39114,22250,771454,29,29,3,8,
39115,32423,771454,3,4,4,7,
39116,11833,771454,23,23,3,9,
39117,13378,771454,27,27,3,8,
39118,3501,771454,3,4,4,8,
39119,11742,771454,3,4,4,7,
39120,9897,771454,21,21,3,7,
39121,18264,771454,19,19,3,8,
39122,12486,771454,19,19,3,8,
39123,15618,771454,3,4,4,7,
39124,33011,771454,21,21,3,7,
39125,27258,771454,17,17,3,8,
39126,27186,771454,23,23,3,8,
39127,38200,771454,31,31,3,8,
39128,29750,771454,25,25,3,9,
39129,5791,771454,3,4,4,7,
39130,19313,771454,15,15,3,7,
39131,18690,771454,29,29,3,7,
39132,34893,771454,31,31,3,8,
39133,2533,771454,3,4,4,8,
39134,2032,771454,3,4,4,9,
39135,1738,771454,3,4,4,8,
39136,4026,771454,3,4,4,9,
39137,9705,771454,15,15,3,9,
39138,10379,771454,3,4,4,9,
39139,5607,771454,3,4,4,7,
39140,7914,771454,3,4,4,8,
39141,4385,771454,3,4,4,8,
39142,7199,771454,3,4,4,8,
39143,15200,771454,19,19,3,8,
39144,37615,771454,31,31,3,9,
39145,3614,771454,3,4,4,9,
39146,13838,771454,3,4,4,8,
39147,2989,771454,3,4,4,7,
39148,20514,771454,29,29,3,8,
39149,17146,771454,15,15,3,8,
39150,11023,771454,3,4,4,8,
39151,2283,771454,3,4,4,8,
39152,36193,771454,21,21,3,8,
39153,22945,771454,29,29,3,8,
39154,24718,771454,3,4,4,8,
39155,10589,771454,21,21,3,8,
39156,1246,771454,3,4,4,8,
39157,1210,771454,3,4,4,7,
39158,9412,771454,3,4,4,7,
39159,14737,771454,23,23,3,8,
39160,16765,771454,3,4,4,9,
39161,12759,771454,17,17,3,8,
39162,11655,771454,3,4,4,8,
39163,11625,771454,25,25,3,7,
39164,9281,771454,15,15,3,8,
39165,14460,771454,23,23,3,9,
39166,2592,771454,3,4,4,7,
39167,13881,771454,3,4,4,8,
39168,3091,771454,3,4,4,7,
39169,10211,771454,3,4,4,8,
39170,72133,771454,25,25,3,8,
39171,61962,771454,27,27,3,8,
39172,63961,771454,21,21,3,9,
39173,62611,771454,3,4,4,7,
39174,44209,771454,21,21,3,8,
39175,74943,771454,29,29,3,8,
39176,3026,771454,3,4,4,9,
39177,11110,771454,3,4,4,8,
39178,68968,771454,19,19,3,8,
39179,66487,771454,25,25,3,9,
39180,71255,771454,3,4,4,7,
39181,39675,771454,33,33,3,7,
39182,17730,771454,3,4,4,8,
39183,16899,771454,13,13,3,7,
39184,30669,771454,23,23,3,8,
39185,15092,771454,3,4,4,7,
39186,24718,771454,23,23,3,9,
39187,5394,771454,3,4,4,8,
39188,8502,771454,3,4,4,6,
39189,12042,771454,17,17,3,6,
39190,42377,771454,31,31,3,7,
39191,10889,771454,3,4,4,7,
39192,15778,771454,15,15,3,6,
39193,3916,771454,3,4,4,7,
39194,10505,771454,19,19,3,8,
39195,37991,771454,3,4,4,8,
39196,16405,771454,3,4,4,8,
39197,4549,771454,3,4,4,8,
39198,10368,771454,3,4,4,7,
39199,8662,771454,19,19,3,8,
39200,12489,771454,3,4,4,9,
39201,46537,771454,27,27,3,8,
39202,52364,771454,3,4,4,9,
39203,1756,771454,3,4,4,7,
39204,38447,771454,29,29,3,8,
39205,6698,771454,3,4,4,8,
39206,4736,771454,3,4,4,8,
39207,5101,771454,3,4,4,8,
39208,31364,771454,21,21,3,8,
39209,43670,771454,29,29,3,8,
39210,5655,771454,3,4,4,8,
39211,34458,771454,3,4,4,8,
39212,23618,771454,27,27,3,9,
39213,58260,771454,31,31,3,8,
39214,82620,771454,33,33,3,7,
39215,83362,771454,3,4,4,7,
39216,40622,771454,29,29,3,8,
39217,41217,771454,31,31,3,8,
39218,14390,771454,3,4,4,7,
39219,46936,771454,13,13,3,8,
39220,31763,771454,29,29,3,8,
39221,36300,771454,3,4,4,7,
39222,3203,771454,3,4,4,8,
39223,41615,771454,15,15,3,9,
39224,54492,771454,25,25,3,9,
39225,27930,771454,19,19,3,7,
39226,32593,771454,3,4,4,6,
39227,1657,771454,3,4,4,8,
39228,6062,771454,3,4,4,8,
39229,21154,771454,17,17,3,7,
39230,42500,771454,23,23,3,8,
39231,53053,771454,25,25,3,8,
39232,53277,771454,3,4,4,8,
39233,73322,771454,29,29,3,8,
39234,39116,771454,29,29,3,7,
39235,18124,771454,23,23,3,6,
39236,17462,771454,3,4,4,7,
39237,31659,771454,13,13,3,7,
39238,41505,771454,3,4,4,8,
39239,30432,771454,29,29,3,9,
39240,31136,771454,29,29,3,8,
39241,30801,771454,3,4,4,8,
39242,50558,771454,31,31,3,7,
39243,1833,771454,3,4,4,8,
39244,35137,771454,27,27,3,8,
39245,50539,771454,13,13,3,9,
39246,33678,771454,3,4,4,8,
39247,34220,771454,19,19,3,8,
39248,55066,771454,23,23,3,8,
39249,29332,771454,3,4,4,7,
39250,65405,771454,29,29,3,7,
39251,36338,771454,15,15,3,9,
39252,39531,771454,29,29,3,8,
39253,1251,771454,3,4,4,7,
39254,26159,771454,29,29,3,7,
39255,41622,771454,17,17,3,6,
39256,53316,771454,25,25,3,8,
39257,22251,771454,21,21,3,8,
39258,43409,771454,3,4,4,8,
39259,35100,771454,3,4,4,8,
39260,58715,771454,29,29,3,7,
39261,28130,771454,3,4,4,9,
39262,31021,771454,21,21,3,8,
39263,6758,771454,3,4,4,8,
39264,8021,771454,3,4,4,8,
39265,15664,771454,13,13,3,7,
39266,33872,771454,33,33,3,8,
39267,34192,771454,3,4,4,8,
39268,38198,771454,33,33,3,8,
39269,2649,771454,3,4,4,8,
39270,16957,771454,3,4,4,8,
39271,16038,771454,21,21,3,8,
39272,28085,771454,3,4,4,8,
39273,5417,771454,3,4,4,9,
39274,1371,771454,3,4,4,9,
39275,3936,771454,3,4,4,9,
39276,68378,771454,31,31,3,8,
39277,5142,771454,3,4,4,7,
39278,32032,771454,23,23,3,7,
39279,61134,771454,33,33,3,7,
39280,70804,771454,33,33,3,8,
39281,32815,771454,27,27,3,8,
39282,62298,771454,3,4,4,9,
39283,24329,771454,21,21,3,8,
39284,65890,771454,3,4,4,8,
39285,26466,771454,3,4,4,8,
39286,49215,771454,21,21,3,9,
39287,18163,771454,13,13,3,9,
39288,55539,771454,31,31,3,8,
39289,2599,771454,3,4,4,8,
39290,60111,771454,33,33,3,7,
39291,66202,771454,13,13,3,8,
39292,3149,771454,3,4,4,8,
39293,28560,771454,29,29,3,8,
39294,94255,771454,33,33,3,8,
39295,32631,771454,3,4,4,7,
39296,28067,771454,17,17,3,8,
39297,23450,771454,17,17,3,7,
39298,81534,771454,31,31,3,8,
39299,82538,771454,3,4,4,8,
39300,63060,771454,3,4,4,7,
39301,2411,771454,3,4,4,6,
39302,2122,771454,3,4,4,5,
39303,43920,771454,15,15,3,7,
39304,2950,771454,3,4,4,7,
39305,126186,771454,33,33,3,8,
39306,17862,771454,3,4,4,8,
39307,104484,771454,15,15,3,8,
39308,39568,771454,3,4,4,7,
39309,38989,771454,3,4,4,8,
39310,1893,771454,3,4,4,7,
39311,796,771454,3,4,4,7,
39312,83369,771454,33,33,3,8,
39313,1646,771454,3,4,4,8,
39314,63934,771454,27,27,3,8,
39315,83953,771454,3,4,4,9,
39316,65516,771454,3,4,4,7,
39317,71396,771454,17,17,3,8,
39318,81827,771454,33,33,3,8,
39319,19004,771454,3,4,4,8,
39320,63611,771454,25,25,3,8,
39321,20400,771454,3,4,4,8,
39322,10266,771454,3,4,4,7,
39323,1722,771454,3,4,4,8,
39324,21798,771454,27,27,3,9,
39325,22799,771454,3,4,4,9,
39326,24789,771454,19,19,3,8,
39327,1059,771454,3,4,4,8,
39328,1321,771454,3,4,4,8,
39329,17717,771454,23,23,3,8,
39330,1594,771454,3,4,4,7,
39331,19314,771454,21,21,3,8,
39332,24663,771454,19,19,3,8,
39333,2364,771454,3,4,4,8,
39334,27277,771454,27,27,3,9,
39335,3248,771454,3,4,4,8,
39336,22553,771454,27,27,3,9,
39337,12513,771454,21,21,3,8,
39338,20521,771454,3,4,4,9,
39339,1858,771454,3,4,4,9,
39340,14594,771454,17,17,3,8,
39341,24555,771454,33,33,3,8,
39342,18018,771454,25,25,3,8,
39343,2246,771454,3,4,4,8,
39344,26979,771454,31,31,3,8,
39345,11802,771454,15,15,3,9,
39346,11845,771454,3,4,4,8,
39347,25374,771454,17,17,3,9,
39348,10942,771454,19,19,3,8,
39349,11617,771454,3,4,4,8,
39350,11703,771454,3,4,4,7,
39351,18303,771454,3,4,4,9,
39352,24528,771454,29,29,3,8,
39353,26055,771454,3,4,4,9,
39354,15928,771454,3,4,4,9,
39355,473,771454,3,4,4,7,
39356,1862,771454,3,4,4,8,
39357,2677,771454,3,4,4,7,
39358,25047,771454,25,25,3,8,
39359,1595,771454,3,4,4,8,
39360,19291,771454,23,23,3,8,
39361,22234,771454,15,15,3,7,
39362,22173,771454,3,4,4,8,
39363,1033,771454,3,4,4,9,
39364,17280,771454,29,29,3,8,
39365,9422,771454,15,15,3,8,
39366,2224,771454,3,4,4,9,
39367,3182,771454,3,4,4,9,
39368,13750,771454,17,17,3,9,
39369,13124,771454,3,4,4,8,
39370,30053,771454,27,27,3,7,
39371,7441,771454,3,4,4,7,
39372,40820,771454,19,19,3,8,
39373,17717,771454,17,17,3,9,
39374,1585,771454,3,4,4,8,
39375,17203,771454,13,13,3,7,
39376,17655,771454,3,4,4,7,
39377,15035,771454,15,15,3,7,
39378,14041,771454,13,13,3,8,
39379,19613,771454,15,15,3,8,
39380,30052,771454,29,29,3,9,
39381,23311,771454,31,31,3,9,
39382,3973,771454,3,4,4,8,
39383,5620,771454,3,4,4,7,
39384,14594,771454,21,21,3,9,
39385,3864,771454,3,4,4,7,
39386,18328,771454,29,29,3,8,
39387,3750,771454,3,4,4,8,
39388,9993,771454,3,4,4,7,
39389,13997,771454,3,4,4,7,
39390,12389,771454,15,15,3,7,
39391,12887,771454,23,23,3,9,
39392,8449,771454,15,15,3,9,
39393,4826,771454,3,4,4,8,
39394,2938,771454,3,4,4,9,
39395,44188,771454,25,25,3,9,
39396,5973,771454,3,4,4,9,
39397,2890,771454,3,4,4,8,
39398,44020,771454,3,4,4,6,
39399,6001,771454,3,4,4,8,
39400,46550,771454,17,17,3,6,
39401,2887,771454,3,4,4,8,
39402,43873,771454,27,27,3,8,
39403,7434,771454,13,13,3,8,
39404,43748,771454,23,23,3,6,
39405,1157,771454,3,4,4,7,
39406,2743,771454,3,4,4,8,
39407,2495,771454,3,4,4,8,
39408,2416,771454,3,4,4,8,
39409,37040,771454,13,13,3,8,
39410,38804,771454,21,21,3,7,
39411,37109,771454,3,4,4,8,
39412,35322,771454,13,13,3,8,
39413,30697,771454,31,31,3,8,
39414,2242,771454,3,4,4,7,
39415,16778,771454,31,31,3,7,
39416,9838,771454,13,13,3,8,
39417,2972,771454,3,4,4,6,
39418,7097,771454,17,17,3,7,
39419,21347,771454,3,4,4,6,
39420,592,771454,3,4,4,5,
39421,13829,771454,3,4,4,7,
39422,8710,771454,17,17,3,7,
39423,10401,771454,3,4,4,8,
39424,7569,771454,17,17,3,8,
39425,17582,771454,21,21,3,8,
39426,8279,771454,25,25,3,8,
39427,9864,771454,3,4,4,9,
39428,2546,771454,3,4,4,8,
39429,17245,771454,33,33,3,8,
39430,1749,771454,3,4,4,8,
39431,2554,771454,3,4,4,8,
39432,7593,771454,13,13,3,8,
39433,13429,771454,21,21,3,8,
39434,12714,771454,13,13,3,9,
39435,3362,771454,3,4,4,9,
39436,13675,771454,19,19,3,8,
39437,12013,771454,23,23,3,9,
39438,11819,771454,3,4,4,8,
39439,12708,771454,23,23,3,8,
39440,8729,771454,3,4,4,9,
39441,22665,771454,27,27,3,8,
39442,13206,771454,29,29,3,9,
39443,8135,771454,3,4,4,8,
39444,4154,771454,3,4,4,8,
39445,2449,771454,3,4,4,9,
39446,20762,771454,33,33,3,8,
39447,16490,771454,29,29,3,8,
39448,21395,771454,31,31,3,8,
39449,13921,771454,25,25,3,8,
39450,15981,771454,3,4,4,9,
39451,20928,771454,3,4,4,8,
39452,13868,771454,25,25,3,8,
39453,1562,771454,3,4,4,9,
39454,2299,771454,3,4,4,9,
39455,2611,771454,3,4,4,9,
39456,11456,771454,21,21,3,9,
39457,12356,771454,3,4,4,9,
39458,3794,771454,3,4,4,8,
39459,15551,771454,25,25,3,9,
39460,2502,771454,3,4,4,8,
39461,11817,771454,19,19,3,9,
39462,2610,771454,3,4,4,8,
39463,10205,771454,3,4,4,8,
39464,27686,771454,31,31,3,8,
39465,7159,771454,13,13,3,9,
39466,22574,771454,31,31,3,8,
39467,28319,771454,3,4,4,8,
39468,3094,771454,3,4,4,9,
39469,9760,771454,19,19,3,8,
39470,7706,771454,19,19,3,8,
39471,18937,771454,29,29,3,9,
39472,17281,771454,27,27,3,8,
39473,1727,771454,3,4,4,8,
39474,2080,771454,3,4,4,9,
39475,14784,771454,3,4,4,9,
39476,10726,771454,17,17,3,8,
39477,10950,771454,25,25,3,8,
39478,9789,771454,21,21,3,7,
39479,18526,771454,33,33,3,9,
39480,20058,771454,25,26,3,7,
39481,18394,771454,31,31,3,8,
39482,20956,771454,3,4,4,8,
39483,9151,771454,3,4,4,9,
39484,12380,771454,27,27,3,8,
39485,1753,771454,3,4,4,9,
39486,21491,771454,33,33,3,9,
39487,19120,771454,31,31,3,8,
39488,2510,771454,3,4,4,9,
39489,6659,771454,13,13,3,9,
39490,6515,771454,3,4,4,8,
39491,1610,771454,3,4,4,9,
39492,16078,771454,23,23,3,9,
39493,16674,771454,3,4,4,9,
39494,1609,771454,3,4,4,8,
39495,17984,771454,25,25,3,8,
39496,11428,771454,19,19,3,8,
39497,12484,771454,3,4,4,8,
39498,10174,771454,21,21,3,9,
39499,2612,771454,3,4,4,9,
39500,1921,771454,3,4,4,9,
39501,7864,771454,13,13,3,7,
39502,1888,771454,3,4,4,9,
39503,18775,771454,27,27,3,8,
39504,8618,771454,13,13,3,9,
39505,20381,771454,27,27,3,9,
39506,2641,771454,3,4,4,7,
39507,16418,771454,29,29,3,9,
39508,1397,771455,3,4,4,8,
39509,4267,771455,3,4,4,7,
39510,12701,771455,21,21,3,8,
39511,19608,771455,27,27,3,8,
39512,21479,771455,3,4,4,7,
39513,12158,771455,3,4,4,8,
39514,15211,771455,23,23,3,8,
39515,17257,771455,29,29,3,8,
39516,18943,771455,31,31,3,8,
39517,2380,771455,3,4,4,8,
39518,9004,771455,17,17,3,8,
39519,2400,771455,3,4,4,8,
39520,15637,771455,29,29,3,9,
39521,2271,771455,3,4,4,9,
39522,12618,771455,25,25,3,8,
39523,2428,771455,3,4,4,9,
39524,1973,771455,3,4,4,8,
39525,26011,771455,31,31,3,8,
39526,2229,771455,3,4,4,7,
39527,3046,771455,3,4,4,8,
39528,15342,771455,27,27,3,8,
39529,23872,771455,3,4,4,6,
39530,3065,771455,3,4,4,8,
39531,7865,771455,3,4,4,8,
39532,14548,771455,3,4,4,8,
39533,11650,771455,25,25,3,9,
39534,9832,771455,15,15,3,8,
39535,7451,771455,17,17,3,9,
39536,14620,771455,17,17,3,8,
39537,2104,771455,3,4,4,9,
39538,14872,771455,29,29,3,8,
39539,11113,771455,17,17,3,9,
39540,13719,771455,25,25,3,7,
39541,11245,771455,17,17,3,8,
39542,9038,771455,3,4,4,9,
39543,1209,771455,3,4,4,9,
39544,708,771455,3,4,4,8,
39545,12212,771455,25,25,3,9,
39546,12422,771455,3,4,4,9,
39547,1658,771455,3,4,4,8,
39548,2710,771455,3,4,4,8,
39549,2650,771455,3,4,4,8,
39550,20545,771455,33,33,3,8,
39551,3002,771455,3,4,4,7,
39552,17310,771455,33,33,3,8,
39553,6589,771455,13,13,3,8,
39554,21610,771455,31,31,3,8,
39555,11864,771455,13,13,3,8,
39556,19624,771455,31,32,3,8,
39557,17207,771455,3,4,4,9,
39558,5459,771455,13,13,3,9,
39559,15911,771455,30,31,3,8,
39560,9477,771455,19,19,3,9,
39561,12938,771455,19,19,3,9,
39562,15106,771455,3,4,4,9,
39563,17033,771455,17,17,3,9,
39564,6919,771455,3,4,4,8,
39565,2357,771455,3,4,4,8,
39566,2150,771455,3,4,4,7,
39567,11196,771455,27,27,3,8,
39568,11836,771455,3,4,4,8,
39569,12638,771455,25,25,3,7,
39570,9407,771455,19,19,3,6,
39571,13439,771455,3,4,4,8,
39572,12542,771455,19,19,3,8,
39573,9362,771455,3,4,4,7,
39574,5149,771455,13,13,3,9,
39575,11533,771455,3,4,4,7,
39576,7103,771455,17,17,3,7,
39577,8567,771455,17,17,3,8,
39578,1700,771455,3,4,4,8,
39579,17568,771455,33,33,3,8,
39580,3146,771455,3,4,4,7,
39581,26533,771455,27,27,3,8,
39582,9039,771455,19,19,3,8,
39583,20592,771455,33,33,3,9,
39584,10704,771455,17,17,3,9,
39585,17299,771455,33,33,3,7,
39586,14737,771455,3,4,4,8,
39587,18930,771455,3,4,4,8,
39588,22980,771455,29,29,3,8,
39589,17461,771455,33,33,3,8,
39590,13230,771455,29,29,3,9,
39591,12997,771455,15,15,3,8,
39592,7412,771455,15,15,3,8,
39593,6479,771455,3,4,4,8,
39594,4810,771455,3,4,4,9,
39595,13383,771455,21,21,3,9,
39596,16726,771455,25,25,3,9,
39597,3516,771455,3,4,4,7,
39598,2778,771455,3,4,4,8,
39599,19167,771455,27,27,3,8,
39600,14567,771455,29,29,3,7,
39601,1877,771455,3,4,4,7,
39602,1395,771455,3,4,4,7,
39603,18954,771455,3,4,4,8,
39604,2779,771455,3,4,4,9,
39605,9914,771455,21,21,3,8,
39606,12230,771455,21,21,3,8,
39607,1624,771455,3,4,4,8,
39608,9331,771455,3,4,4,9,
39609,2156,771455,3,4,4,9,
39610,1484,771455,3,4,4,9,
39611,14890,771455,27,27,3,8,
39612,15496,771455,25,25,3,9,
39613,15100,771455,29,29,3,8,
39614,2110,771455,3,4,4,8,
39615,1922,771455,3,4,4,8,
39616,11154,771455,3,4,4,8,
39617,1762,771455,3,4,4,8,
39618,1403,771455,3,4,4,9,
39619,1775,771455,3,4,4,8,
39620,1616,771455,3,4,4,8,
39621,1885,771455,3,4,4,8,
39622,2208,771455,3,4,4,9,
39623,3038,771455,3,4,4,7,
39624,13322,771455,31,31,3,8,
39625,1880,771455,3,4,4,8,
39626,3036,771455,3,4,4,9,
39627,13403,771455,3,4,4,9,
39628,7420,771455,21,21,3,7,
39629,17465,771455,25,25,3,7,
39630,2260,771455,3,4,4,8,
39631,2196,771455,3,4,4,8,
39632,5057,771455,15,15,3,9,
39633,5303,771455,3,4,4,8,
39634,1892,771455,3,4,4,8,
39635,11363,771455,21,21,3,8,
39636,14081,771455,32,33,3,9,
39637,14152,771455,3,4,4,8,
39638,11800,771455,3,4,4,8,
39639,2152,771455,3,4,4,8,
39640,11373,771455,3,4,4,9,
39641,11476,771455,25,25,3,9,
39642,10736,771455,3,4,4,9,
39643,1845,771455,3,4,4,9,
39644,1871,771455,3,4,4,9,
39645,2323,771455,3,4,4,8,
39646,2239,771455,3,4,4,8,
39647,8192,771455,21,21,3,8,
39648,6472,771455,15,15,3,9,
39649,6339,771455,3,4,4,7,
39650,7988,771455,3,4,4,8,
39651,9712,771455,23,23,3,8,
39652,4467,771455,13,13,3,8,
39653,9915,771455,3,4,4,8,
39654,4742,771455,3,4,4,8,
39655,5607,771455,15,15,3,8,
39656,6823,771455,3,4,4,8,
39657,15098,771455,27,27,3,8,
39658,1285,771455,3,4,4,8,
39659,15926,771455,3,4,4,7,
39660,2074,771455,3,4,4,8,
39661,14124,771455,23,24,3,8,
39662,8404,771455,13,13,3,9,
39663,17388,771455,27,27,3,8,
39664,17776,771455,17,17,3,9,
39665,11171,771455,19,19,3,8,
39666,13659,771455,15,15,3,8,
39667,107035,771455,31,31,3,9,
39668,13017,771455,23,23,3,9,
39669,5979,771455,3,4,4,9,
39670,138124,771455,33,33,3,7,
39671,2464,771455,3,4,4,8,
39672,4852,771455,3,4,4,9,
39673,137857,771455,3,4,4,8,
39674,140130,771455,31,31,3,9,
39675,133593,771455,33,33,3,8,
39676,131858,771455,25,25,3,9,
39677,134344,771455,3,4,4,8,
39678,132478,771455,27,27,3,8,
39679,139489,771455,33,33,3,9,
39680,129511,771455,25,25,3,8,
39681,16154,771455,3,4,4,9,
39682,14275,771455,25,25,3,8,
39683,1649,771455,3,4,4,9,
39684,2648,771455,3,4,4,8,
39685,8634,771455,19,19,3,8,
39686,8985,771455,3,4,4,8,
39687,12863,771455,25,25,3,8,
39688,2143,771455,3,4,4,9,
39689,10248,771455,17,17,3,8,
39690,12025,771455,3,4,4,9,
39691,17446,771455,29,29,3,9,
39692,6066,771455,13,14,3,9,
39693,11999,771455,29,29,3,9,
39694,12209,771455,3,4,4,8,
39695,15329,771455,29,29,3,9,
39696,15047,771455,3,4,4,9,
39697,2110,771455,3,4,4,8,
39698,17016,771455,27,27,3,8,
39699,11255,771455,19,19,3,8,
39700,1870,771455,3,4,4,8,
39701,17019,771455,3,4,4,9,
39702,1808,771455,3,4,4,9,
39703,9223,771455,17,17,3,9,
39704,8861,771455,3,4,4,9,
39705,16825,771455,33,33,3,8,
39706,8014,771455,15,15,3,8,
39707,11384,771455,31,31,3,9,
39708,1282,771455,3,4,4,8,
39709,9682,771455,3,4,4,8,
39710,2062,771455,3,4,4,8,
39711,11788,771455,23,23,3,9,
39712,2407,771455,3,4,4,9,
39713,12277,771455,3,4,4,9,
39714,2207,771455,3,4,4,8,
39715,8240,771455,3,4,4,8,
39716,1639,771455,3,4,4,8,
39717,1691,771455,3,4,4,8,
39718,1922,771455,3,4,4,8,
39719,2167,771455,3,4,4,7,
39720,1725,771455,3,4,4,8,
39721,2100,771455,3,4,4,8,
39722,2497,771455,3,4,4,9,
39723,1925,771455,3,4,4,7,
39724,2623,771455,3,4,4,8,
39725,15086,771455,29,29,3,9,
39726,9307,771455,27,27,3,8,
39727,15291,771455,3,4,4,9,
39728,2544,771455,3,4,4,7,
39729,9580,771455,3,4,4,9,
39730,2751,771455,3,4,4,8,
39731,1786,771455,3,4,4,9,
39732,11188,771455,19,19,3,7,
39733,14862,771455,25,25,3,8,
39734,16743,771455,27,27,3,9,
39735,7386,771455,15,15,3,9,
39736,11204,771455,21,21,3,8,
39737,16082,771455,3,4,4,9,
39738,13241,771455,25,25,3,8,
39739,12959,771455,3,4,4,8,
39740,4486,771455,13,13,3,8,
39741,2163,771455,3,4,4,8,
39742,12222,771455,29,29,3,9,
39743,7927,771455,19,19,3,8,
39744,12013,771455,3,4,4,8,
39745,2852,771455,3,4,4,9,
39746,8216,771455,3,4,4,8,
39747,16949,771455,25,25,3,9,
39748,17450,771455,3,4,4,9,
39749,2218,771455,3,4,4,9,
39750,1830,771455,3,4,4,9,
39751,2315,771455,3,4,4,8,
39752,1541,771455,3,4,4,9,
39753,2690,771455,3,4,4,7,
39754,17310,771455,31,31,3,8,
39755,1333,771455,3,4,4,8,
39756,2597,771455,3,4,4,8,
39757,13088,771455,27,27,3,8,
39758,2155,771455,3,4,4,8,
39759,3407,771455,3,4,4,9,
39760,1890,771455,3,4,4,8,
39761,2762,771455,3,4,4,8,
39762,23623,771455,31,31,3,8,
39763,3183,771455,3,4,4,8,
39764,2217,771455,3,4,4,9,
39765,11219,771455,23,23,3,9,
39766,20208,771455,31,31,3,8,
39767,10568,771455,17,17,3,8,
39768,10823,771455,3,4,4,8,
39769,10017,771455,3,4,4,9,
39770,1657,771455,3,4,4,9,
39771,13480,771455,21,21,3,9,
39772,22255,771455,19,19,3,8,
39773,4333,771455,3,4,4,8,
39774,15378,771455,27,27,3,8,
39775,2572,771455,3,4,4,9,
39776,2431,771455,3,4,4,9,
39777,16944,771455,27,27,3,9,
39778,1652,771455,3,4,4,8,
39779,2755,771455,3,4,4,9,
39780,2954,771455,3,4,4,8,
39781,2290,771455,3,4,4,8,
39782,19434,771455,25,25,3,8,
39783,898,771455,3,4,4,8,
39784,17380,771455,29,29,3,8,
39785,1393,771455,3,4,4,9,
39786,1786,771455,3,4,4,9,
39787,1849,771455,3,4,4,9,
39788,2408,771455,3,4,4,8,
39789,2487,771455,3,4,4,8,
39790,14382,771455,25,25,3,7,
39791,2736,771455,3,4,4,8,
39792,2610,771455,3,4,4,9,
39793,12371,771455,17,17,3,7,
39794,2303,771455,3,4,4,9,
39795,13639,771455,3,4,4,8,
39796,13662,771455,29,29,3,8,
39797,13829,771455,3,4,4,8,
39798,3768,771455,3,4,4,8,
39799,6525,771455,19,19,3,9,
39800,5538,771455,3,4,4,8,
39801,6144,771455,3,4,4,8,
39802,7557,771455,17,17,3,8,
39803,8403,771455,3,4,4,8,
39804,2146,771455,3,4,4,7,
39805,10661,771455,21,21,3,8,
39806,3376,771455,3,4,4,8,
39807,8260,771455,19,19,3,9,
39808,3411,771455,3,4,4,8,
39809,10184,771455,3,4,4,8,
39810,8734,771455,3,4,4,8,
39811,8445,771455,15,15,3,8,
39812,8183,771455,3,4,4,8,
39813,22236,771455,29,29,3,9,
39814,16215,771455,19,19,3,9,
39815,1223,771455,3,4,4,9,
39816,7309,771455,13,13,3,8,
39817,11999,771455,31,31,3,9,
39818,18886,771455,29,29,3,8,
39819,2998,771455,3,4,4,9,
39820,15414,771455,21,21,3,8,
39821,16538,771455,27,28,3,9,
39822,2144,771455,3,4,4,8,
39823,16168,771455,27,27,3,8,
39824,6498,771455,13,13,3,8,
39825,13751,771455,25,25,3,8,
39826,7303,771455,3,4,4,9,
39827,15799,771455,25,25,3,8,
39828,9409,771455,3,4,4,7,
39829,15874,771455,31,31,3,8,
39830,14688,771455,3,4,4,9,
39831,21313,771455,21,21,3,9,
39832,2837,771455,3,4,4,8,
39833,1849,771455,3,4,4,8,
39834,23094,771455,33,33,3,9,
39835,8863,771455,15,15,3,8,
39836,14126,771455,29,29,3,8,
39837,14833,771455,3,4,4,8,
39838,21212,771455,33,33,3,8,
39839,7233,771455,17,17,3,8,
39840,1956,771455,3,4,4,9,
39841,2140,771455,3,4,4,8,
39842,10648,771455,3,4,4,8,
39843,9146,771455,17,17,3,8,
39844,6590,771455,15,15,3,8,
39845,16044,771455,33,33,3,9,
39846,16299,771455,3,4,4,9,
39847,14986,771455,27,27,3,8,
39848,15495,771455,3,4,4,8,
39849,18703,771455,31,31,3,9,
39850,6564,771455,17,17,3,8,
39851,14628,771455,23,23,3,8,
39852,13982,771455,27,27,3,9,
39853,6250,771455,17,17,3,8,
39854,7358,771455,3,4,4,9,
39855,10424,771455,3,4,4,8,
39856,2206,771455,3,4,4,8,
39857,1029,771455,3,4,4,9,
39858,1876,771455,3,4,4,8,
39859,20696,771455,32,33,3,9,
39860,24397,771455,31,31,3,8,
39861,15482,771455,25,25,3,8,
39862,2303,771455,3,4,4,8,
39863,24552,771455,3,4,4,8,
39864,1302,771455,3,4,4,8,
39865,6216,771455,13,13,3,8,
39866,1938,771455,3,4,4,8,
39867,3100,771455,3,4,4,8,
39868,17300,771455,29,29,3,9,
39869,6400,771455,13,13,3,8,
39870,10715,771455,21,21,3,8,
39871,18765,771455,31,31,3,9,
39872,16400,771455,31,31,3,8,
39873,12478,771455,25,25,3,9,
39874,14122,771455,3,4,4,8,
39875,9334,771455,19,19,3,8,
39876,16218,771455,21,21,3,9,
39877,7252,771455,3,4,4,8,
39878,1562,771455,3,4,4,9,
39879,15996,771455,33,33,3,8,
39880,15897,771455,3,4,4,9,
39881,3028,771455,3,4,4,8,
39882,13090,771455,21,21,3,9,
39883,6740,771455,15,15,3,8,
39884,2270,771455,3,4,4,8,
39885,10186,771455,13,13,3,9,
39886,6828,771455,3,4,4,8,
39887,2134,771455,3,4,4,8,
39888,12972,771455,25,25,3,7,
39889,16515,771455,31,31,3,8,
39890,16086,771455,3,4,4,8,
39891,7905,771455,19,19,3,8,
39892,5904,771455,3,4,4,8,
39893,7705,771455,3,4,4,9,
39894,5424,771455,3,4,4,9,
39895,2257,771455,3,4,4,7,
39896,11715,771455,25,25,3,9,
39897,12476,771455,3,4,4,8,
39898,2807,771455,3,4,4,8,
39899,2227,771455,3,4,4,7,
39900,2838,771455,3,4,4,8,
39901,1541,771455,3,4,4,9,
39902,1632,771455,3,4,4,8,
39903,1910,771455,3,4,4,8,
39904,2521,771455,3,4,4,7,
39905,2314,771455,3,4,4,8,
39906,19582,771455,33,33,3,8,
39907,13550,771455,25,25,3,8,
39908,2036,771455,3,4,4,8,
39909,50137,771455,13,13,3,8,
39910,2733,771455,3,4,4,8,
39911,8376,771455,15,15,3,8,
39912,1518,771455,3,4,4,8,
39913,12466,771455,23,23,3,9,
39914,1806,771455,3,4,4,9,
39915,2095,771455,3,4,4,8,
39916,14350,771455,25,25,3,8,
39917,11363,771455,25,25,3,9,
39918,11383,771455,3,4,4,8,
39919,43840,771455,31,31,3,8,
39920,47703,771455,31,31,3,6,
39921,4183,771455,3,4,4,8,
39922,1693,771455,3,4,4,9,
39923,6352,771455,3,4,4,8,
39924,37199,771455,27,27,3,8,
39925,41740,771455,3,4,4,5,
39926,39194,771455,19,19,3,6,
39927,36342,771455,19,19,3,7,
39928,37571,771455,17,17,3,5,
39929,39920,771455,3,4,4,8,
39930,34235,771455,15,15,3,6,
39931,13776,771455,19,19,3,5,
39932,19959,771455,33,33,3,4,
39933,3730,771455,3,4,4,6,
39934,2300,771455,3,4,4,5,
39935,18981,771455,31,31,3,6,
39936,21038,771455,3,4,4,7,
39937,19359,771455,3,4,4,7,
39938,3933,771455,3,4,4,8,
39939,11281,771455,3,4,4,7,
39940,3488,771455,3,4,4,8,
39941,17588,771455,33,33,3,8,
39942,14665,771455,25,25,3,8,
39943,2646,771455,3,4,4,9,
39944,1393,771455,3,4,4,9,
39945,1749,771455,3,4,4,9,
39946,2041,771455,3,4,4,9,
39947,1889,771455,3,4,4,8,
39948,3646,771455,3,4,4,9,
39949,13286,771455,29,29,3,8,
39950,16862,771455,29,29,3,8,
39951,14623,771455,3,4,4,9,
39952,28977,771455,25,25,3,8,
39953,18519,771455,19,19,3,8,
39954,15021,771455,17,17,3,7,
39955,3361,771455,3,4,4,8,
39956,13123,771455,13,13,3,8,
39957,12152,771455,25,25,3,7,
39958,2087,771455,3,4,4,9,
39959,8352,771455,15,15,3,9,
39960,8535,771455,3,4,4,8,
39961,15758,771455,19,19,3,9,
39962,22270,771455,33,33,3,8,
39963,14458,771455,3,4,4,9,
39964,2368,771455,3,4,4,7,
39965,10917,771455,13,13,3,6,
39966,24167,771455,33,33,3,7,
39967,35838,771455,19,19,3,7,
39968,17867,771455,19,19,3,8,
39969,19518,771455,3,4,4,9,
39970,19826,771455,33,33,3,9,
39971,8956,771455,3,4,4,8,
39972,1817,771455,3,4,4,9,
39973,2447,771455,3,4,4,8,
39974,17110,771455,23,23,3,8,
39975,1823,771455,3,4,4,9,
39976,1929,771455,3,4,4,8,
39977,11915,771455,25,25,3,8,
39978,13915,771455,3,4,4,7,
39979,11449,771455,15,15,3,8,
39980,10208,771455,3,4,4,8,
39981,8650,771455,15,15,3,7,
39982,9593,771455,3,4,4,8,
39983,14435,771455,19,19,3,8,
39984,12542,771455,3,4,4,8,
39985,4954,771455,3,4,4,7,
39986,10311,771455,3,4,4,8,
39987,3290,771455,3,4,4,8,
39988,1806,771455,3,4,4,8,
39989,15001,771455,25,25,3,8,
39990,11470,771455,21,21,3,8,
39991,3589,771455,3,4,4,8,
39992,11682,771455,3,4,4,8,
39993,16500,771455,27,27,3,8,
39994,2448,771455,3,4,4,8,
39995,7565,771455,13,13,3,8,
39996,13544,771455,27,27,3,8,
39997,9578,771455,3,4,4,8,
39998,15358,771455,3,4,4,8,
39999,15110,771455,25,25,3,8,
40000,25663,771455,21,21,3,8,
40001,19839,771455,29,29,3,9,
40002,4356,771455,3,4,4,8,
40003,14979,771455,25,25,3,9,
40004,19634,771455,25,25,3,7,
40005,8046,771455,13,13,3,9,
40006,16394,771455,31,31,3,8,
40007,14916,771455,23,23,3,9,
40008,19952,771455,27,27,3,8,
40009,40193,771455,33,33,3,8,
40010,12354,771455,3,4,4,8,
40011,14004,771455,13,13,3,9,
40012,3326,771455,3,4,4,9,
40013,3007,771455,3,4,4,8,
40014,12566,771455,23,23,3,8,
40015,15290,771455,25,25,3,8,
40016,14504,771455,23,23,3,8,
40017,12233,771455,23,23,3,7,
40018,10918,771455,3,4,4,7,
40019,14695,771455,3,4,4,8,
40020,16055,771455,25,25,3,9,
40021,23354,771455,3,4,4,8,
40022,6670,771455,19,19,3,9,
40023,1420,771455,3,4,4,8,
40024,2242,771455,3,4,4,8,
40025,953,771455,3,4,4,8,
40026,3019,771455,3,4,4,8,
40027,2396,771455,3,4,4,8,
40028,2228,771455,3,4,4,8,
40029,3682,771455,3,4,4,7,
40030,11997,771455,25,25,3,8,
40031,2710,771455,3,4,4,8,
40032,17593,771455,27,27,3,8,
40033,3165,771455,3,4,4,8,
40034,15868,771455,25,25,3,8,
40035,12074,771455,21,21,3,9,
40036,12242,771455,19,19,3,8,
40037,1102,771455,3,4,4,8,
40038,14620,771455,3,4,4,7,
40039,2209,771455,3,4,4,9,
40040,3109,771455,3,4,4,9,
40041,10804,771455,17,17,3,8,
40042,8543,771455,17,17,3,9,
40043,8313,771455,19,19,3,8,
40044,2431,771455,3,4,4,9,
40045,6352,771455,3,4,4,8,
40046,2742,771455,3,4,4,8,
40047,18627,771455,21,21,3,8,
40048,2833,771455,3,4,4,7,
40049,11326,771455,25,25,3,8,
40050,14790,771455,19,19,3,8,
40051,14361,771455,31,31,3,6,
40052,12517,771455,17,17,3,7,
40053,18082,771455,31,31,3,7,
40054,10249,771455,19,19,3,8,
40055,13883,771455,3,4,4,8,
40056,12752,771455,3,4,4,8,
40057,13596,771455,3,4,4,9,
40058,12215,771455,25,25,3,9,
40059,12984,771455,3,4,4,9,
40060,9904,771455,17,17,3,8,
40061,2826,771455,3,4,4,8,
40062,11043,771455,19,19,3,7,
40063,2851,771455,3,4,4,8,
40064,12346,771455,21,21,3,8,
40065,9472,771455,3,4,4,8,
40066,21901,771455,31,31,3,9,
40067,19074,771455,15,15,3,9,
40068,13194,771455,21,21,3,8,
40069,12315,771455,23,23,3,9,
40070,2667,771455,3,4,4,8,
40071,20551,771455,25,25,3,8,
40072,10907,771455,19,19,3,9,
40073,2307,771455,3,4,4,8,
40074,15257,771455,27,27,3,8,
40075,16271,771455,33,33,3,9,
40076,8827,771455,3,4,4,8,
40077,15922,771455,3,4,4,8,
40078,15173,771455,27,27,3,8,
40079,8692,771455,3,4,4,9,
40080,9620,771455,3,4,4,9,
40081,1767,771455,3,4,4,8,
40082,10244,771455,17,17,3,9,
40083,3346,771455,3,4,4,8,
40084,18913,771455,33,33,3,8,
40085,2779,771455,3,4,4,8,
40086,7757,771455,3,4,4,8,
40087,18833,771455,27,27,3,8,
40088,2496,771455,3,4,4,8,
40089,12924,771455,23,23,3,8,
40090,3342,771455,3,4,4,8,
40091,10813,771455,21,21,3,9,
40092,11937,771455,19,19,3,7,
40093,18038,771455,33,33,3,9,
40094,2894,771455,3,4,4,9,
40095,11362,771455,3,4,4,8,
40096,9901,771455,3,4,4,7,
40097,1267,771455,3,4,4,8,
40098,5734,771455,15,15,3,8,
40099,6469,771455,3,4,4,8,
40100,9302,771455,3,4,4,8,
40101,10885,771455,21,21,3,8,
40102,8067,771455,17,17,3,7,
40103,16410,771455,29,30,3,7,
40104,1755,771455,3,4,4,7,
40105,14798,771455,25,25,3,8,
40106,14855,771455,27,28,3,8,
40107,15040,771455,3,4,4,8,
40108,5489,771455,3,4,4,8,
40109,13185,771455,3,4,4,9,
40110,13978,771455,27,27,3,8,
40111,15535,771455,29,29,3,8,
40112,14796,771455,21,21,3,9,
40113,15236,771455,3,4,4,8,
40114,17238,771455,27,27,3,9,
40115,1804,771455,3,4,4,8,
40116,2071,771455,3,4,4,8,
40117,11655,771455,15,15,3,8,
40118,11898,771455,23,23,3,8,
40119,1736,771455,3,4,4,8,
40120,18507,771455,31,31,3,8,
40121,17268,771455,21,21,3,9,
40122,18122,771455,3,4,4,8,
40123,19503,771455,21,21,3,9,
40124,2474,771455,3,4,4,8,
40125,18364,771455,29,29,3,9,
40126,2129,771455,3,4,4,8,
40127,3031,771455,3,4,4,9,
40128,20490,771455,29,29,3,7,
40129,3265,771455,3,4,4,9,
40130,8282,771455,3,4,4,8,
40131,2295,771455,3,4,4,8,
40132,17843,771455,33,33,3,8,
40133,8724,771455,13,13,3,8,
40134,15630,771455,25,25,3,8,
40135,11759,771455,23,23,3,8,
40136,18174,771455,29,29,3,8,
40137,12977,771455,3,4,4,9,
40138,16596,771455,29,29,3,9,
40139,21202,771455,33,33,3,8,
40140,10164,771455,3,4,4,8,
40141,4904,771455,15,15,3,9,
40142,19720,771455,31,31,3,8,
40143,9192,771455,13,13,3,7,
40144,10034,771455,3,4,4,8,
40145,3321,771455,3,4,4,8,
40146,10777,771455,21,21,3,9,
40147,13980,771455,25,25,3,8,
40148,9476,771455,3,4,4,9,
40149,13312,771455,3,4,4,9,
40150,1544,771455,3,4,4,8,
40151,21168,771455,33,33,3,9,
40152,31497,771455,25,25,3,8,
40153,1892,771455,3,4,4,8,
40154,2712,771455,3,4,4,8,
40155,18338,771455,27,27,3,8,
40156,2541,771455,3,4,4,9,
40157,18501,771455,3,4,4,8,
40158,17341,771455,25,25,3,8,
40159,2559,771455,3,4,4,9,
40160,2614,771455,3,4,4,9,
40161,10512,771455,13,13,3,8,
40162,15729,771455,29,29,3,9,
40163,9117,771455,23,23,3,9,
40164,15056,771455,23,23,3,8,
40165,16994,771455,25,25,3,8,
40166,6538,771455,3,4,4,7,
40167,8700,771455,21,21,3,9,
40168,12506,771455,3,4,4,8,
40169,2656,771455,3,4,4,8,
40170,18713,771455,33,33,3,8,
40171,19028,771455,31,31,3,8,
40172,2499,771455,3,4,4,9,
40173,19446,771455,3,4,4,8,
40174,9797,771455,19,19,3,8,
40175,2624,771455,3,4,4,9,
40176,2513,771455,3,4,4,8,
40177,16281,771455,3,4,4,7,
40178,7966,771455,3,4,4,9,
40179,12832,771455,25,25,3,8,
40180,9817,771455,23,23,3,9,
40181,9363,771455,23,23,3,7,
40182,10199,771455,3,4,4,8,
40183,2157,771455,3,4,4,9,
40184,14210,771455,21,21,3,8,
40185,14552,771455,3,4,4,8,
40186,3251,771455,3,4,4,8,
40187,3580,771455,3,4,4,7,
40188,27861,771455,23,23,3,8,
40189,8785,771455,13,13,3,8,
40190,1599,771455,3,4,4,8,
40191,1614,771455,3,4,4,7,
40192,27433,771455,3,4,4,8,
40193,2398,771455,3,4,4,9,
40194,8857,771455,3,4,4,8,
40195,4396,771455,3,4,4,8,
40196,28457,771455,21,21,3,8,
40197,26408,771455,25,25,3,8,
40198,28023,771455,3,4,4,9,
40199,16849,771455,25,25,3,8,
40200,3492,771455,3,4,4,9,
40201,15520,771455,23,23,3,8,
40202,2487,771455,3,4,4,8,
40203,15988,771455,3,4,4,8,
40204,23530,771455,25,25,3,8,
40205,35123,771455,31,31,3,9,
40206,14734,771455,15,15,3,8,
40207,18036,771455,23,23,3,9,
40208,24196,771455,25,25,3,8,
40209,13612,771455,21,21,3,8,
40210,23433,771455,3,4,4,8,
40211,27106,771455,33,33,3,8,
40212,13806,771455,25,25,3,8,
40213,14216,771455,3,4,4,9,
40214,18139,771455,23,23,3,9,
40215,23622,771455,33,33,3,8,
40216,3772,771455,3,4,4,8,
40217,2530,771455,3,4,4,8,
40218,21159,771455,27,27,3,8,
40219,3137,771455,3,4,4,9,
40220,15974,771455,19,19,3,8,
40221,5981,771455,13,13,3,8,
40222,2167,771455,3,4,4,9,
40223,1981,771455,3,4,4,8,
40224,16718,771455,23,23,3,8,
40225,2569,771455,3,4,4,8,
40226,17665,771455,3,4,4,8,
40227,3421,771455,3,4,4,9,
40228,20479,771455,29,29,3,8,
40229,3408,771455,3,4,4,9,
40230,14910,771455,29,29,3,8,
40231,2064,771455,3,4,4,8,
40232,16827,771455,13,13,3,8,
40233,1695,771455,3,4,4,9,
40234,17481,771455,31,31,3,9,
40235,18125,771455,3,4,4,9,
40236,4681,771455,3,4,4,8,
40237,8163,771455,15,15,3,9,
40238,1815,771455,3,4,4,9,
40239,3008,771455,3,4,4,8,
40240,8938,771455,21,21,3,9,
40241,10151,771455,3,4,4,9,
40242,20642,771455,25,25,3,8,
40243,11246,771455,19,19,3,8,
40244,11850,771455,23,23,3,9,
40245,1526,771455,3,4,4,8,
40246,2947,771455,3,4,4,8,
40247,23196,771455,31,31,3,8,
40248,8972,771455,13,13,3,9,
40249,10813,771455,13,13,3,7,
40250,9401,771455,3,4,4,8,
40251,3371,771455,3,4,4,9,
40252,13273,771455,25,25,3,8,
40253,2280,771455,3,4,4,9,
40254,21681,771455,29,29,3,8,
40255,16240,771455,31,31,3,8,
40256,21936,771455,3,4,4,9,
40257,8127,771455,3,4,4,8,
40258,2282,771455,3,4,4,9,
40259,2003,771455,3,4,4,9,
40260,2000,771455,3,4,4,8,
40261,6002,771455,3,4,4,9,
40262,2816,771455,3,4,4,8,
40263,8918,771455,17,17,3,8,
40264,1527,771455,3,4,4,7,
40265,2349,771455,3,4,4,8,
40266,20997,771455,31,31,3,8,
40267,2130,771455,3,4,4,8,
40268,7958,771455,13,13,3,9,
40269,2265,771455,3,4,4,9,
40270,6953,771455,3,4,4,8,
40271,10410,771455,19,19,3,9,
40272,12919,771455,27,27,3,9,
40273,10896,771455,27,27,3,8,
40274,11746,771455,3,4,4,8,
40275,16468,771455,3,4,4,9,
40276,2425,771455,3,4,4,8,
40277,19550,771455,29,29,3,8,
40278,6994,771455,15,15,3,8,
40279,7784,771455,13,13,3,8,
40280,19663,771455,3,4,4,8,
40281,5397,771455,15,15,3,9,
40282,14858,771455,21,21,3,9,
40283,2567,771455,3,4,4,7,
40284,17749,771455,29,29,3,8,
40285,10645,771455,13,13,3,8,
40286,17033,771455,25,25,3,8,
40287,9284,771455,3,4,4,8,
40288,7109,771455,15,15,3,9,
40289,13753,771455,17,17,3,8,
40290,24537,771455,33,33,3,8,
40291,11054,771455,17,17,3,8,
40292,3005,771455,3,4,4,8,
40293,2973,771455,3,4,4,9,
40294,22324,771455,23,23,3,9,
40295,11198,771455,17,17,3,8,
40296,19792,771455,33,33,3,8,
40297,10137,771455,17,17,3,8,
40298,20637,771455,33,33,3,9,
40299,9385,771456,3,4,4,8,
40300,14714,771456,3,4,4,8,
40301,3257,771456,3,4,4,9,
40302,1956,771456,3,4,4,9,
40303,2053,771456,3,4,4,9,
40304,1922,771456,3,4,4,7,
40305,15563,771456,25,25,3,8,
40306,2449,771456,3,4,4,8,
40307,2484,771456,3,4,4,8,
40308,4117,771456,3,4,4,8,
40309,930,771456,3,4,4,8,
40310,2327,771456,3,4,4,9,
40311,24272,771456,33,33,3,8,
40312,3945,771456,3,4,4,8,
40313,23929,771456,3,4,4,8,
40314,12898,771456,19,19,3,9,
40315,2298,771456,3,4,4,8,
40316,13775,771456,3,4,4,9,
40317,17619,771456,31,31,3,8,
40318,14372,771456,31,31,3,9,
40319,6855,771456,3,4,4,8,
40320,14070,771456,33,33,3,9,
40321,17638,771456,33,33,3,8,
40322,17823,771456,31,31,3,9,
40323,17940,771456,3,4,4,8,
40324,3061,771456,3,4,4,9,
40325,10588,771456,23,23,3,9,
40326,11150,771456,3,4,4,8,
40327,23447,771456,33,33,3,8,
40328,17949,771456,23,23,3,8,
40329,3519,771456,3,4,4,9,
40330,7728,771456,15,15,3,8,
40331,1648,771456,3,4,4,9,
40332,7623,771456,3,4,4,9,
40333,16911,771456,21,21,3,7,
40334,15971,771456,29,29,3,8,
40335,1789,771456,3,4,4,9,
40336,24208,771456,29,29,3,8,
40337,6827,771456,13,13,3,9,
40338,7032,771456,3,4,4,8,
40339,11790,771456,19,19,3,8,
40340,17392,771456,29,29,3,9,
40341,14064,771456,17,17,3,8,
40342,21923,771456,33,33,3,8,
40343,12325,771456,23,23,3,8,
40344,15853,771456,21,21,3,9,
40345,11722,771456,3,4,4,7,
40346,26919,771456,29,29,3,5,
40347,1161,771456,3,4,4,8,
40348,3884,771456,3,4,4,9,
40349,12012,771456,19,19,3,9,
40350,10268,771456,3,4,4,8,
40351,3479,771456,3,4,4,9,
40352,13774,771456,31,31,3,6,
40353,24581,771456,3,4,4,7,
40354,23380,771456,3,4,4,7,
40355,2105,771456,3,4,4,9,
40356,28046,771456,23,23,3,8,
40357,4654,771456,17,17,3,7,
40358,19754,771456,3,4,4,7,
40359,1414,771456,3,4,4,8,
40360,24843,771456,31,31,3,6,
40361,26221,771456,3,4,4,5,
40362,24608,771456,29,29,3,7,
40363,13813,771456,17,17,3,7,
40364,1660,771456,3,4,4,7,
40365,10455,771456,13,13,3,7,
40366,1914,771456,3,4,4,8,
40367,22923,771456,3,4,4,7,
40368,7924,771456,13,13,3,9,
40369,4077,771456,3,4,4,9,
40370,16158,771456,29,29,3,9,
40371,14059,771456,3,4,4,8,
40372,25771,771456,31,31,3,9,
40373,5869,771456,3,4,4,9,
40374,22954,771456,27,27,3,8,
40375,2212,771456,3,4,4,9,
40376,13382,771456,15,15,3,9,
40377,13691,771456,3,4,4,9,
40378,30609,771456,33,33,3,9,
40379,30947,771456,3,4,4,9,
40380,29409,771456,31,31,3,7,
40381,20392,771456,33,33,3,8,
40382,18007,771456,27,27,3,8,
40383,20014,771456,3,4,4,8,
40384,14813,771456,23,24,3,9,
40385,14893,771456,17,17,3,9,
40386,10587,771456,19,19,3,8,
40387,10264,771456,3,4,4,9,
40388,14717,771456,21,21,3,9,
40389,12545,771456,23,23,3,9,
40390,2311,771456,3,4,4,8,
40391,39749,771456,29,29,3,8,
40392,12316,771456,27,27,3,8,
40393,44019,771456,29,29,3,8,
40394,12404,771456,3,4,4,8,
40395,43656,771456,31,31,3,7,
40396,10883,771456,21,21,3,9,
40397,31889,771456,3,4,4,8,
40398,5796,771456,3,4,4,8,
40399,36699,771456,3,4,4,9,
40400,44398,771456,27,27,3,8,
40401,38533,771456,27,27,3,8,
40402,32734,771456,17,17,3,8,
40403,38380,771456,3,4,4,8,
40404,14188,771456,3,4,4,9,
40405,15013,771456,21,21,3,7,
40406,18605,771456,33,33,3,7,
40407,15864,771456,29,29,3,8,
40408,16968,771456,3,4,4,8,
40409,14639,771456,25,25,3,8,
40410,18943,771456,3,4,4,8,
40411,21330,771456,33,33,3,8,
40412,13615,771456,29,29,3,8,
40413,17678,771456,33,33,3,9,
40414,12899,771456,29,29,3,9,
40415,10482,771456,3,4,4,8,
40416,10300,771456,3,4,4,8,
40417,2130,771456,3,4,4,8,
40418,1826,771456,3,4,4,9,
40419,2650,771456,3,4,4,8,
40420,12864,771456,27,27,3,9,
40421,11930,771456,23,23,3,8,
40422,12866,771456,15,15,3,8,
40423,11349,771456,3,4,4,8,
40424,11585,771456,21,21,3,8,
40425,11098,771456,23,23,3,8,
40426,13009,771456,23,23,3,8,
40427,9888,771456,3,4,4,9,
40428,13796,771456,3,4,4,8,
40429,19489,771456,19,19,3,8,
40430,1351,771456,3,4,4,7,
40431,12543,771456,23,23,3,8,
40432,13737,771456,27,27,3,8,
40433,21217,771456,23,23,3,8,
40434,7777,771456,13,13,3,8,
40435,13292,771456,3,4,4,9,
40436,7771,771456,3,4,4,8,
40437,8523,771456,21,21,3,8,
40438,2585,771456,3,4,4,9,
40439,1299,771456,3,4,4,8,
40440,9956,771456,21,21,3,9,
40441,2271,771456,3,4,4,8,
40442,9787,771456,3,4,4,8,
40443,9014,771456,21,21,3,9,
40444,2412,771456,3,4,4,8,
40445,19578,771456,19,19,3,8,
40446,10722,771456,3,4,4,8,
40447,2145,771456,3,4,4,9,
40448,1767,771456,3,4,4,8,
40449,6443,771456,13,13,3,9,
40450,14759,771456,29,29,3,9,
40451,23961,771456,21,21,3,8,
40452,15244,771456,3,4,4,9,
40453,7291,771456,17,17,3,8,
40454,8540,771456,3,4,4,9,
40455,10187,771456,15,15,3,9,
40456,8977,771456,13,13,3,9,
40457,2660,771456,3,4,4,9,
40458,2442,771456,3,4,4,9,
40459,17676,771456,21,21,3,9,
40460,13250,771456,15,15,3,8,
40461,10938,771456,15,15,3,9,
40462,19296,771456,33,33,3,9,
40463,3485,771456,3,4,4,9,
40464,10409,771456,3,4,4,9,
40465,1214,771456,3,4,4,8,
40466,2432,771456,3,4,4,8,
40467,2694,771456,3,4,4,9,
40468,22353,771456,33,33,3,9,
40469,1656,771456,3,4,4,8,
40470,22912,771456,21,21,3,8,
40471,1225,771456,3,4,4,9,
40472,18635,771456,33,33,3,9,
40473,19787,771456,27,27,3,9,
40474,10170,771456,3,4,4,8,
40475,2208,771456,3,4,4,8,
40476,7929,771456,17,17,3,8,
40477,8492,771456,15,15,3,9,
40478,7979,771456,3,4,4,8,
40479,7123,771456,13,13,3,9,
40480,13870,771456,15,15,3,8,
40481,19294,771456,29,29,3,8,
40482,23374,771456,19,19,3,8,
40483,13493,771456,27,27,3,8,
40484,17344,771456,31,31,3,8,
40485,19882,771456,23,23,3,8,
40486,3672,771456,3,4,4,8,
40487,3373,771456,3,4,4,8,
40488,9995,771456,21,21,3,8,
40489,12595,771456,21,21,3,8,
40490,12435,771456,3,4,4,8,
40491,20262,771456,33,33,3,8,
40492,12018,771456,19,19,3,8,
40493,9211,771456,3,4,4,9,
40494,13475,771456,3,4,4,8,
40495,962,771456,3,4,4,8,
40496,1802,771456,3,4,4,8,
40497,2877,771456,3,4,4,9,
40498,2341,771456,3,4,4,7,
40499,3351,771456,3,4,4,7,
40500,2600,771456,3,4,4,8,
40501,4586,771456,3,4,4,9,
40502,20036,771456,29,29,3,8,
40503,14274,771456,23,23,3,9,
40504,14469,771456,21,21,3,8,
40505,8495,771456,15,15,3,8,
40506,2919,771456,3,4,4,8,
40507,17400,771456,27,27,3,8,
40508,19056,771456,27,27,3,8,
40509,2251,771456,3,4,4,8,
40510,2661,771456,3,4,4,9,
40511,2282,771456,3,4,4,8,
40512,14858,771456,23,23,3,8,
40513,2124,771456,3,4,4,8,
40514,14957,771456,3,4,4,7,
40515,1731,771456,3,4,4,8,
40516,8609,771456,17,17,3,9,
40517,1204,771456,3,4,4,8,
40518,11832,771456,19,19,3,7,
40519,19673,771456,21,21,3,9,
40520,8081,771456,3,4,4,8,
40521,13092,771456,25,25,3,6,
40522,14898,771456,31,31,3,8,
40523,8783,771456,19,19,3,6,
40524,15784,771456,27,27,3,8,
40525,14536,771456,33,33,3,7,
40526,20616,771456,33,33,3,6,
40527,1996,771456,3,4,4,7,
40528,20688,771456,3,4,4,7,
40529,3479,771456,3,4,4,7,
40530,12239,771456,3,4,4,8,
40531,4732,771456,13,13,3,8,
40532,6585,771456,13,13,3,9,
40533,15062,771456,27,27,3,8,
40534,10737,771456,23,23,3,8,
40535,5385,771456,3,4,4,8,
40536,15258,771456,3,4,4,8,
40537,10814,771456,3,4,4,9,
40538,996,771456,3,4,4,8,
40539,18881,771456,23,23,3,9,
40540,13273,771456,23,24,3,8,
40541,12994,771456,17,17,3,9,
40542,13472,771456,23,23,3,9,
40543,3705,771456,3,4,4,8,
40544,4585,771456,3,4,4,8,
40545,4136,771456,3,4,4,8,
40546,4773,771456,3,4,4,8,
40547,1477,771456,3,4,4,9,
40548,1119,771456,3,4,4,8,
40549,18224,771456,31,31,3,8,
40550,9348,771456,17,17,3,8,
40551,15693,771456,31,31,3,8,
40552,15355,771456,31,31,3,8,
40553,17484,771456,3,4,4,9,
40554,14657,771456,3,4,4,8,
40555,8564,771456,17,17,3,9,
40556,1500,771456,3,4,4,9,
40557,2229,771456,3,4,4,8,
40558,8204,771456,23,23,3,8,
40559,5296,771456,3,4,4,8,
40560,8096,771456,3,4,4,9,
40561,7879,771456,3,4,4,8,
40562,1660,771456,3,4,4,9,
40563,16248,771456,27,27,3,8,
40564,17521,771456,27,27,3,8,
40565,19312,771456,33,33,3,8,
40566,20027,771456,3,4,4,8,
40567,12599,771456,19,19,3,8,
40568,20041,771456,33,33,3,8,
40569,22918,771456,33,33,3,8,
40570,20133,771456,3,4,4,8,
40571,1655,771456,3,4,4,9,
40572,7869,771456,15,15,3,9,
40573,10159,771456,17,17,3,9,
40574,3350,771456,3,4,4,9,
40575,12409,771456,3,4,4,8,
40576,4484,771456,3,4,4,8,
40577,1523,771456,3,4,4,9,
40578,5902,771456,13,13,3,8,
40579,11788,771456,21,21,3,9,
40580,6635,771456,3,4,4,9,
40581,10826,771456,15,15,3,8,
40582,13562,771456,23,23,3,9,
40583,9546,771456,3,4,4,8,
40584,3060,771456,3,4,4,8,
40585,15241,771456,21,21,3,8,
40586,7981,771456,13,13,3,9,
40587,15813,771456,3,4,4,8,
40588,8184,771456,3,4,4,8,
40589,1387,771456,3,4,4,9,
40590,7158,771456,13,13,3,9,
40591,14027,771456,27,27,3,8,
40592,11464,771456,19,19,3,8,
40593,8832,771456,13,13,3,8,
40594,9953,771456,3,4,4,8,
40595,15205,771456,27,27,3,9,
40596,8928,771456,19,19,3,8,
40597,14670,771456,3,4,4,8,
40598,17383,771456,27,28,3,8,
40599,19475,771456,31,31,3,8,
40600,2655,771456,3,4,4,8,
40601,20313,771456,3,4,4,8,
40602,9406,771456,17,17,3,8,
40603,8472,771456,15,15,3,9,
40604,5172,771456,13,13,3,7,
40605,10663,771456,3,4,4,8,
40606,8189,771456,3,4,4,9,
40607,19200,771456,33,33,3,8,
40608,3251,771456,3,4,4,8,
40609,9016,771456,21,21,3,9,
40610,2601,771456,3,4,4,9,
40611,2372,771456,3,4,4,8,
40612,12249,771456,21,21,3,8,
40613,2457,771456,3,4,4,8,
40614,2332,771456,3,4,4,9,
40615,11581,771456,3,4,4,9,
40616,2193,771456,3,4,4,8,
40617,15335,771456,17,17,3,8,
40618,10857,771456,15,15,3,8,
40619,20819,771456,33,33,3,9,
40620,8835,771456,23,23,3,9,
40621,19732,771456,31,31,3,9,
40622,2965,771456,3,4,4,9,
40623,6985,771456,15,15,3,9,
40624,6935,771456,3,4,4,9,
40625,10816,771456,25,25,3,9,
40626,11791,771456,21,21,3,8,
40627,11342,771456,3,4,4,8,
40628,12516,771456,29,29,3,8,
40629,11511,771456,3,4,4,9,
40630,10424,771456,21,21,3,7,
40631,11253,771456,3,4,4,8,
40632,11219,771456,3,4,4,8,
40633,6619,771456,15,15,3,8,
40634,2170,771456,3,4,4,8,
40635,7960,771456,3,4,4,8,
40636,14182,771456,31,31,3,8,
40637,1410,771456,3,4,4,8,
40638,15692,771456,29,29,3,9,
40639,1822,771456,3,4,4,7,
40640,12377,771456,17,17,3,8,
40641,4200,771456,3,4,4,9,
40642,20262,771456,27,27,3,8,
40643,11779,771456,3,4,4,8,
40644,14557,771456,25,25,3,8,
40645,19531,771456,3,4,4,8,
40646,3069,771456,3,4,4,9,
40647,9955,771456,17,17,3,8,
40648,12812,771456,21,21,3,9,
40649,16594,771456,27,28,3,9,
40650,6185,771456,13,13,3,8,
40651,6073,771456,3,4,4,8,
40652,17499,771456,29,29,3,8,
40653,17082,771456,3,4,4,8,
40654,3445,771456,3,4,4,8,
40655,11604,771456,21,21,3,9,
40656,5968,771456,3,4,4,8,
40657,13441,771456,27,27,3,8,
40658,10864,771456,3,4,4,9,
40659,9631,771456,19,19,3,8,
40660,7418,771456,15,15,3,8,
40661,8070,771456,15,15,3,8,
40662,1520,771456,3,4,4,9,
40663,2396,771456,3,4,4,9,
40664,9538,771456,17,17,3,9,
40665,8270,771456,3,4,4,8,
40666,22545,771456,25,25,3,8,
40667,2290,771456,3,4,4,8,
40668,11679,771456,15,15,3,9,
40669,1716,771456,3,4,4,7,
40670,22349,771456,3,4,4,8,
40671,10582,771456,17,17,3,8,
40672,2076,771456,3,4,4,8,
40673,9744,771456,19,19,3,8,
40674,9636,771456,3,4,4,8,
40675,2616,771456,3,4,4,9,
40676,18318,771456,21,21,3,9,
40677,18903,771456,29,29,3,8,
40678,7463,771456,15,15,3,8,
40679,11427,771456,15,15,3,9,
40680,8215,771456,17,17,3,8,
40681,12072,771456,23,23,3,8,
40682,12489,771456,19,19,3,8,
40683,17143,771456,19,19,3,9,
40684,10826,771456,21,21,3,8,
40685,8189,771456,13,13,3,9,
40686,10656,771456,3,4,4,9,
40687,13660,771456,23,23,3,9,
40688,14837,771456,21,21,3,8,
40689,13517,771456,3,4,4,9,
40690,14824,771456,31,31,3,8,
40691,3266,771456,3,4,4,8,
40692,8721,771456,15,15,3,8,
40693,17288,771456,23,23,3,9,
40694,10843,771456,17,17,3,8,
40695,11025,771456,3,4,4,8,
40696,1730,771456,3,4,4,9,
40697,1230,771456,3,4,4,9,
40698,15149,771456,25,25,3,9,
40699,16018,771456,3,4,4,8,
40700,6153,771456,3,4,4,8,
40701,25446,771456,33,33,3,9,
40702,12724,771456,21,21,3,8,
40703,9685,771456,17,17,3,8,
40704,1664,771456,3,4,4,9,
40705,1144,771456,3,4,4,8,
40706,17357,771456,31,31,3,8,
40707,19574,771456,25,25,3,8,
40708,21010,771456,25,25,3,9,
40709,16799,771456,21,21,3,8,
40710,6290,771456,3,4,4,8,
40711,14162,771456,23,23,3,8,
40712,2322,771456,3,4,4,8,
40713,23836,771456,31,31,3,8,
40714,15062,771456,25,25,3,8,
40715,11797,771456,3,4,4,8,
40716,13807,771456,3,4,4,8,
40717,3300,771456,3,4,4,8,
40718,15457,771456,27,27,3,9,
40719,1906,771456,3,4,4,8,
40720,20793,771456,29,29,3,8,
40721,2121,771456,3,4,4,8,
40722,13838,771456,3,4,4,9,
40723,9701,771456,17,17,3,8,
40724,20612,771456,3,4,4,8,
40725,3726,771456,3,4,4,8,
40726,2886,771456,3,4,4,8,
40727,887,771456,3,4,4,8,
40728,8608,771456,23,23,3,8,
40729,18593,771456,25,25,3,8,
40730,22904,771456,27,27,3,9,
40731,13640,771456,31,31,3,9,
40732,14848,771456,23,23,3,8,
40733,9513,771456,17,17,3,8,
40734,18293,771456,31,31,3,8,
40735,15759,771456,3,4,4,9,
40736,19983,771456,33,33,3,8,
40737,13010,771456,17,17,3,8,
40738,9873,771456,17,17,3,8,
40739,22352,771456,27,27,3,9,
40740,10594,771456,15,15,3,8,
40741,8196,771456,3,4,4,8,
40742,18521,771456,3,4,4,9,
40743,2442,771456,3,4,4,8,
40744,36053,771456,29,29,3,9,
40745,14031,771456,33,33,3,7,
40746,55048,771456,3,4,4,7,
40747,2816,771456,3,4,4,8,
40748,15757,771456,27,27,3,8,
40749,12320,771456,27,27,3,8,
40750,12852,771456,3,4,4,8,
40751,13230,771456,25,25,3,8,
40752,12831,771456,29,29,3,8,
40753,1648,771456,3,4,4,7,
40754,1358,771456,3,4,4,7,
40755,14108,771456,17,17,3,8,
40756,2313,771456,3,4,4,8,
40757,6524,771456,3,4,4,9,
40758,60414,771456,33,33,3,8,
40759,53305,771456,27,27,3,7,
40760,6045,771456,3,4,4,9,
40761,5935,771456,3,4,4,8,
40762,42400,771456,17,17,3,8,
40763,34427,771456,13,13,3,8,
40764,43896,771456,21,21,3,8,
40765,38152,771456,19,19,3,8,
40766,46202,771456,3,4,4,8,
40767,43471,771456,3,4,4,8,
40768,7078,771456,3,4,4,8,
40769,6669,771456,3,4,4,8,
40770,2950,771456,3,4,4,8,
40771,5680,771456,3,4,4,8,
40772,3047,771456,3,4,4,8,
40773,16872,771456,15,15,3,9,
40774,5382,771456,3,4,4,9,
40775,25604,771456,33,33,3,9,
40776,17363,771456,23,23,3,7,
40777,5464,771456,3,4,4,8,
40778,21919,771456,3,4,4,8,
40779,7076,771456,3,4,4,8,
40780,4552,771456,3,4,4,7,
40781,19513,771456,29,29,3,9,
40782,1954,771456,3,4,4,7,
40783,26171,771456,33,33,3,8,
40784,10370,771456,17,17,3,9,
40785,6763,771456,3,4,4,8,
40786,23596,771456,27,27,3,8,
40787,25533,771456,3,4,4,9,
40788,4114,771456,3,4,4,8,
40789,17632,771456,27,27,3,7,
40790,17604,771456,3,4,4,8,
40791,11482,771456,15,15,3,9,
40792,30166,771456,17,17,3,8,
40793,13981,771456,13,13,3,8,
40794,15867,771456,3,4,4,9,
40795,22462,771456,25,25,3,9,
40796,16099,771456,27,27,3,9,
40797,3001,771456,3,4,4,7,
40798,15436,771456,25,25,3,8,
40799,1458,771456,3,4,4,8,
40800,15824,771456,29,29,3,8,
40801,12230,771456,19,19,3,8,
40802,24696,771456,15,15,3,8,
40803,2729,771456,3,4,4,8,
40804,21515,771456,29,29,3,9,
40805,1761,771456,3,4,4,9,
40806,2529,771456,3,4,4,9,
40807,10719,771456,19,19,3,9,
40808,10737,771456,3,4,4,9,
40809,2793,771456,3,4,4,9,
40810,2653,771456,3,4,4,8,
40811,12406,771456,3,4,4,8,
40812,2783,771456,3,4,4,8,
40813,29617,771456,33,33,3,8,
40814,3377,771456,3,4,4,8,
40815,12166,771456,19,19,3,8,
40816,12056,771456,21,21,3,8,
40817,20929,771456,29,29,3,9,
40818,1723,771456,3,4,4,8,
40819,24002,771456,33,33,3,9,
40820,15509,771456,19,19,3,9,
40821,15611,771456,3,4,4,9,
40822,8854,771456,17,17,3,9,
40823,22694,771456,31,31,3,8,
40824,2916,771456,3,4,4,9,
40825,16156,771456,27,27,3,8,
40826,2422,771456,3,4,4,9,
40827,21533,771456,29,29,3,9,
40828,15099,771456,25,25,3,8,
40829,51484,771456,33,33,3,8,
40830,1645,771456,3,4,4,9,
40831,11791,771456,19,19,3,8,
40832,17617,771456,25,25,3,8,
40833,4764,771456,3,4,4,8,
40834,11315,771456,15,15,3,7,
40835,12946,771456,3,4,4,7,
40836,1882,771456,3,4,4,9,
40837,1644,771456,3,4,4,9,
40838,1883,771456,3,4,4,9,
40839,5892,771456,3,4,4,8,
40840,9137,771456,13,13,3,9,
40841,10775,771456,19,19,3,8,
40842,14969,771456,25,25,3,8,
40843,15658,771456,21,21,3,9,
40844,2277,771456,3,4,4,9,
40845,2839,771456,3,4,4,8,
40846,26298,771456,17,17,3,8,
40847,36002,771456,25,25,3,8,
40848,44312,771456,25,25,3,9,
40849,3893,771456,3,4,4,8,
40850,27750,771456,3,4,4,8,
40851,30780,771456,21,21,3,9,
40852,29403,771456,21,21,3,9,
40853,37034,771456,31,31,3,9,
40854,28427,771456,21,21,3,8,
40855,26113,771456,33,33,3,8,
40856,17396,771456,27,27,3,9,
40857,21790,771456,15,15,3,8,
40858,8524,771456,3,4,4,9,
40859,14083,771456,33,33,3,9,
40860,15420,771456,27,27,3,8,
40861,12279,771456,3,4,4,9,
40862,9338,771456,13,13,3,8,
40863,9379,771456,3,4,4,8,
40864,11587,771456,23,23,3,9,
40865,1733,771456,3,4,4,9,
40866,7706,771456,3,4,4,8,
40867,1973,771456,3,4,4,8,
40868,2327,771456,3,4,4,8,
40869,2385,771456,3,4,4,7,
40870,2950,771456,3,4,4,8,
40871,2934,771456,3,4,4,8,
40872,2442,771456,3,4,4,8,
40873,2352,771456,3,4,4,6,
40874,18758,771456,29,29,3,8,
40875,12662,771456,19,19,3,8,
40876,11564,771456,19,19,3,9,
40877,16394,771456,25,25,3,8,
40878,11741,771456,21,21,3,8,
40879,11500,771456,3,4,4,7,
40880,16889,771456,29,29,3,7,
40881,17345,771456,31,31,3,8,
40882,17332,771456,3,4,4,8,
40883,15958,771456,3,4,4,8,
40884,1989,771456,3,4,4,8,
40885,5498,771456,3,4,4,8,
40886,18219,771456,33,33,3,8,
40887,1285,771456,3,4,4,8,
40888,1694,771456,3,4,4,8,
40889,10234,771456,17,17,3,9,
40890,1580,771456,3,4,4,8,
40891,19150,771456,21,21,3,9,
40892,3283,771456,3,4,4,8,
40893,7928,771456,15,15,3,8,
40894,6079,771456,13,13,3,8,
40895,6698,771456,3,4,4,8,
40896,12446,771456,15,15,3,8,
40897,12224,771456,23,23,3,8,
40898,18676,771456,31,31,3,9,
40899,19241,771456,3,4,4,8,
40900,2312,771456,3,4,4,9,
40901,11497,771456,3,4,4,8,
40902,3145,771456,3,4,4,9,
40903,15279,771456,25,25,3,9,
40904,9488,771456,17,17,3,8,
40905,13811,771456,27,27,3,8,
40906,8496,771456,15,15,3,9,
40907,8487,771456,3,4,4,8,
40908,10371,771456,3,4,4,8,
40909,9773,771456,25,25,3,8,
40910,9776,771456,3,4,4,8,
40911,6509,771456,3,4,4,8,
40912,3359,771456,3,4,4,8,
40913,5548,771456,13,13,3,8,
40914,6586,771456,3,4,4,8,
40915,2904,771456,3,4,4,9,
40916,1939,771456,3,4,4,8,
40917,2388,771456,3,4,4,8,
40918,24288,771456,25,25,3,8,
40919,16994,771456,21,21,3,9,
40920,25075,771456,33,33,3,7,
40921,24188,771456,3,4,4,8,
40922,18947,771456,21,21,3,9,
40923,26224,771456,3,4,4,8,
40924,10207,771456,31,31,3,8,
40925,1864,771456,3,4,4,9,
40926,21852,771456,29,29,3,7,
40927,4494,771456,13,13,3,9,
40928,23019,771456,3,4,4,8,
40929,14126,771456,19,19,3,8,
40930,19837,771456,21,21,3,9,
40931,13010,771456,17,17,3,9,
40932,8037,771456,13,13,3,8,
40933,2585,771456,3,4,4,8,
40934,13682,771456,17,17,3,7,
40935,12823,771456,21,21,3,6,
40936,3046,771456,3,4,4,8,
40937,11807,771456,13,13,3,9,
40938,29383,771456,27,27,3,9,
40939,20686,771456,29,29,3,8,
40940,8042,771456,15,15,3,8,
40941,9432,771456,15,15,3,7,
40942,21200,771456,3,4,4,8,
40943,14906,771456,25,25,3,9,
40944,10307,771456,21,21,3,8,
40945,3068,771456,3,4,4,9,
40946,15731,771456,27,27,3,7,
40947,8054,771456,3,4,4,8,
40948,13537,771456,25,25,3,8,
40949,12350,771456,22,23,3,8,
40950,15239,771456,3,4,4,9,
40951,2205,771456,3,4,4,9,
40952,11172,771456,19,19,3,8,
40953,17580,771456,31,31,3,9,
40954,10911,771456,3,4,4,8,
40955,12876,771456,17,17,3,9,
40956,11036,771456,17,17,3,8,
40957,14591,771456,25,25,3,9,
40958,14345,771456,3,4,4,9,
40959,2170,771456,3,4,4,8,
40960,13485,771456,27,27,3,8,
40961,13855,771456,3,4,4,7,
40962,9817,771456,3,4,4,8,
40963,1501,771456,3,4,4,8,
40964,9045,771456,15,15,3,8,
40965,8945,771456,3,4,4,8,
40966,17400,771456,29,29,3,8,
40967,10372,771456,19,19,3,8,
40968,3062,771456,3,4,4,9,
40969,2263,771456,3,4,4,8,
40970,2808,771456,3,4,4,8,
40971,2203,771456,3,4,4,8,
40972,7296,771456,13,13,3,8,
40973,1680,771456,3,4,4,7,
40974,2055,771456,3,4,4,6,
40975,20925,771456,23,23,3,8,
40976,14299,771456,19,19,3,8,
40977,6083,771456,3,4,4,7,
40978,2324,771456,3,4,4,7,
40979,9215,771456,19,19,3,8,
40980,20384,771456,3,4,4,8,
40981,13739,771456,23,23,3,8,
40982,8178,771456,3,4,4,8,
40983,9475,771456,19,19,3,8,
40984,1489,771456,3,4,4,9,
40985,1632,771456,3,4,4,8,
40986,8486,771456,13,13,3,8,
40987,8748,771456,3,4,4,8,
40988,1876,771456,3,4,4,9,
40989,3458,771456,3,4,4,8,
40990,14982,771456,27,27,3,9,
40991,6997,771456,15,15,3,9,
40992,2822,771456,3,4,4,8,
40993,14809,771456,29,29,3,9,
40994,15215,771456,3,4,4,9,
40995,7958,771456,17,17,3,8,
40996,20278,771456,25,25,3,9,
40997,7918,771456,3,4,4,9,
40998,19744,771456,3,4,4,8,
40999,22939,771456,25,25,3,9,
41000,10514,771456,13,13,3,9,
41001,9062,771456,3,4,4,9,
41002,1644,771456,3,4,4,8,
41003,18679,771456,29,29,3,8,
41004,13439,771456,19,19,3,8,
41005,21080,771456,3,4,4,9,
41006,21165,771456,19,19,3,8,
41007,7468,771456,13,13,3,9,
41008,2491,771456,3,4,4,9,
41009,2710,771456,3,4,4,9,
41010,18123,771456,25,25,3,8,
41011,19040,771456,3,4,4,9,
41012,12641,771456,17,17,3,8,
41013,14920,771456,15,15,3,8,
41014,11924,771456,15,15,3,8,
41015,2783,771456,3,4,4,8,
41016,3161,771456,3,4,4,8,
41017,16353,771456,25,25,3,8,
41018,21986,771456,23,23,3,8,
41019,16078,771456,3,4,4,9,
41020,21814,771456,3,4,4,8,
41021,14826,771456,23,23,3,8,
41022,8973,771456,17,17,3,8,
41023,15770,771456,3,4,4,9,
41024,30118,771456,33,33,3,8,
41025,6532,771456,3,4,4,8,
41026,18017,771456,25,25,3,9,
41027,24494,771456,31,31,3,8,
41028,24233,771456,29,29,3,8,
41029,11634,771456,17,17,3,8,
41030,10857,771456,3,4,4,7,
41031,2522,771456,3,4,4,8,
41032,2377,771456,3,4,4,8,
41033,4578,771456,3,4,4,8,
41034,4586,771456,3,4,4,7,
41035,26791,771456,15,15,3,9,
41036,31856,771456,31,31,3,9,
41037,21660,771456,23,23,3,7,
41038,8189,771456,13,13,3,7,
41039,47623,771456,33,33,3,7,
41040,10415,771456,17,17,3,7,
41041,8996,771456,3,4,4,9,
41042,2286,771456,3,4,4,7,
41043,23973,771456,29,29,3,8,
41044,2302,771456,3,4,4,8,
41045,20918,771456,19,19,3,8,
41046,8892,771456,15,15,3,8,
41047,20395,771456,3,4,4,7,
41048,1128,771456,3,4,4,8,
41049,24065,771456,25,25,3,8,
41050,23334,771456,3,4,4,8,
41051,14912,771456,19,19,3,8,
41052,21330,771456,29,29,3,9,
41053,15115,771456,3,4,4,8,
41054,18225,771456,3,4,4,9,
41055,3178,771457,3,4,4,9,
41056,14012,771457,19,19,3,8,
41057,10944,771457,3,4,4,9,
41058,14789,771457,23,23,3,8,
41059,1924,771457,3,4,4,8,
41060,22595,771457,33,33,3,8,
41061,1723,771457,3,4,4,8,
41062,23766,771457,3,4,4,8,
41063,2485,771457,3,4,4,9,
41064,2615,771457,3,4,4,8,
41065,14777,771457,17,17,3,8,
41066,2289,771457,3,4,4,8,
41067,15511,771457,21,21,3,9,
41068,12305,771457,19,19,3,9,
41069,24345,771457,25,25,3,9,
41070,5307,771457,3,4,4,8,
41071,1641,771457,3,4,4,9,
41072,1953,771457,3,4,4,9,
41073,11979,771457,19,19,3,9,
41074,4684,771457,13,13,3,8,
41075,12700,771457,17,17,3,9,
41076,12356,771457,3,4,4,8,
41077,15238,771457,25,25,3,9,
41078,12943,771457,17,17,3,9,
41079,3238,771457,3,4,4,8,
41080,2961,771457,3,4,4,8,
41081,2958,771457,3,4,4,8,
41082,3730,771457,3,4,4,9,
41083,13267,771457,19,19,3,8,
41084,2743,771457,3,4,4,8,
41085,25528,771457,33,33,3,8,
41086,3633,771457,3,4,4,8,
41087,12130,771457,15,15,3,9,
41088,11238,771457,21,21,3,7,
41089,11549,771457,3,4,4,8,
41090,9096,771457,17,17,3,8,
41091,9236,771457,3,4,4,8,
41092,1216,771457,3,4,4,8,
41093,2607,771457,3,4,4,9,
41094,6822,771457,3,4,4,8,
41095,2049,771457,3,4,4,9,
41096,25571,771457,31,31,3,9,
41097,20382,771457,25,25,3,8,
41098,26773,771457,33,33,3,7,
41099,12814,771457,19,19,3,9,
41100,20848,771457,25,25,3,8,
41101,19913,771457,29,29,3,8,
41102,9596,771457,15,15,3,8,
41103,15432,771457,23,23,3,8,
41104,25481,771457,3,4,4,8,
41105,11447,771457,19,19,3,8,
41106,9482,771457,3,4,4,9,
41107,9088,771457,19,19,3,8,
41108,6715,771457,13,13,3,8,
41109,4235,771457,3,4,4,8,
41110,2080,771457,3,4,4,8,
41111,5963,771457,3,4,4,8,
41112,3042,771457,3,4,4,7,
41113,12906,771457,23,23,3,8,
41114,1857,771457,3,4,4,9,
41115,13189,771457,3,4,4,8,
41116,7407,771457,13,13,3,8,
41117,2928,771457,3,4,4,9,
41118,14875,771457,33,33,3,8,
41119,12283,771457,25,25,3,8,
41120,2256,771457,3,4,4,8,
41121,2770,771457,3,4,4,8,
41122,2642,771457,3,4,4,8,
41123,9443,771457,17,17,3,8,
41124,2827,771457,3,4,4,8,
41125,2267,771457,3,4,4,8,
41126,2905,771457,3,4,4,9,
41127,7644,771457,15,15,3,8,
41128,1875,771457,3,4,4,9,
41129,10257,771457,3,4,4,8,
41130,7863,771457,3,4,4,9,
41131,1410,771457,3,4,4,9,
41132,13373,771457,25,25,3,8,
41133,13270,771457,3,4,4,8,
41134,10916,771457,17,17,3,8,
41135,11085,771457,3,4,4,8,
41136,1723,771457,3,4,4,9,
41137,1858,771457,3,4,4,8,
41138,16633,771457,33,33,3,9,
41139,16228,771457,23,23,3,8,
41140,14710,771457,25,25,3,8,
41141,2913,771457,3,4,4,8,
41142,32057,771457,31,31,3,8,
41143,3015,771457,3,4,4,9,
41144,2917,771457,3,4,4,8,
41145,14502,771457,23,23,3,9,
41146,17457,771457,17,17,3,8,
41147,17394,771457,17,17,3,8,
41148,14073,771457,3,4,4,8,
41149,17140,771457,21,21,3,8,
41150,12932,771457,23,23,3,9,
41151,17199,771457,29,29,3,9,
41152,17524,771457,3,4,4,8,
41153,18351,771457,3,4,4,9,
41154,1806,771457,3,4,4,9,
41155,4141,771457,3,4,4,8,
41156,6544,771457,13,13,3,9,
41157,6403,771457,3,4,4,9,
41158,2718,771457,3,4,4,8,
41159,12996,771457,33,33,3,8,
41160,5844,771457,13,13,3,8,
41161,9990,771457,21,21,3,8,
41162,9526,771457,3,4,4,9,
41163,1904,771457,3,4,4,9,
41164,12580,771457,23,23,3,8,
41165,12665,771457,3,4,4,8,
41166,7670,771457,3,4,4,8,
41167,2205,771457,3,4,4,8,
41168,2748,771457,3,4,4,9,
41169,2428,771457,3,4,4,8,
41170,2167,771457,3,4,4,8,
41171,12697,771457,21,21,3,9,
41172,1483,771457,3,4,4,8,
41173,12631,771457,3,4,4,8,
41174,20224,771457,33,33,3,8,
41175,2170,771457,3,4,4,8,
41176,21338,771457,25,25,3,6,
41177,3223,771457,3,4,4,8,
41178,18734,771457,31,31,3,9,
41179,19646,771457,3,4,4,7,
41180,3090,771457,3,4,4,8,
41181,2083,771457,3,4,4,8,
41182,10093,771457,13,13,3,8,
41183,14408,771457,23,23,3,8,
41184,10716,771457,13,13,3,8,
41185,13089,771457,29,29,3,8,
41186,10981,771457,19,19,3,7,
41187,6243,771457,13,13,3,9,
41188,4774,771457,3,4,4,8,
41189,3582,771457,3,4,4,6,
41190,4120,771457,3,4,4,9,
41191,3821,771457,3,4,4,8,
41192,18144,771457,25,25,3,7,
41193,12977,771457,27,27,3,8,
41194,2921,771457,3,4,4,8,
41195,26023,771457,31,31,3,7,
41196,20953,771457,3,4,4,7,
41197,15402,771457,31,31,3,7,
41198,8294,771457,19,19,3,8,
41199,14780,771457,3,4,4,9,
41200,16937,771457,3,4,4,8,
41201,8273,771457,19,19,3,8,
41202,24535,771457,3,4,4,8,
41203,1292,771457,3,4,4,8,
41204,30796,771457,31,31,3,8,
41205,24974,771457,31,31,3,8,
41206,5175,771457,3,4,4,9,
41207,19972,771457,29,29,3,8,
41208,14622,771457,13,13,3,8,
41209,19876,771457,27,27,3,8,
41210,14976,771457,23,23,3,8,
41211,38103,771457,33,33,3,8,
41212,19770,771457,29,29,3,9,
41213,968,771457,3,4,4,8,
41214,2067,771457,3,4,4,9,
41215,2043,771457,3,4,4,9,
41216,20015,771457,29,29,3,9,
41217,20056,771457,3,4,4,9,
41218,7515,771457,13,13,3,9,
41219,2243,771457,3,4,4,7,
41220,7190,771457,13,13,3,7,
41221,8071,771457,13,13,3,7,
41222,6028,771457,3,4,4,8,
41223,6278,771457,3,4,4,9,
41224,18327,771457,3,4,4,8,
41225,4580,771457,3,4,4,8,
41226,19399,771457,23,23,3,9,
41227,33005,771457,33,33,3,8,
41228,10436,771457,21,21,3,9,
41229,22026,771457,27,27,3,8,
41230,10300,771457,17,17,3,9,
41231,10178,771457,3,4,4,9,
41232,2206,771457,3,4,4,9,
41233,2888,771457,3,4,4,9,
41234,18659,771457,29,29,3,9,
41235,18310,771457,31,31,3,8,
41236,14323,771457,27,27,3,9,
41237,1862,771457,3,4,4,9,
41238,17674,771457,25,25,3,8,
41239,18191,771457,31,31,3,9,
41240,17290,771457,3,4,4,7,
41241,15826,771457,27,27,3,9,
41242,15594,771457,3,4,4,9,
41243,18936,771457,31,31,3,9,
41244,20499,771457,31,31,3,9,
41245,11952,771457,21,21,3,8,
41246,12272,771457,3,4,4,9,
41247,2953,771457,3,4,4,8,
41248,14298,771457,21,21,3,8,
41249,9680,771457,19,19,3,7,
41250,10605,771457,21,21,3,7,
41251,2882,771457,3,4,4,9,
41252,18377,771457,25,25,3,8,
41253,9006,771457,3,4,4,8,
41254,17501,771457,3,4,4,9,
41255,1714,771457,3,4,4,8,
41256,2297,771457,3,4,4,8,
41257,3659,771457,3,4,4,8,
41258,4918,771457,13,13,3,8,
41259,13916,771457,25,25,3,8,
41260,17676,771457,27,27,3,8,
41261,3393,771457,3,4,4,8,
41262,14093,771457,3,4,4,9,
41263,16911,771457,3,4,4,8,
41264,11386,771457,25,25,3,8,
41265,1797,771457,3,4,4,8,
41266,11564,771457,3,4,4,8,
41267,16102,771457,33,33,3,9,
41268,7798,771457,17,17,3,8,
41269,13507,771457,29,29,3,8,
41270,13838,771457,3,4,4,8,
41271,24905,771457,29,29,3,8,
41272,2161,771457,3,4,4,8,
41273,7699,771457,3,4,4,9,
41274,24476,771457,3,4,4,8,
41275,17518,771457,25,25,3,8,
41276,17215,771457,3,4,4,8,
41277,12452,771457,17,17,3,8,
41278,16766,771457,23,23,3,8,
41279,2724,771457,3,4,4,8,
41280,2060,771457,3,4,4,8,
41281,1951,771457,3,4,4,8,
41282,3522,771457,3,4,4,7,
41283,1513,771457,3,4,4,8,
41284,2682,771457,3,4,4,8,
41285,1329,771457,3,4,4,7,
41286,2168,771457,3,4,4,8,
41287,2370,771457,3,4,4,8,
41288,2345,771457,3,4,4,8,
41289,15448,771457,29,29,3,8,
41290,7467,771457,3,4,4,8,
41291,16176,771457,3,4,4,8,
41292,8700,771457,21,21,3,8,
41293,8188,771457,3,4,4,8,
41294,1739,771457,3,4,4,9,
41295,1119,771457,3,4,4,9,
41296,1808,771457,3,4,4,9,
41297,51938,771457,29,29,3,8,
41298,2861,771457,3,4,4,9,
41299,8200,771457,19,19,3,8,
41300,2637,771457,3,4,4,8,
41301,45085,771457,33,33,3,9,
41302,2531,771457,3,4,4,8,
41303,49720,771457,33,33,3,8,
41304,11134,771457,17,17,3,9,
41305,1982,771457,3,4,4,8,
41306,10899,771457,3,4,4,8,
41307,1821,771457,3,4,4,9,
41308,1852,771457,3,4,4,8,
41309,54119,771457,31,31,3,9,
41310,46525,771457,29,29,3,7,
41311,43919,771457,19,19,3,8,
41312,44392,771457,27,27,3,9,
41313,46109,771457,3,4,4,9,
41314,32456,771457,15,15,3,8,
41315,42035,771457,23,23,3,9,
41316,4358,771457,3,4,4,8,
41317,13020,771457,23,23,3,7,
41318,2594,771457,3,4,4,8,
41319,9648,771457,17,17,3,8,
41320,11916,771457,19,19,3,8,
41321,8348,771457,3,4,4,8,
41322,12185,771457,3,4,4,7,
41323,8269,771457,3,4,4,7,
41324,13095,771457,23,23,3,9,
41325,7525,771457,15,15,3,7,
41326,5771,771457,3,4,4,7,
41327,2424,771457,3,4,4,8,
41328,3323,771457,3,4,4,8,
41329,11606,771457,15,15,3,7,
41330,1038,771457,3,4,4,7,
41331,18794,771457,19,19,3,7,
41332,23936,771457,31,31,3,8,
41333,14796,771457,17,17,3,8,
41334,19899,771457,33,33,3,8,
41335,3805,771457,3,4,4,8,
41336,20565,771457,31,31,3,8,
41337,16298,771457,19,19,3,8,
41338,22392,771457,29,29,3,8,
41339,18485,771457,25,25,3,8,
41340,12421,771457,21,21,3,9,
41341,10145,771457,3,4,4,9,
41342,12308,771457,25,25,3,9,
41343,23008,771457,27,27,3,8,
41344,21311,771457,27,27,3,8,
41345,6466,771457,3,4,4,8,
41346,2318,771457,3,4,4,9,
41347,1880,771457,3,4,4,8,
41348,16844,771457,31,31,3,8,
41349,15275,771457,33,33,3,8,
41350,1516,771457,3,4,4,8,
41351,11648,771457,21,21,3,8,
41352,1617,771457,3,4,4,8,
41353,2670,771457,3,4,4,8,
41354,16407,771457,3,4,4,8,
41355,11064,771457,3,4,4,8,
41356,3295,771457,3,4,4,9,
41357,12757,771457,3,4,4,8,
41358,11170,771457,21,21,3,8,
41359,11141,771457,3,4,4,8,
41360,2587,771457,3,4,4,9,
41361,2691,771457,3,4,4,8,
41362,14976,771457,25,25,3,8,
41363,13776,771457,25,25,3,8,
41364,2667,771457,3,4,4,8,
41365,13729,771457,3,4,4,8,
41366,14393,771457,3,4,4,7,
41367,7440,771457,15,15,3,9,
41368,5353,771457,13,13,3,8,
41369,11102,771457,25,25,3,8,
41370,7978,771457,3,4,4,9,
41371,11949,771457,3,4,4,8,
41372,4555,771457,3,4,4,8,
41373,25552,771457,33,33,3,9,
41374,2022,771457,3,4,4,8,
41375,8846,771457,15,15,3,8,
41376,24284,771457,29,29,3,8,
41377,10741,771457,21,21,3,9,
41378,2810,771457,3,4,4,8,
41379,2379,771457,3,4,4,8,
41380,16831,771457,29,29,3,8,
41381,1675,771457,3,4,4,8,
41382,10656,771457,13,13,3,8,
41383,1864,771457,3,4,4,7,
41384,6798,771457,13,13,3,8,
41385,13410,771457,25,25,3,9,
41386,6638,771457,3,4,4,8,
41387,22076,771457,31,31,3,8,
41388,15888,771457,3,4,4,9,
41389,13097,771457,3,4,4,9,
41390,1109,771457,3,4,4,8,
41391,17105,771457,29,29,3,8,
41392,18020,771457,3,4,4,9,
41393,4853,771457,3,4,4,9,
41394,10905,771457,3,4,4,8,
41395,2230,771457,3,4,4,8,
41396,9947,771457,25,25,3,8,
41397,2608,771457,3,4,4,8,
41398,10005,771457,3,4,4,8,
41399,16834,771457,23,23,3,8,
41400,7742,771457,15,15,3,8,
41401,10842,771457,21,21,3,8,
41402,16622,771457,3,4,4,9,
41403,23369,771457,27,27,3,9,
41404,17122,771457,21,21,3,7,
41405,7370,771457,13,13,3,8,
41406,2258,771457,3,4,4,8,
41407,26938,771457,31,31,3,9,
41408,21284,771457,33,33,3,8,
41409,17440,771457,27,27,3,9,
41410,19591,771457,31,31,3,8,
41411,18235,771457,31,31,3,8,
41412,16029,771457,17,17,3,8,
41413,2589,771457,3,4,4,9,
41414,2274,771457,3,4,4,9,
41415,13905,771457,25,25,3,9,
41416,13964,771457,3,4,4,8,
41417,5894,771457,3,4,4,8,
41418,10035,771457,19,19,3,9,
41419,3292,771457,3,4,4,8,
41420,20379,771457,27,27,3,8,
41421,17671,771457,31,31,3,8,
41422,4580,771457,3,4,4,8,
41423,9061,771457,13,13,3,8,
41424,19548,771457,3,4,4,9,
41425,15331,771457,27,27,3,8,
41426,8637,771457,13,13,3,9,
41427,2345,771457,3,4,4,8,
41428,8660,771457,3,4,4,9,
41429,15379,771457,23,23,3,8,
41430,11335,771457,17,17,3,8,
41431,15194,771457,23,23,3,8,
41432,15646,771457,13,13,3,9,
41433,18197,771457,25,25,3,9,
41434,14040,771457,15,15,3,8,
41435,9868,771457,15,15,3,7,
41436,9625,771457,17,17,3,8,
41437,8006,771457,13,13,3,8,
41438,2171,771457,3,4,4,9,
41439,14848,771457,21,21,3,8,
41440,21134,771457,27,27,3,9,
41441,13821,771457,3,4,4,8,
41442,12627,771457,23,23,3,8,
41443,7323,771457,15,15,3,8,
41444,7864,771457,3,4,4,9,
41445,11205,771457,19,19,3,8,
41446,12339,771457,3,4,4,8,
41447,3383,771457,3,4,4,9,
41448,14514,771457,25,25,3,9,
41449,15246,771457,3,4,4,8,
41450,1686,771457,3,4,4,8,
41451,2197,771457,3,4,4,8,
41452,8675,771457,13,13,3,7,
41453,8542,771457,13,13,3,8,
41454,7723,771457,3,4,4,9,
41455,10291,771457,19,19,3,8,
41456,8612,771457,3,4,4,8,
41457,17231,771457,21,21,3,9,
41458,18936,771457,23,23,3,8,
41459,9034,771457,13,13,3,9,
41460,8038,771457,3,4,4,8,
41461,2580,771457,3,4,4,7,
41462,21112,771457,29,29,3,8,
41463,1963,771457,3,4,4,8,
41464,2755,771457,3,4,4,9,
41465,8159,771457,13,13,3,8,
41466,13054,771457,15,15,3,8,
41467,19317,771457,33,33,3,8,
41468,13047,771457,3,4,4,9,
41469,8895,771457,19,19,3,9,
41470,15646,771457,19,19,3,9,
41471,19898,771457,25,25,3,8,
41472,11876,771457,21,21,3,9,
41473,3302,771457,3,4,4,9,
41474,9931,771457,3,4,4,8,
41475,2794,771457,3,4,4,9,
41476,3542,771457,3,4,4,8,
41477,1194,771457,3,4,4,8,
41478,1778,771457,3,4,4,9,
41479,2074,771457,3,4,4,8,
41480,9977,771457,15,15,3,9,
41481,10275,771457,3,4,4,8,
41482,14419,771457,25,25,3,8,
41483,14576,771457,27,27,3,8,
41484,4473,771457,3,4,4,8,
41485,6466,771457,3,4,4,8,
41486,2077,771457,3,4,4,8,
41487,3737,771457,3,4,4,8,
41488,1499,771457,3,4,4,8,
41489,13582,771457,23,23,3,8,
41490,15323,771457,25,25,3,9,
41491,13005,771457,3,4,4,7,
41492,15234,771457,3,4,4,8,
41493,1893,771457,3,4,4,8,
41494,2154,771457,3,4,4,9,
41495,11581,771457,25,25,3,7,
41496,19588,771457,29,29,3,8,
41497,12592,771457,3,4,4,9,
41498,8833,771457,13,13,3,8,
41499,950,771457,3,4,4,8,
41500,19005,771457,27,27,3,9,
41501,18996,771457,29,29,3,9,
41502,10181,771457,13,13,3,7,
41503,18420,771457,23,23,3,8,
41504,26875,771457,27,27,3,9,
41505,28328,771457,33,33,3,8,
41506,16248,771457,25,25,3,9,
41507,16613,771457,3,4,4,8,
41508,13589,771457,17,17,3,9,
41509,1274,771457,3,4,4,8,
41510,8843,771457,15,15,3,8,
41511,8081,771457,3,4,4,8,
41512,2361,771457,3,4,4,9,
41513,17100,771457,23,23,3,8,
41514,14037,771457,3,4,4,8,
41515,20894,771457,29,29,3,8,
41516,1950,771457,3,4,4,8,
41517,8757,771457,15,15,3,9,
41518,9141,771457,13,13,3,8,
41519,1433,771457,3,4,4,8,
41520,21784,771457,29,29,3,8,
41521,19707,771457,25,25,3,9,
41522,30218,771457,25,25,3,8,
41523,991,771457,3,4,4,9,
41524,2521,771457,3,4,4,9,
41525,12471,771457,15,15,3,8,
41526,13259,771457,23,23,3,8,
41527,3013,771457,3,4,4,9,
41528,11212,771457,3,4,4,8,
41529,2634,771457,3,4,4,9,
41530,14760,771457,21,21,3,8,
41531,5993,771457,3,4,4,8,
41532,6553,771457,17,17,3,8,
41533,1481,771457,3,4,4,8,
41534,3223,771457,3,4,4,8,
41535,23993,771457,19,19,3,8,
41536,13353,771457,17,17,3,9,
41537,2546,771457,3,4,4,8,
41538,7189,771457,3,4,4,9,
41539,1146,771457,3,4,4,8,
41540,8594,771457,15,15,3,8,
41541,2772,771457,3,4,4,8,
41542,20116,771457,31,31,3,9,
41543,22391,771457,23,23,3,8,
41544,1935,771457,3,4,4,9,
41545,17764,771457,27,27,3,8,
41546,18771,771457,3,4,4,9,
41547,18160,771457,33,33,3,8,
41548,10988,771457,21,21,3,9,
41549,15773,771457,3,4,4,8,
41550,11211,771457,21,21,3,8,
41551,9401,771457,3,4,4,8,
41552,6290,771457,3,4,4,9,
41553,16793,771457,33,33,3,8,
41554,14204,771457,27,27,3,8,
41555,2393,771457,3,4,4,7,
41556,16873,771457,3,4,4,7,
41557,14224,771457,3,4,4,8,
41558,5780,771457,13,13,3,8,
41559,8326,771457,17,17,3,8,
41560,2643,771457,3,4,4,8,
41561,18293,771457,31,31,3,9,
41562,8128,771457,3,4,4,8,
41563,10795,771457,13,13,3,9,
41564,11354,771457,3,4,4,8,
41565,12135,771457,27,27,3,8,
41566,17090,771457,31,31,3,9,
41567,7701,771457,17,17,3,9,
41568,2037,771457,3,4,4,8,
41569,4179,771457,3,4,4,7,
41570,3032,771457,3,4,4,8,
41571,2290,771457,3,4,4,9,
41572,16218,771457,27,27,3,8,
41573,13824,771457,15,15,3,8,
41574,12352,771457,21,21,3,8,
41575,11592,771457,3,4,4,8,
41576,15213,771457,3,4,4,8,
41577,13162,771457,21,21,3,9,
41578,9019,771457,3,4,4,8,
41579,19490,771457,31,32,3,9,
41580,14083,771457,29,29,3,9,
41581,11934,771457,17,17,3,8,
41582,12742,771457,3,4,4,8,
41583,13750,771457,23,23,3,8,
41584,15468,771457,3,4,4,8,
41585,7009,771457,15,15,3,9,
41586,7601,771457,3,4,4,9,
41587,2761,771457,3,4,4,9,
41588,8538,771457,17,17,3,8,
41589,13267,771457,29,29,3,9,
41590,8003,771457,3,4,4,7,
41591,2656,771457,3,4,4,9,
41592,10097,771457,3,4,4,8,
41593,2176,771457,3,4,4,8,
41594,20750,771457,29,29,3,9,
41595,2107,771457,3,4,4,7,
41596,19998,771457,3,4,4,7,
41597,2436,771457,3,4,4,8,
41598,1959,771457,3,4,4,7,
41599,6339,771457,15,15,3,8,
41600,10437,771457,19,19,3,8,
41601,1723,771457,3,4,4,8,
41602,12640,771457,25,25,3,8,
41603,5429,771457,3,4,4,8,
41604,8858,771457,19,19,3,8,
41605,13155,771457,3,4,4,8,
41606,13220,771457,23,23,3,8,
41607,14055,771457,3,4,4,9,
41608,2300,771457,3,4,4,9,
41609,2035,771457,3,4,4,9,
41610,2018,771457,3,4,4,8,
41611,8283,771457,13,13,3,9,
41612,1159,771457,3,4,4,9,
41613,2099,771457,3,4,4,8,
41614,12140,771457,23,24,3,8,
41615,2956,771457,3,4,4,9,
41616,3459,771457,3,4,4,8,
41617,10663,771457,15,15,3,9,
41618,19278,771457,31,31,3,8,
41619,10407,771457,3,4,4,9,
41620,1555,771457,3,4,4,8,
41621,18930,771457,3,4,4,8,
41622,2320,771457,3,4,4,8,
41623,12689,771457,21,21,3,8,
41624,12147,771457,17,17,3,8,
41625,16453,771457,23,23,3,8,
41626,24088,771457,33,33,3,9,
41627,34870,771457,27,27,3,8,
41628,7872,771457,3,4,4,9,
41629,17572,771457,29,29,3,9,
41630,7318,771457,19,19,3,8,
41631,2027,771457,3,4,4,8,
41632,6092,771457,3,4,4,9,
41633,22668,771457,31,31,3,8,
41634,5831,771457,15,15,3,8,
41635,19624,771457,31,31,3,8,
41636,10220,771457,13,13,3,8,
41637,14562,771457,15,15,3,9,
41638,10709,771457,3,4,4,9,
41639,12940,771457,23,23,3,9,
41640,20809,771457,33,33,3,9,
41641,11743,771457,3,4,4,8,
41642,13179,771457,3,4,4,9,
41643,19924,771457,33,33,3,8,
41644,24312,771457,31,31,3,9,
41645,2878,771457,3,4,4,9,
41646,17343,771457,23,23,3,8,
41647,8522,771457,15,15,3,8,
41648,10709,771457,17,17,3,9,
41649,11041,771457,3,4,4,8,
41650,7055,771457,3,4,4,8,
41651,2200,771457,3,4,4,9,
41652,2302,771457,3,4,4,9,
41653,12775,771457,23,23,3,8,
41654,10985,771457,19,20,3,8,
41655,14041,771457,23,23,3,9,
41656,10418,771457,17,17,3,8,
41657,13073,771457,3,4,4,9,
41658,1982,771457,3,4,4,8,
41659,6726,771457,3,4,4,8,
41660,2050,771457,3,4,4,9,
41661,2588,771457,3,4,4,9,
41662,3118,771457,3,4,4,8,
41663,4580,771457,3,4,4,9,
41664,11216,771457,17,17,3,8,
41665,8030,771457,13,13,3,8,
41666,9728,771457,3,4,4,9,
41667,11321,771457,23,23,3,8,
41668,9031,771457,23,23,3,7,
41669,12030,771457,3,4,4,8,
41670,7911,771457,17,17,3,9,
41671,8839,771457,3,4,4,8,
41672,1853,771457,3,4,4,9,
41673,6335,771457,13,13,3,8,
41674,20238,771457,19,19,3,9,
41675,2821,771457,3,4,4,8,
41676,2634,771457,3,4,4,8,
41677,19087,771457,19,19,3,8,
41678,12503,771457,17,17,3,7,
41679,18389,771457,19,19,3,8,
41680,12955,771457,15,15,3,8,
41681,16120,771457,17,17,3,8,
41682,2986,771457,3,4,4,8,
41683,20167,771457,3,4,4,8,
41684,8858,771457,19,19,3,8,
41685,16015,771457,25,25,3,8,
41686,28822,771457,31,31,3,9,
41687,7972,771457,3,4,4,8,
41688,1209,771457,3,4,4,9,
41689,22191,771457,23,23,3,9,
41690,20344,771457,21,21,3,8,
41691,3783,771457,3,4,4,8,
41692,3521,771457,3,4,4,8,
41693,19342,771457,17,17,3,8,
41694,3276,771457,3,4,4,8,
41695,17951,771457,21,21,3,8,
41696,2844,771457,3,4,4,8,
41697,18480,771457,3,4,4,8,
41698,13389,771457,21,21,3,8,
41699,2395,771457,3,4,4,9,
41700,21313,771457,25,25,3,7,
41701,20627,771457,21,21,3,9,
41702,22217,771457,33,33,3,8,
41703,4905,771457,3,4,4,9,
41704,11060,771457,3,4,4,8,
41705,1536,771457,3,4,4,9,
41706,4775,771457,13,13,3,9,
41707,5866,771457,3,4,4,8,
41708,15676,771457,17,17,3,9,
41709,18916,771457,23,23,3,8,
41710,25583,771457,27,27,3,8,
41711,14417,771457,19,19,3,8,
41712,2801,771457,3,4,4,8,
41713,10459,771457,15,15,3,8,
41714,3287,771457,3,4,4,7,
41715,9821,771457,17,17,3,8,
41716,13522,771457,27,27,3,9,
41717,12266,771457,3,4,4,8,
41718,17706,771457,29,29,3,8,
41719,26525,771457,17,17,3,8,
41720,12488,771457,3,4,4,8,
41721,1829,771457,3,4,4,8,
41722,15816,771457,21,21,3,8,
41723,26542,771457,31,31,3,9,
41724,14333,771457,3,4,4,8,
41725,25101,771457,3,4,4,9,
41726,2160,771457,3,4,4,9,
41727,2421,771457,3,4,4,9,
41728,985,771457,3,4,4,8,
41729,1673,771457,3,4,4,7,
41730,1065,771457,3,4,4,7,
41731,9787,771457,15,15,3,8,
41732,1814,771457,3,4,4,8,
41733,11343,771457,17,17,3,8,
41734,16678,771457,21,21,3,8,
41735,8898,771457,3,4,4,8,
41736,16117,771457,3,4,4,9,
41737,2390,771457,3,4,4,9,
41738,2781,771457,3,4,4,8,
41739,1410,771457,3,4,4,8,
41740,2466,771457,3,4,4,7,
41741,38504,771457,17,17,3,8,
41742,2681,771457,3,4,4,8,
41743,58646,771457,25,25,3,8,
41744,1708,771457,3,4,4,8,
41745,55948,771457,33,33,3,8,
41746,48083,771457,25,25,3,7,
41747,54650,771457,31,31,3,7,
41748,52838,771457,21,21,3,9,
41749,2534,771457,3,4,4,9,
41750,36816,771457,3,4,4,8,
41751,56710,771457,19,19,3,9,
41752,52853,771457,19,19,3,9,
41753,64426,771457,23,23,3,8,
41754,6267,771457,3,4,4,7,
41755,18963,771457,23,23,3,8,
41756,9334,771457,3,4,4,8,
41757,18560,771457,29,29,3,7,
41758,18197,771457,19,19,3,8,
41759,14936,771457,19,19,3,7,
41760,13822,771457,23,23,3,8,
41761,18736,771457,27,27,3,9,
41762,16891,771457,29,29,3,8,
41763,17227,771457,3,4,4,8,
41764,10476,771457,13,13,3,9,
41765,3385,771457,3,4,4,8,
41766,19543,771457,19,19,3,8,
41767,4139,771457,3,4,4,8,
41768,10532,771457,17,17,3,8,
41769,4354,771457,3,4,4,8,
41770,3471,771457,3,4,4,8,
41771,8792,771457,3,4,4,8,
41772,18972,771457,3,4,4,9,
41773,2717,771457,3,4,4,9,
41774,17242,771457,23,23,3,8,
41775,2343,771457,3,4,4,8,
41776,17477,771457,33,33,3,8,
41777,3273,771457,3,4,4,9,
41778,2739,771457,3,4,4,8,
41779,17394,771457,19,19,3,8,
41780,15701,771457,17,17,3,8,
41781,14499,771457,27,27,3,8,
41782,15047,771457,29,29,3,8,
41783,2189,771457,3,4,4,9,
41784,2096,771457,3,4,4,9,
41785,35445,771457,33,33,3,9,
41786,28629,771457,33,33,3,9,
41787,2449,771457,3,4,4,8,
41788,9209,771457,15,15,3,8,
41789,28930,771457,29,29,3,8,
41790,9648,771457,3,4,4,8,
41791,19819,771457,25,25,3,8,
41792,17210,771457,23,23,3,9,
41793,1452,771457,3,4,4,8,
41794,2684,771457,3,4,4,8,
41795,15938,771457,3,4,4,8,
41796,2585,771457,3,4,4,9,
41797,2101,771457,3,4,4,9,
41798,7392,771457,15,15,3,9,
41799,6363,771457,3,4,4,8,
41800,25554,771457,21,21,3,9,
41801,16475,771457,21,21,3,9,
41802,22185,771457,19,19,3,9,
41803,11658,771457,13,13,3,8,
41804,17522,771457,25,25,3,8,
41805,19326,771457,3,4,4,9,
41806,14884,771457,17,17,3,7,
41807,11593,771457,21,21,3,8,
41808,21233,771457,15,15,3,8,
41809,19191,771457,29,29,3,9,
41810,17736,771457,29,29,3,8,
41811,11665,771457,17,17,3,8,
41812,5998,771457,3,4,4,8,
41813,7783,771457,13,13,3,8,
41814,12237,771457,23,23,3,8,
41815,2685,771457,3,4,4,9,
41816,9884,771457,3,4,4,8,
41817,2551,771457,3,4,4,8,
41818,3128,771457,3,4,4,8,
41819,15706,771457,25,25,3,9,
41820,15320,771457,3,4,4,8,
41821,18970,771457,23,23,3,9,
41822,21889,771457,25,25,3,8,
41823,11240,771457,17,17,3,8,
41824,7457,771457,13,13,3,9,
41825,9536,771457,3,4,4,8,
41826,2315,771457,3,4,4,8,
41827,15880,771457,19,19,3,9,
41828,19447,771457,23,23,3,8,
41829,20013,771457,3,4,4,9,
41830,11022,771457,17,17,3,8,
41831,4195,771457,3,4,4,8,
41832,2534,771457,3,4,4,8,
41833,18440,771457,33,33,3,8,
41834,11720,771457,19,19,3,9,
41835,11893,771457,3,4,4,8,
41836,24853,771457,13,13,3,9,
41837,4513,771457,3,4,4,8,
41838,3614,771457,3,4,4,9,
41839,1298,771457,3,4,4,8,
41840,22489,771457,17,17,3,8,
41841,23679,771457,31,31,3,8,
41842,24783,771457,3,4,4,8,
41843,4075,771457,3,4,4,8,
41844,19985,771457,29,29,3,9,
41845,21183,771457,29,29,3,8,
41846,4288,771457,3,4,4,9,
41847,27289,771457,31,31,3,8,
41848,12403,771457,19,19,3,8,
41849,10562,771457,3,4,4,8,
41850,9858,771457,3,4,4,8,
41851,1196,771457,3,4,4,7,
41852,7839,771457,13,13,3,8,
41853,2478,771457,3,4,4,8,
41854,16409,771457,23,23,3,8,
41855,4045,771457,3,4,4,9,
41856,16998,771457,19,19,3,9,
41857,17211,771457,3,4,4,8,
41858,2767,771457,3,4,4,8,
41859,28031,771457,33,33,3,8,
41860,10184,771457,3,4,4,9,
41861,5357,771457,3,4,4,8,
41862,27108,771457,3,4,4,8,
41863,18189,771457,17,17,3,8,
41864,16251,771457,17,17,3,9,
41865,32713,771458,33,33,3,9,
41866,2518,771458,3,4,4,9,
41867,12113,771458,17,17,3,9,
41868,10196,771458,15,15,3,9,
41869,24812,771458,21,21,3,8,
41870,1763,771458,3,4,4,8,
41871,1691,771458,3,4,4,8,
41872,2283,771458,3,4,4,8,
41873,24598,771458,27,27,3,8,
41874,13670,771458,17,17,3,8,
41875,10597,771458,17,17,3,9,
41876,19801,771458,3,4,4,8,
41877,21039,771458,23,23,3,7,
41878,21267,771458,3,4,4,7,
41879,36285,771458,33,33,3,8,
41880,8628,771458,17,17,3,9,
41881,9798,771458,17,17,3,8,
41882,10235,771458,3,4,4,7,
41883,28019,771458,3,4,4,7,
41884,19191,771458,29,29,3,9,
41885,681,771458,3,4,4,7,
41886,17504,771458,3,4,4,7,
41887,18017,771458,15,15,3,7,
41888,12973,771458,13,13,3,7,
41889,13651,771458,17,17,3,7,
41890,18803,771458,17,17,3,7,
41891,15421,771458,19,19,3,8,
41892,13325,771458,17,17,3,8,
41893,9678,771458,13,13,3,8,
41894,6845,771458,3,4,4,8,
41895,7837,771458,3,4,4,6,
41896,6406,771458,3,4,4,8,
41897,10332,771458,3,4,4,9,
41898,13447,771458,15,15,3,8,
41899,2879,771458,3,4,4,7,
41900,3029,771458,3,4,4,7,
41901,24898,771458,25,25,3,8,
41902,1881,771458,3,4,4,7,
41903,27205,771458,31,31,3,7,
41904,28118,771458,27,27,3,7,
41905,27772,771458,27,27,3,8,
41906,48888,771458,29,29,3,8,
41907,2964,771458,3,4,4,8,
41908,23763,771458,17,17,3,8,
41909,29245,771458,3,4,4,8,
41910,2201,771458,3,4,4,9,
41911,30038,771458,27,27,3,9,
41912,20311,771458,25,25,3,9,
41913,36110,771458,31,31,3,8,
41914,27014,771458,3,4,4,8,
41915,3531,771458,3,4,4,8,
41916,11967,771458,3,4,4,8,
41917,18115,771458,3,4,4,9,
41918,1552,771458,3,4,4,8,
41919,3497,771458,3,4,4,8,
41920,1697,771458,3,4,4,7,
41921,25436,771458,21,21,3,8,
41922,15941,771458,15,15,3,8,
41923,16551,771458,3,4,4,8,
41924,47966,771458,29,29,3,9,
41925,5920,771458,3,4,4,9,
41926,6167,771458,3,4,4,8,
41927,1393,771458,3,4,4,8,
41928,45317,771458,29,29,3,9,
41929,3321,771458,3,4,4,8,
41930,46619,771458,27,27,3,8,
41931,44718,771458,3,4,4,8,
41932,1764,771458,3,4,4,9,
41933,2341,771458,3,4,4,8,
41934,52920,771458,31,31,3,8,
41935,64628,771458,19,19,3,7,
41936,2367,771458,3,4,4,8,
41937,37201,771458,23,23,3,8,
41938,4594,771458,3,4,4,8,
41939,38317,771458,19,19,3,9,
41940,29450,771458,3,4,4,9,
41941,35561,771458,23,23,3,9,
41942,26191,771458,15,15,3,9,
41943,25547,771458,3,4,4,8,
41944,43114,771458,33,33,3,8,
41945,20030,771458,15,15,3,9,
41946,6059,771458,3,4,4,8,
41947,20559,771458,3,4,4,8,
41948,29769,771458,29,29,3,8,
41949,22858,771458,13,13,3,8,
41950,20721,771458,15,15,3,9,
41951,37405,771458,23,23,3,9,
41952,2799,771458,3,4,4,8,
41953,11109,771458,13,13,3,8,
41954,18058,771458,15,15,3,6,
41955,29043,771458,19,19,3,8,
41956,9300,771458,3,4,4,7,
41957,11547,771458,13,13,3,9,
41958,1196,771458,3,4,4,8,
41959,34804,771458,29,29,3,9,
41960,34722,771458,21,21,3,8,
41961,569,771458,3,4,4,7,
41962,16017,771458,3,4,4,8,
41963,2590,771458,3,4,4,8,
41964,37342,771458,23,23,3,9,
41965,31154,771458,27,27,3,8,
41966,22337,771458,21,21,3,8,
41967,31925,771458,27,27,3,7,
41968,15004,771458,3,4,4,9,
41969,24633,771458,3,4,4,9,
41970,15035,771458,3,4,4,9,
41971,3343,771458,3,4,4,9,
41972,15605,771458,19,19,3,8,
41973,16074,771458,3,4,4,8,
41974,9995,771458,3,4,4,8,
41975,5489,771458,3,4,4,9,
41976,5503,771458,3,4,4,7,
41977,2292,771458,3,4,4,9,
41978,2783,771458,3,4,4,8,
41979,13594,771458,17,17,3,9,
41980,2765,771458,3,4,4,8,
41981,24236,771458,3,4,4,8,
41982,39474,771458,29,29,3,7,
41983,40962,771458,25,25,3,8,
41984,30508,771458,17,17,3,8,
41985,2800,771458,3,4,4,8,
41986,43311,771458,3,4,4,8,
41987,37559,771458,27,27,3,7,
41988,2302,771458,3,4,4,8,
41989,31941,771458,21,21,3,8,
41990,31876,771458,27,27,3,8,
41991,32345,771458,3,4,4,8,
41992,13643,771458,3,4,4,9,
41993,22410,771458,19,19,3,9,
41994,25913,771458,3,4,4,9,
41995,6074,771458,3,4,4,8,
41996,22673,771458,15,15,3,8,
41997,2525,771458,3,4,4,8,
41998,69110,771458,33,33,3,7,
41999,18567,771458,13,13,3,8,
42000,42339,771458,27,27,3,8,
42001,42662,771458,31,31,3,8,
42002,45836,771458,27,27,3,9,
42003,4983,771458,3,4,4,8,
42004,30713,771458,19,19,3,9,
42005,14426,771458,13,13,3,8,
42006,32864,771458,17,17,3,8,
42007,9780,771458,15,15,3,9,
42008,47110,771458,27,27,3,9,
42009,20087,771458,19,19,3,9,
42010,7299,771458,3,4,4,9,
42011,57235,771458,31,31,3,9,
42012,54646,771458,3,4,4,8,
42013,31763,771458,23,23,3,8,
42014,43472,771458,25,25,3,8,
42015,33901,771458,3,4,4,8,
42016,30294,771458,23,23,3,9,
42017,60605,771458,25,25,3,9,
42018,62467,771458,33,33,3,8,
42019,9205,771458,3,4,4,8,
42020,48604,771458,29,29,3,8,
42021,7387,771458,3,4,4,9,
42022,5193,771458,3,4,4,8,
42023,23405,771458,13,13,3,8,
42024,51853,771458,33,33,3,9,
42025,27531,771458,3,4,4,8,
42026,37051,771458,21,21,3,8,
42027,24081,771458,19,19,3,8,
42028,72376,771458,27,27,3,8,
42029,20837,771458,3,4,4,8,
42030,29043,771458,17,17,3,8,
42031,4822,771458,3,4,4,8,
42032,58400,771458,33,33,3,8,
42033,2379,771458,3,4,4,8,
42034,4267,771458,3,4,4,8,
42035,52602,771458,31,31,3,9,
42036,18108,771458,15,15,3,8,
42037,44983,771458,29,29,3,8,
42038,40091,771458,19,19,3,9,
42039,48233,771458,33,33,3,8,
42040,11231,771458,3,4,4,8,
42041,3266,771458,3,4,4,8,
42042,38479,771458,3,4,4,8,
42043,37410,771458,3,4,4,7,
42044,2375,771458,3,4,4,8,
42045,12992,771458,3,4,4,8,
42046,35035,771458,23,23,3,9,
42047,14783,771458,3,4,4,9,
42048,13046,771458,19,19,3,8,
42049,13810,771458,3,4,4,8,
42050,7931,771458,3,4,4,9,
42051,12849,771458,19,19,3,8,
42052,3158,771458,3,4,4,7,
42053,1763,771458,3,4,4,8,
42054,12548,771458,19,19,3,8,
42055,1715,771458,3,4,4,8,
42056,10688,771458,3,4,4,9,
42057,24776,771458,33,33,3,8,
42058,13041,771458,3,4,4,8,
42059,21830,771458,29,29,3,9,
42060,24496,771458,3,4,4,8,
42061,4677,771458,13,13,3,9,
42062,2554,771458,3,4,4,9,
42063,1933,771458,3,4,4,9,
42064,16881,771458,21,21,3,8,
42065,17131,771458,3,4,4,9,
42066,24281,771458,29,29,3,9,
42067,24420,771458,31,31,3,8,
42068,9821,771458,15,15,3,9,
42069,2156,771458,3,4,4,9,
42070,19658,771458,27,27,3,9,
42071,35561,771458,29,29,3,8,
42072,12501,771458,3,4,4,9,
42073,1453,771458,3,4,4,8,
42074,9186,771458,3,4,4,8,
42075,1652,771458,3,4,4,8,
42076,19788,771458,27,27,3,8,
42077,10637,771458,17,17,3,9,
42078,20396,771458,3,4,4,8,
42079,15261,771458,13,13,3,9,
42080,15981,771458,33,33,3,9,
42081,2203,771458,3,4,4,8,
42082,25072,771458,15,15,3,9,
42083,17893,771458,3,4,4,9,
42084,2174,771458,3,4,4,8,
42085,2108,771458,3,4,4,9,
42086,7133,771458,3,4,4,8,
42087,21695,771458,33,33,3,8,
42088,15977,771458,21,21,3,8,
42089,1947,771458,3,4,4,8,
42090,935,771458,3,4,4,7,
42091,2605,771458,3,4,4,7,
42092,20910,771458,27,27,3,8,
42093,22420,771458,3,4,4,9,
42094,2055,771458,3,4,4,9,
42095,14704,771458,3,4,4,8,
42096,3487,771458,3,4,4,8,
42097,3381,771458,3,4,4,8,
42098,1503,771458,3,4,4,9,
42099,2570,771458,3,4,4,8,
42100,17058,771458,21,21,3,8,
42101,7884,771458,13,13,3,9,
42102,8275,771458,3,4,4,7,
42103,24885,771458,21,21,3,8,
42104,15131,771458,3,4,4,9,
42105,12035,771458,13,13,3,8,
42106,33973,771458,27,27,3,9,
42107,33701,771458,25,25,3,7,
42108,32192,771458,3,4,4,8,
42109,19065,771458,23,23,3,9,
42110,2147,771458,3,4,4,9,
42111,33078,771458,33,33,3,8,
42112,16763,771458,13,13,3,8,
42113,30845,771458,29,29,3,8,
42114,25999,771458,3,4,4,8,
42115,8778,771458,3,4,4,9,
42116,16447,771458,3,4,4,8,
42117,1355,771458,3,4,4,9,
42118,12157,771458,15,15,3,8,
42119,19735,771458,19,19,3,8,
42120,36733,771458,31,31,3,9,
42121,2066,771458,3,4,4,8,
42122,24386,771458,33,33,3,8,
42123,1299,771458,3,4,4,8,
42124,2034,771458,3,4,4,8,
42125,26719,771458,33,33,3,7,
42126,10033,771458,3,4,4,9,
42127,2495,771458,3,4,4,9,
42128,1664,771458,3,4,4,7,
42129,3370,771458,3,4,4,8,
42130,2247,771458,3,4,4,8,
42131,22891,771458,3,4,4,8,
42132,2815,771458,3,4,4,8,
42133,1653,771458,3,4,4,8,
42134,3990,771458,3,4,4,8,
42135,9409,771458,15,15,3,8,
42136,18246,771458,23,23,3,8,
42137,27046,771458,33,33,3,8,
42138,18062,771458,17,17,3,8,
42139,18668,771458,3,4,4,8,
42140,16764,771458,3,4,4,8,
42141,14378,771458,3,4,4,9,
42142,7435,771458,15,15,3,9,
42143,2564,771458,3,4,4,8,
42144,12770,771458,21,21,3,8,
42145,6628,771458,3,4,4,9,
42146,1980,771458,3,4,4,8,
42147,10062,771458,17,17,3,8,
42148,12465,771458,23,23,3,9,
42149,5487,771458,13,13,3,8,
42150,12256,771458,3,4,4,9,
42151,32400,771458,19,19,3,9,
42152,57422,771458,13,13,3,9,
42153,56724,771458,3,4,4,9,
42154,66680,771458,33,33,3,8,
42155,1459,771458,3,4,4,9,
42156,1964,771458,3,4,4,9,
42157,61661,771458,23,23,3,9,
42158,1599,771458,3,4,4,9,
42159,50058,771458,13,13,3,8,
42160,61421,771458,3,4,4,9,
42161,56570,771458,23,23,3,8,
42162,1783,771458,3,4,4,9,
42163,73815,771458,27,27,3,8,
42164,74708,771458,3,4,4,9,
42165,19195,771458,17,17,3,9,
42166,2488,771458,3,4,4,8,
42167,30427,771458,33,33,3,9,
42168,10321,771458,15,15,3,8,
42169,10499,771458,3,4,4,8,
42170,28219,771458,27,27,3,8,
42171,6325,771458,3,4,4,8,
42172,2827,771458,3,4,4,9,
42173,2795,771458,3,4,4,8,
42174,14188,771458,15,15,3,8,
42175,4548,771458,3,4,4,9,
42176,2204,771458,3,4,4,8,
42177,19766,771458,21,21,3,8,
42178,3285,771458,3,4,4,8,
42179,6886,771458,3,4,4,9,
42180,20084,771458,17,17,3,8,
42181,5771,771458,3,4,4,8,
42182,26906,771458,29,29,3,9,
42183,1533,771458,3,4,4,9,
42184,2200,771458,3,4,4,8,
42185,2690,771458,3,4,4,7,
42186,11865,771458,15,15,3,8,
42187,8995,771458,3,4,4,8,
42188,31783,771458,33,33,3,9,
42189,27361,771458,29,29,3,8,
42190,27857,771458,3,4,4,8,
42191,13345,771458,15,15,3,9,
42192,18065,771458,25,25,3,9,
42193,21222,771458,33,33,3,8,
42194,11894,771458,19,19,3,9,
42195,11373,771458,21,21,3,8,
42196,32631,771458,25,25,3,9,
42197,4297,771458,3,4,4,9,
42198,3981,771458,3,4,4,9,
42199,2318,771458,3,4,4,8,
42200,21317,771458,31,31,3,9,
42201,2192,771458,3,4,4,8,
42202,12179,771458,17,17,3,9,
42203,10395,771458,13,13,3,9,
42204,10853,771458,3,4,4,9,
42205,5592,771458,3,4,4,8,
42206,15358,771458,15,15,3,7,
42207,8761,771458,15,15,3,8,
42208,16201,771458,3,4,4,8,
42209,14113,771458,3,4,4,8,
42210,21945,771458,33,33,3,9,
42211,17975,771458,27,27,3,9,
42212,9693,771458,3,4,4,8,
42213,12984,771458,23,23,3,9,
42214,10504,771458,21,21,3,8,
42215,17346,771458,29,29,3,9,
42216,2476,771458,3,4,4,8,
42217,13922,771458,25,25,3,8,
42218,16646,771458,3,4,4,9,
42219,2395,771458,3,4,4,8,
42220,14108,771458,3,4,4,8,
42221,13222,771458,27,27,3,8,
42222,14244,771458,3,4,4,9,
42223,12665,771458,21,21,3,8,
42224,5515,771458,3,4,4,9,
42225,10662,771458,3,4,4,8,
42226,15285,771458,25,25,3,9,
42227,24246,771458,33,33,3,9,
42228,2736,771458,3,4,4,8,
42229,27988,771458,33,33,3,8,
42230,3673,771458,3,4,4,8,
42231,23947,771458,29,29,3,8,
42232,28300,771458,3,4,4,8,
42233,12670,771458,17,17,3,8,
42234,2487,771458,3,4,4,8,
42235,21726,771458,29,29,3,7,
42236,3192,771458,3,4,4,9,
42237,20587,771458,31,31,3,8,
42238,3109,771458,3,4,4,9,
42239,14719,771458,23,23,3,9,
42240,15376,771458,3,4,4,9,
42241,12824,771458,19,19,3,9,
42242,17544,771458,31,31,3,8,
42243,20770,771458,23,23,3,9,
42244,3788,771458,3,4,4,9,
42245,29065,771458,25,25,3,9,
42246,7883,771458,15,15,3,8,
42247,9390,771458,3,4,4,8,
42248,1843,771458,3,4,4,8,
42249,21796,771458,31,31,3,9,
42250,16114,771458,21,21,3,9,
42251,7349,771458,17,17,3,8,
42252,14896,771458,15,15,3,9,
42253,15287,771458,3,4,4,9,
42254,17210,771458,29,29,3,8,
42255,2520,771458,3,4,4,8,
42256,13066,771458,19,19,3,8,
42257,13708,771458,3,4,4,9,
42258,18144,771458,31,31,3,8,
42259,11681,771458,3,4,4,9,
42260,9506,771458,3,4,4,8,
42261,11934,771458,21,21,3,9,
42262,11852,771458,3,4,4,9,
42263,15724,771458,21,21,3,9,
42264,13300,771458,17,17,3,9,
42265,14134,771458,3,4,4,8,
42266,2702,771458,3,4,4,8,
42267,60488,771458,25,25,3,8,
42268,68955,771458,31,31,3,9,
42269,70468,771458,33,33,3,8,
42270,68428,771458,3,4,4,8,
42271,1999,771458,3,4,4,8,
42272,7771,771458,3,4,4,8,
42273,55507,771458,13,13,3,8,
42274,55784,771458,17,17,3,9,
42275,98126,771458,27,27,3,9,
42276,103067,771458,29,29,3,8,
42277,90379,771458,3,4,4,8,
42278,96130,771458,3,4,4,8,
42279,56742,771458,25,25,3,8,
42280,63838,771458,33,33,3,8,
42281,63349,771458,3,4,4,8,
42282,50065,771458,15,15,3,8,
42283,45001,771458,21,21,3,9,
42284,53010,771458,19,19,3,8,
42285,3042,771458,3,4,4,9,
42286,25063,771458,19,19,3,9,
42287,69069,771458,23,23,3,8,
42288,2812,771458,3,4,4,8,
42289,4181,771458,3,4,4,7,
42290,2856,771458,3,4,4,8,
42291,7769,771458,3,4,4,7,
42292,3691,771458,3,4,4,8,
42293,1479,771458,3,4,4,8,
42294,1081,771458,3,4,4,7,
42295,20657,771458,15,15,3,8,
42296,31158,771458,19,19,3,8,
42297,22823,771458,3,4,4,8,
42298,43888,771458,29,29,3,8,
42299,2116,771458,3,4,4,8,
42300,29384,771458,31,31,3,8,
42301,5964,771458,3,4,4,8,
42302,26542,771458,25,25,3,9,
42303,922,771458,3,4,4,8,
42304,20121,771458,15,15,3,7,
42305,21732,771458,3,4,4,9,
42306,45453,771458,33,33,3,8,
42307,3592,771458,3,4,4,9,
42308,38428,771458,29,29,3,7,
42309,61761,771458,31,31,3,8,
42310,1870,771458,3,4,4,7,
42311,14759,771458,3,4,4,8,
42312,29854,771458,17,17,3,8,
42313,8546,771458,3,4,4,9,
42314,34432,771458,3,4,4,8,
42315,8903,771458,3,4,4,9,
42316,2339,771458,3,4,4,8,
42317,1269,771458,3,4,4,8,
42318,1802,771458,3,4,4,8,
42319,5857,771458,3,4,4,8,
42320,5604,771458,3,4,4,8,
42321,28568,771458,17,17,3,8,
42322,6887,771458,3,4,4,8,
42323,1357,771458,3,4,4,8,
42324,23988,771458,3,4,4,7,
42325,27993,771458,33,33,3,8,
42326,3629,771458,3,4,4,7,
42327,30510,771458,29,29,3,7,
42328,22492,771458,25,25,3,6,
42329,21198,771458,3,4,4,8,
42330,27383,771458,3,4,4,8,
42331,12295,771458,15,15,3,8,
42332,24201,771458,33,33,3,8,
42333,12659,771458,13,13,3,8,
42334,7787,771458,3,4,4,8,
42335,10090,771458,15,15,3,9,
42336,23205,771458,33,33,3,9,
42337,23157,771458,3,4,4,7,
42338,22305,771458,31,31,3,8,
42339,17887,771458,27,27,3,8,
42340,40737,771458,15,15,3,9,
42341,3378,771458,3,4,4,8,
42342,48360,771458,27,27,3,8,
42343,9503,771458,17,17,3,9,
42344,2131,771458,3,4,4,8,
42345,28699,771458,33,33,3,8,
42346,1336,771458,3,4,4,9,
42347,2332,771458,3,4,4,9,
42348,2334,771458,3,4,4,9,
42349,21140,771458,23,23,3,8,
42350,19519,771459,27,27,3,9,
42351,29759,771459,25,25,3,9,
42352,29335,771459,23,23,3,8,
42353,4205,771459,3,4,4,9,
42354,24965,771459,25,25,3,8,
42355,11860,771459,13,13,3,9,
42356,23721,771459,31,31,3,8,
42357,896,771459,3,4,4,8,
42358,11693,771459,17,17,3,8,
42359,34725,771459,31,31,3,8,
42360,10106,771459,3,4,4,8,
42361,10969,771459,19,19,3,9,
42362,7228,771459,3,4,4,9,
42363,19454,771459,23,23,3,8,
42364,28846,771459,27,27,3,9,
42365,15183,771459,23,23,3,9,
42366,3781,771459,3,4,4,8,
42367,17955,771459,21,21,3,8,
42368,37332,771459,33,33,3,8,
42369,18071,771459,3,4,4,7,
42370,2796,771459,3,4,4,9,
42371,2225,771459,3,4,4,8,
42372,34403,771459,3,4,4,9,
42373,1994,771459,3,4,4,9,
42374,1508,771459,3,4,4,9,
42375,17540,771459,25,25,3,8,
42376,17520,771459,15,16,3,9,
42377,3532,771459,3,4,4,9,
42378,2786,771459,3,4,4,9,
42379,3020,771459,3,4,4,8,
42380,1938,771459,3,4,4,8,
42381,10941,771459,17,17,3,8,
42382,20784,771459,33,33,3,8,
42383,16051,771459,23,23,3,8,
42384,15998,771459,17,17,3,7,
42385,22799,771459,33,33,3,9,
42386,18373,771459,25,25,3,8,
42387,16819,771459,3,4,4,9,
42388,39562,771459,29,29,3,7,
42389,13923,771459,3,4,4,9,
42390,1286,771459,3,4,4,7,
42391,20549,771459,21,21,3,8,
42392,26971,771459,29,29,3,8,
42393,20625,771459,3,4,4,8,
42394,12902,771459,21,21,3,9,
42395,2005,771459,3,4,4,9,
42396,18091,771459,21,21,3,9,
42397,18854,771459,3,4,4,8,
42398,24389,771459,23,23,3,8,
42399,1522,771459,3,4,4,9,
42400,19175,771459,21,21,3,8,
42401,19639,771459,23,23,3,7,
42402,12707,771459,3,4,4,7,
42403,2561,771459,3,4,4,9,
42404,5965,771459,3,4,4,8,
42405,38379,771459,19,19,3,9,
42406,35017,771459,25,25,3,8,
42407,33485,771459,15,15,3,8,
42408,40382,771459,29,30,3,7,
42409,2162,771459,3,4,4,7,
42410,22255,771459,3,4,4,7,
42411,35821,771459,27,27,3,8,
42412,39226,771459,31,31,3,7,
42413,30548,771459,15,15,3,8,
42414,38367,771459,31,32,3,9,
42415,3503,771459,3,4,4,9,
42416,3375,771459,3,4,4,9,
42417,2236,771459,3,4,4,9,
42418,14810,771459,25,25,3,9,
42419,15601,771459,3,4,4,9,
42420,2762,771459,3,4,4,8,
42421,28386,771459,29,29,3,8,
42422,2447,771459,3,4,4,8,
42423,10316,771459,3,4,4,9,
42424,11798,771459,21,21,3,9,
42425,23153,771459,31,31,3,8,
42426,16145,771459,21,21,3,9,
42427,2264,771459,3,4,4,8,
42428,16147,771459,25,25,3,8,
42429,18452,771459,31,31,3,8,
42430,13420,771459,19,19,3,8,
42431,3291,771459,3,4,4,8,
42432,18523,771459,3,4,4,9,
42433,2926,771459,3,4,4,9,
42434,13942,771459,3,4,4,7,
42435,1866,771459,3,4,4,9,
42436,2292,771459,3,4,4,9,
42437,2547,771459,3,4,4,9,
42438,1492,771459,3,4,4,9,
42439,2224,771459,3,4,4,9,
42440,3432,771459,3,4,4,8,
42441,7730,771459,3,4,4,8,
42442,3924,771459,3,4,4,9,
42443,3523,771459,3,4,4,7,
42444,2840,771459,3,4,4,7,
42445,19373,771459,25,25,3,9,
42446,3592,771459,3,4,4,7,
42447,24145,771459,33,33,3,8,
42448,2444,771459,3,4,4,7,
42449,3283,771459,3,4,4,7,
42450,4564,771459,3,4,4,8,
42451,14302,771459,21,21,3,8,
42452,18367,771459,31,31,3,8,
42453,3006,771459,3,4,4,8,
42454,2498,771459,3,4,4,7,
42455,3647,771459,3,4,4,8,
42456,3210,771459,3,4,4,8,
42457,11641,771459,19,19,3,8,
42458,2722,771459,3,4,4,8,
42459,12263,771459,3,4,4,8,
42460,16728,771459,25,25,3,9,
42461,16963,771459,33,33,3,8,
42462,31084,771459,27,27,3,8,
42463,5554,771459,13,13,3,9,
42464,32657,771459,27,27,3,8,
42465,12318,771459,25,25,3,9,
42466,14862,771459,31,31,3,9,
42467,12336,771459,23,23,3,8,
42468,14092,771459,3,4,4,9,
42469,5085,771459,3,4,4,8,
42470,17711,771459,3,4,4,9,
42471,15786,771459,31,31,3,9,
42472,24418,771459,3,4,4,8,
42473,16771,771459,3,4,4,8,
42474,7735,771459,15,15,3,9,
42475,25697,771459,27,27,3,9,
42476,29810,771459,29,29,3,8,
42477,19439,771459,25,25,3,9,
42478,13411,771459,19,19,3,8,
42479,2628,771459,3,4,4,8,
42480,23428,771459,29,29,3,8,
42481,1038,771459,3,4,4,8,
42482,1809,771459,3,4,4,8,
42483,22260,771459,3,4,4,8,
42484,11909,771459,17,17,3,9,
42485,11392,771459,15,15,3,8,
42486,9711,771459,13,13,3,8,
42487,7220,771459,3,4,4,8,
42488,9153,771459,3,4,4,9,
42489,9852,771459,3,4,4,8,
42490,24384,771459,33,33,3,9,
42491,20597,771459,31,31,3,9,
42492,20621,771459,3,4,4,7,
42493,1777,771459,3,4,4,8,
42494,17580,771459,31,31,3,9,
42495,966,771459,3,4,4,9,
42496,1819,771459,3,4,4,9,
42497,1450,771459,3,4,4,8,
42498,15589,771459,25,25,3,8,
42499,1799,771459,3,4,4,8,
42500,16146,771459,3,4,4,8,
42501,10417,771459,23,23,3,8,
42502,14514,771459,17,17,3,9,
42503,7267,771459,13,13,3,9,
42504,14549,771459,3,4,4,8,
42505,8660,771459,13,13,3,8,
42506,9179,771459,19,19,3,9,
42507,7532,771459,15,15,3,8,
42508,2858,771459,3,4,4,8,
42509,2032,771459,3,4,4,7,
42510,2661,771459,3,4,4,8,
42511,18029,771459,25,25,3,9,
42512,2739,771459,3,4,4,8,
42513,5223,771459,3,4,4,7,
42514,9630,771459,19,19,3,8,
42515,16934,771459,3,4,4,8,
42516,18043,771459,31,31,3,8,
42517,9815,771459,3,4,4,8,
42518,3676,771459,3,4,4,8,
42519,19498,771459,33,33,3,8,
42520,18880,771459,33,33,3,8,
42521,6806,771459,13,13,3,9,
42522,16156,771459,25,25,3,8,
42523,19092,771459,23,23,3,9,
42524,2184,771459,3,4,4,9,
42525,13290,771459,3,4,4,8,
42526,2333,771459,3,4,4,9,
42527,18674,771459,31,31,3,9,
42528,18899,771459,3,4,4,9,
42529,11429,771459,19,19,3,8,
42530,10228,771459,19,19,3,9,
42531,3731,771459,3,4,4,9,
42532,3816,771459,3,4,4,8,
42533,7071,771459,13,13,3,8,
42534,15323,771459,23,23,3,8,
42535,6856,771459,3,4,4,8,
42536,1961,771459,3,4,4,9,
42537,14334,771459,3,4,4,9,
42538,1954,771459,3,4,4,8,
42539,2271,771459,3,4,4,8,
42540,9254,771459,17,17,3,8,
42541,12658,771459,25,25,3,8,
42542,9159,771459,3,4,4,8,
42543,8753,771459,21,21,3,8,
42544,12529,771459,3,4,4,8,
42545,19106,771459,33,33,3,9,
42546,18865,771459,25,25,3,9,
42547,36503,771459,29,29,3,9,
42548,2186,771459,3,4,4,8,
42549,18012,771459,25,25,3,9,
42550,15018,771459,22,23,3,8,
42551,13222,771459,23,23,3,9,
42552,18040,771459,3,4,4,8,
42553,14963,771459,3,4,4,9,
42554,1799,771459,3,4,4,8,
42555,2153,771459,3,4,4,9,
42556,9306,771459,15,15,3,9,
42557,15467,771459,33,33,3,9,
42558,8105,771459,13,13,3,8,
42559,28829,771459,25,25,3,8,
42560,7988,771459,3,4,4,9,
42561,3190,771459,3,4,4,9,
42562,16515,771459,23,24,3,9,
42563,3001,771459,3,4,4,8,
42564,9419,771459,17,17,3,9,
42565,17939,771459,25,25,3,8,
42566,8951,771459,3,4,4,8,
42567,2576,771459,3,4,4,8,
42568,18456,771459,3,4,4,8,
42569,2004,771459,3,4,4,9,
42570,10042,771459,13,13,3,8,
42571,20847,771459,31,31,3,8,
42572,17035,771459,27,27,3,8,
42573,8182,771459,19,19,3,8,
42574,8483,771459,3,4,4,9,
42575,10078,771459,23,23,3,8,
42576,13001,771459,3,4,4,8,
42577,10010,771459,3,4,4,9,
42578,1586,771459,3,4,4,8,
42579,9410,771459,19,19,3,9,
42580,2438,771459,3,4,4,9,
42581,17145,771459,23,23,3,8,
42582,9233,771459,3,4,4,9,
42583,15866,771459,3,4,4,8,
42584,25293,771459,27,27,3,8,
42585,23301,771459,27,27,3,8,
42586,19948,771459,31,31,3,8,
42587,17549,771459,33,33,3,9,
42588,1761,771459,3,4,4,8,
42589,22265,771459,31,31,3,8,
42590,2678,771459,3,4,4,8,
42591,21834,771459,3,4,4,9,
42592,3077,771459,3,4,4,9,
42593,22769,771459,29,29,3,8,
42594,19685,771459,33,33,3,9,
42595,21831,771459,33,33,3,9,
42596,21996,771459,3,4,4,9,
42597,1054,771459,3,4,4,8,
42598,1902,771459,3,4,4,9,
42599,1926,771459,3,4,4,8,
42600,2032,771459,3,4,4,8,
42601,4097,771459,3,4,4,8,
42602,2457,771459,3,4,4,9,
42603,14357,771459,25,25,3,8,
42604,2402,771459,3,4,4,8,
42605,11755,771459,19,19,3,8,
42606,1618,771459,3,4,4,9,
42607,2398,771459,3,4,4,8,
42608,12333,771459,3,4,4,8,
42609,23150,771459,29,29,3,9,
42610,11340,771459,23,23,3,9,
42611,10808,771459,3,4,4,9,
42612,21870,771459,25,25,3,8,
42613,16730,771459,23,23,3,9,
42614,17215,771459,27,27,3,8,
42615,16815,771459,31,31,3,7,
42616,13350,771459,3,4,4,9,
42617,9585,771459,19,19,3,9,
42618,2615,771459,3,4,4,8,
42619,9448,771459,3,4,4,9,
42620,19865,771459,27,27,3,8,
42621,17358,771459,25,25,3,9,
42622,6098,771459,3,4,4,7,
42623,51768,771459,25,25,3,7,
42624,52288,771459,3,4,4,8,
42625,1918,771459,3,4,4,8,
42626,2237,771459,3,4,4,7,
42627,10254,771459,17,17,3,7,
42628,831,771459,3,4,4,6,
42629,46040,771459,21,21,3,5,
42630,26203,771459,19,19,3,8,
42631,11350,771459,13,13,3,8,
42632,8280,771459,13,13,3,8,
42633,45616,771459,27,27,3,8,
42634,1882,771459,3,4,4,8,
42635,40837,771459,33,33,3,8,
42636,40849,771459,3,4,4,8,
42637,38945,771459,3,4,4,7,
42638,35711,771459,17,17,3,7,
42639,28072,771459,3,4,4,8,
42640,5728,771459,13,13,3,7,
42641,3488,771459,3,4,4,6,
42642,1745,771459,3,4,4,6,
42643,1409,771459,3,4,4,7,
42644,3677,771459,3,4,4,7,
42645,13785,771459,15,15,3,8,
42646,21032,771459,27,27,3,7,
42647,1717,771459,3,4,4,7,
42648,4144,771459,3,4,4,8,
42649,2193,771459,3,4,4,7,
42650,7521,771459,13,13,3,8,
42651,2895,771459,3,4,4,7,
42652,12885,771459,3,4,4,7,
42653,13970,771459,19,19,3,7,
42654,11729,771459,17,17,3,7,
42655,16568,771459,25,25,3,8,
42656,15790,771459,3,4,4,8,
42657,15258,771459,27,27,3,8,
42658,21474,771459,33,33,3,8,
42659,7866,771459,13,13,3,8,
42660,1815,771459,3,4,4,8,
42661,9102,771459,17,17,3,8,
42662,2269,771459,3,4,4,8,
42663,3439,771459,3,4,4,7,
42664,2213,771459,3,4,4,8,
42665,5604,771459,3,4,4,9,
42666,1672,771459,3,4,4,7,
42667,8683,771459,15,15,3,8,
42668,2315,771459,3,4,4,8,
42669,13936,771459,23,23,3,8,
42670,4906,771459,3,4,4,7,
42671,15878,771459,29,29,3,7,
42672,12845,771459,13,13,3,8,
42673,1680,771459,3,4,4,8,
42674,1753,771459,3,4,4,9,
42675,15400,771459,3,4,4,8,
42676,11688,771459,21,21,3,9,
42677,13855,771459,19,19,3,8,
42678,13279,771459,3,4,4,8,
42679,17663,771459,31,31,3,8,
42680,7737,771459,15,15,3,8,
42681,8906,771459,3,4,4,9,
42682,17697,771459,29,29,3,8,
42683,13675,771459,33,33,3,8,
42684,15384,771459,3,4,4,9,
42685,13301,771459,21,21,3,8,
42686,2322,771459,3,4,4,8,
42687,15581,771459,3,4,4,8,
42688,11210,771459,3,4,4,8,
42689,12829,771459,17,17,3,8,
42690,2427,771459,3,4,4,9,
42691,1942,771459,3,4,4,9,
42692,1837,771459,3,4,4,8,
42693,8066,771459,17,17,3,9,
42694,8376,771459,3,4,4,8,
42695,9334,771459,21,21,3,8,
42696,4717,771459,13,13,3,8,
42697,11714,771459,23,23,3,8,
42698,12758,771459,3,4,4,9,
42699,4977,771459,3,4,4,9,
42700,4286,771459,3,4,4,8,
42701,2221,771459,3,4,4,7,
42702,2052,771459,3,4,4,7,
42703,7145,771459,15,15,3,9,
42704,1980,771459,3,4,4,8,
42705,2675,771459,3,4,4,7,
42706,2866,771459,3,4,4,7,
42707,14970,771459,25,25,3,8,
42708,13505,771459,23,23,3,9,
42709,18758,771459,25,25,3,8,
42710,13086,771459,3,4,4,8,
42711,3222,771459,3,4,4,9,
42712,21250,771459,33,33,3,8,
42713,3364,771459,3,4,4,8,
42714,2260,771459,3,4,4,9,
42715,13640,771459,21,21,3,8,
42716,2543,771459,3,4,4,8,
42717,15301,771459,31,31,3,9,
42718,16296,771459,3,4,4,8,
42719,2248,771459,3,4,4,9,
42720,22541,771459,31,31,3,8,
42721,22469,771459,3,4,4,9,
42722,1461,771459,3,4,4,9,
42723,11696,771459,21,21,3,8,
42724,26416,771459,33,33,3,9,
42725,15622,771459,31,31,3,9,
42726,5906,771459,3,4,4,8,
42727,12497,771459,19,19,3,8,
42728,6703,771459,13,13,3,9,
42729,10750,771459,17,17,3,8,
42730,9794,771459,15,15,3,9,
42731,9152,771459,3,4,4,8,
42732,14897,771459,27,27,3,8,
42733,6665,771459,3,4,4,9,
42734,11149,771459,21,21,3,8,
42735,17427,771459,25,25,3,8,
42736,16699,771459,31,31,3,9,
42737,17921,771459,3,4,4,8,
42738,12167,771459,25,25,3,8,
42739,11534,771459,23,23,3,9,
42740,12324,771459,3,4,4,9,
42741,22782,771459,27,27,3,9,
42742,8676,771459,3,4,4,8,
42743,8419,771459,19,19,3,9,
42744,7593,771459,3,4,4,9,
42745,14052,771459,3,4,4,8,
42746,18533,771459,33,33,3,9,
42747,18943,771459,3,4,4,9,
42748,22676,771459,31,31,3,7,
42749,2689,771459,3,4,4,8,
42750,2758,771459,3,4,4,8,
42751,22362,771459,3,4,4,8,
42752,19780,771459,29,29,3,8,
42753,1966,771459,3,4,4,9,
42754,1919,771459,3,4,4,9,
42755,14450,771459,25,25,3,9,
42756,8025,771459,15,15,3,9,
42757,16025,771459,33,33,3,8,
42758,12209,771459,21,21,3,7,
42759,19649,771459,33,33,3,9,
42760,9932,771459,3,4,4,8,
42761,2434,771459,3,4,4,8,
42762,9154,771459,15,15,3,8,
42763,18249,771459,23,23,3,8,
42764,23948,771459,27,27,3,9,
42765,16323,771459,3,4,4,7,
42766,3087,771459,3,4,4,8,
42767,652,771459,3,4,4,7,
42768,11133,771459,19,19,3,7,
42769,12704,771459,15,15,3,7,
42770,4427,771459,3,4,4,8,
42771,9547,771459,15,15,3,8,
42772,2986,771459,3,4,4,8,
42773,5830,771459,13,13,3,9,
42774,11315,771459,17,17,3,9,
42775,15833,771459,27,27,3,9,
42776,4055,771459,3,4,4,8,
42777,18177,771459,31,31,3,7,
42778,14871,771459,23,23,3,8,
42779,18412,771459,27,27,3,8,
42780,24593,771459,33,33,3,8,
42781,15111,771459,3,4,4,9,
42782,11234,771459,17,17,3,9,
42783,12484,771459,3,4,4,9,
42784,6852,771459,3,4,4,9,
42785,10801,771459,3,4,4,7,
42786,7486,771459,15,15,3,7,
42787,7528,771459,3,4,4,9,
42788,3603,771459,3,4,4,8,
42789,3001,771459,3,4,4,9,
42790,16521,771459,23,23,3,8,
42791,2424,771459,3,4,4,8,
42792,17616,771459,25,25,3,8,
42793,16807,771459,3,4,4,8,
42794,17180,771459,27,27,3,6,
42795,9131,771459,13,13,3,8,
42796,13374,771459,19,19,3,7,
42797,1898,771459,3,4,4,8,
42798,9626,771459,3,4,4,9,
42799,697,771459,3,4,4,8,
42800,12439,771459,21,21,3,9,
42801,12983,771459,3,4,4,9,
42802,12392,771459,3,4,4,9,
42803,13605,771459,17,17,3,9,
42804,18859,771459,21,21,3,8,
42805,3793,771459,3,4,4,7,
42806,2895,771459,3,4,4,8,
42807,13591,771459,13,13,3,8,
42808,2735,771459,3,4,4,8,
42809,3549,771459,3,4,4,9,
42810,13800,771459,17,17,3,7,
42811,3634,771459,3,4,4,7,
42812,29083,771459,29,29,3,7,
42813,2381,771459,3,4,4,9,
42814,29610,771459,31,31,3,7,
42815,24182,771459,29,29,3,8,
42816,35641,771459,31,31,3,9,
42817,19541,771459,13,13,3,8,
42818,18867,771459,13,13,3,8,
42819,17442,771459,27,27,3,9,
42820,1846,771459,3,4,4,8,
42821,9696,771459,15,15,3,8,
42822,867,771459,3,4,4,8,
42823,11866,771459,15,15,3,8,
42824,12681,771459,3,4,4,8,
42825,1529,771459,3,4,4,8,
42826,16155,771459,3,4,4,8,
42827,9720,771459,3,4,4,9,
42828,2418,771459,3,4,4,8,
42829,17860,771459,23,23,3,8,
42830,5015,771459,3,4,4,8,
42831,1372,771459,3,4,4,6,
42832,14521,771459,3,4,4,7,
42833,3001,771459,3,4,4,7,
42834,21021,771459,21,21,3,8,
42835,11726,771459,21,21,3,8,
42836,21264,771459,31,32,3,8,
42837,11662,771459,3,4,4,9,
42838,18881,771459,3,4,4,7,
42839,25644,771459,33,33,3,9,
42840,21926,771459,33,33,3,8,
42841,22247,771459,3,4,4,8,
42842,31693,771459,29,29,3,8,
42843,7560,771459,13,13,3,8,
42844,35599,771459,3,4,4,8,
42845,7430,771459,3,4,4,8,
42846,10369,771459,19,19,3,8,
42847,12897,771459,23,23,3,8,
42848,12736,771459,15,15,3,7,
42849,14835,771459,3,4,4,8,
42850,12152,771459,3,4,4,8,
42851,24016,771459,25,25,3,7,
42852,43319,771459,33,33,3,9,
42853,4709,771459,3,4,4,8,
42854,41763,771459,3,4,4,8,
42855,23169,771459,19,19,3,8,
42856,15360,771459,21,21,3,8,
42857,33673,771459,29,29,3,9,
42858,6136,771459,13,13,3,8,
42859,16871,771459,19,19,3,9,
42860,5863,771459,3,4,4,8,
42861,14561,771459,3,4,4,8,
42862,2266,771459,3,4,4,9,
42863,2079,771459,3,4,4,8,
42864,24211,771459,33,33,3,8,
42865,1810,771459,3,4,4,7,
42866,6500,771459,3,4,4,7,
42867,17519,771459,3,4,4,9,
42868,25119,771459,29,29,3,8,
42869,15187,771459,15,15,3,8,
42870,28460,771459,33,33,3,8,
42871,28947,771459,3,4,4,8,
42872,12485,771459,17,17,3,8,
42873,28203,771459,25,25,3,8,
42874,2540,771459,3,4,4,8,
42875,26823,771459,3,4,4,9,
42876,22094,771459,23,23,3,8,
42877,3489,771459,3,4,4,8,
42878,20234,771459,3,4,4,7,
42879,10401,771459,17,17,3,8,
42880,5401,771459,3,4,4,9,
42881,11018,771459,21,21,3,9,
42882,2063,771459,3,4,4,9,
42883,13791,771459,13,13,3,8,
42884,12858,771459,3,4,4,8,
42885,24444,771459,33,33,3,9,
42886,21328,771459,31,31,3,9,
42887,25679,771459,29,29,3,8,
42888,22598,771459,3,4,4,8,
42889,24659,771459,29,29,3,8,
42890,9476,771459,15,15,3,8,
42891,24695,771459,3,4,4,7,
42892,2246,771459,3,4,4,8,
42893,14819,771459,25,25,3,8,
42894,12636,771459,17,17,3,8,
42895,11752,771459,3,4,4,8,
42896,7153,771459,3,4,4,8,
42897,10444,771459,3,4,4,8,
42898,3334,771459,3,4,4,7,
42899,5328,771459,3,4,4,8,
42900,5644,771459,3,4,4,7,
42901,23478,771459,31,31,3,7,
42902,4277,771459,3,4,4,7,
42903,46542,771459,33,33,3,8,
42904,4791,771459,3,4,4,8,
42905,26908,771459,21,21,3,9,
42906,17987,771459,19,19,3,8,
42907,25929,771459,25,25,3,8,
42908,14724,771459,15,15,3,8,
42909,31522,771459,25,25,3,8,
42910,978,771459,3,4,4,8,
42911,8848,771459,15,15,3,8,
42912,31961,771459,3,4,4,9,
42913,10448,771459,3,4,4,9,
42914,34512,771459,25,25,3,8,
42915,44940,771459,33,33,3,7,
42916,35561,771459,3,4,4,8,
42917,21585,771459,29,29,3,8,
42918,26784,771459,23,23,3,9,
42919,1540,771459,3,4,4,8,
42920,4575,771459,3,4,4,9,
42921,1831,771459,3,4,4,8,
42922,16447,771459,21,21,3,8,
42923,18218,771459,3,4,4,8,
42924,4183,771459,3,4,4,9,
42925,3346,771459,3,4,4,9,
42926,13135,771459,13,13,3,7,
42927,5783,771459,3,4,4,8,
42928,17871,771459,23,24,3,8,
42929,16871,771459,17,17,3,9,
42930,4398,771459,3,4,4,8,
42931,6281,771459,3,4,4,7,
42932,25151,771459,19,19,3,8,
42933,23577,771459,25,25,3,7,
42934,26958,771459,19,19,3,7,
42935,19534,771459,3,4,4,6,
42936,1825,771459,3,4,4,8,
42937,6952,771459,3,4,4,8,
42938,18710,771459,23,23,3,8,
42939,34159,771459,19,19,3,8,
42940,17450,771459,21,21,3,8,
42941,14887,771459,25,25,3,8,
42942,18259,771459,3,4,4,8,
42943,9461,771459,17,17,3,9,
42944,3982,771459,3,4,4,7,
42945,3348,771459,3,4,4,8,
42946,15978,771459,29,29,3,7,
42947,15275,771459,27,27,3,8,
42948,12798,771459,19,19,3,9,
42949,16262,771459,23,23,3,9,
42950,11986,771459,3,4,4,8,
42951,14206,771459,3,4,4,8,
42952,17388,771459,29,29,3,8,
42953,17732,771459,33,33,3,9,
42954,31787,771459,31,31,3,9,
42955,2450,771459,3,4,4,8,
42956,15534,771459,31,31,3,8,
42957,11833,771459,17,17,3,8,
42958,1406,771459,3,4,4,8,
42959,1812,771459,3,4,4,8,
42960,15122,771459,3,4,4,9,
42961,11535,771459,19,19,3,8,
42962,2146,771459,3,4,4,9,
42963,5045,771459,3,4,4,9,
42964,1315,771459,3,4,4,8,
42965,1881,771459,3,4,4,8,
42966,2443,771459,3,4,4,8,
42967,3980,771459,3,4,4,9,
42968,15785,771459,3,4,4,8,
42969,2897,771459,3,4,4,8,
42970,10287,771459,21,22,3,8,
42971,10763,771459,15,15,3,9,
42972,9322,771459,3,4,4,8,
42973,9914,771459,3,4,4,9,
42974,18002,771459,27,27,3,9,
42975,17272,771459,3,4,4,8,
42976,2206,771459,3,4,4,9,
42977,22756,771459,27,27,3,9,
42978,2243,771459,3,4,4,8,
42979,9527,771459,17,17,3,8,
42980,8202,771459,13,13,3,8,
42981,14486,771459,19,19,3,9,
42982,7420,771459,3,4,4,7,
42983,14225,771459,3,4,4,8,
42984,1449,771459,3,4,4,8,
42985,25718,771459,29,29,3,8,
42986,8921,771459,19,19,3,9,
42987,25742,771459,27,27,3,6,
42988,14616,771459,25,25,3,8,
42989,20319,771459,21,21,3,8,
42990,998,771459,3,4,4,8,
42991,21273,771459,29,29,3,8,
42992,17454,771459,25,25,3,8,
42993,22372,771459,33,33,3,8,
42994,8183,771459,13,13,3,9,
42995,12367,771459,17,17,3,8,
42996,5141,771459,3,4,4,9,
42997,6036,771459,3,4,4,8,
42998,2665,771459,3,4,4,9,
42999,2263,771459,3,4,4,8,
43000,5402,771459,13,13,3,8,
43001,9351,771459,3,4,4,8,
43002,5541,771459,3,4,4,7,
43003,16790,771459,33,33,3,9,
43004,3847,771459,3,4,4,6,
43005,16387,771459,3,4,4,8,
43006,5097,771459,3,4,4,9,
43007,2359,771459,3,4,4,6,
43008,18014,771459,29,29,3,7,
43009,13979,771459,19,19,3,8,
43010,3337,771459,3,4,4,8,
43011,21078,771459,33,33,3,9,
43012,8179,771459,15,15,3,8,
43013,2243,771459,3,4,4,8,
43014,9936,771459,17,17,3,8,
43015,1685,771459,3,4,4,8,
43016,9181,771459,3,4,4,9,
43017,22331,771459,31,31,3,9,
43018,22916,771459,3,4,4,9,
43019,12031,771459,17,17,3,9,
43020,19200,771459,21,21,3,9,
43021,6398,771459,13,13,3,8,
43022,14552,771459,29,29,3,8,
43023,18859,771459,33,33,3,8,
43024,4171,771459,3,4,4,9,
43025,9939,771459,15,15,3,9,
43026,11396,771459,23,23,3,8,
43027,35883,771459,33,33,3,8,
43028,2381,771459,3,4,4,9,
43029,1949,771459,3,4,4,9,
43030,19203,771459,23,23,3,9,
43031,19001,771459,29,29,3,8,
43032,1986,771459,3,4,4,8,
43033,27695,771459,31,31,3,9,
43034,4515,771459,3,4,4,9,
43035,1591,771459,3,4,4,7,
43036,3269,771459,3,4,4,8,
43037,26946,771459,3,4,4,7,
43038,8284,771459,15,15,3,8,
43039,2035,771459,3,4,4,8,
43040,25092,771459,3,4,4,9,
43041,16298,771459,19,19,3,8,
43042,10990,771459,21,21,3,8,
43043,22777,771459,33,33,3,8,
43044,6585,771459,13,13,3,9,
43045,7780,771459,17,17,3,8,
43046,15087,771459,27,27,3,7,
43047,12527,771459,23,23,3,7,
43048,3646,771459,3,4,4,9,
43049,3452,771459,3,4,4,9,
43050,2239,771459,3,4,4,9,
43051,6895,771459,3,4,4,8,
43052,2458,771459,3,4,4,8,
43053,3261,771459,3,4,4,7,
43054,3002,771459,3,4,4,8,
43055,22521,771459,23,23,3,8,
43056,4499,771459,3,4,4,9,
43057,25160,771459,33,33,3,6,
43058,16619,771459,33,33,3,7,
43059,3781,771459,3,4,4,8,
43060,13665,771459,19,19,3,8,
43061,3418,771459,3,4,4,8,
43062,23158,771459,33,33,3,6,
43063,17987,771459,21,21,3,8,
43064,15042,771459,3,4,4,8,
43065,10795,771459,15,15,3,8,
43066,12377,771459,15,15,3,8,
43067,9889,771459,17,17,3,8,
43068,7445,771459,3,4,4,8,
43069,1244,771459,3,4,4,8,
43070,14980,771459,27,27,3,9,
43071,16236,771459,3,4,4,8,
43072,20227,771459,29,29,3,8,
43073,21857,771459,3,4,4,8,
43074,3080,771459,3,4,4,8,
43075,1710,771459,3,4,4,8,
43076,2896,771459,3,4,4,8,
43077,3108,771459,3,4,4,8,
43078,8358,771459,17,17,3,8,
43079,3053,771459,3,4,4,9,
43080,8012,771459,3,4,4,7,
43081,3058,771459,3,4,4,8,
43082,1423,771459,3,4,4,8,
43083,11374,771459,19,19,3,9,
43084,14169,771459,25,25,3,9,
43085,11016,771459,3,4,4,8,
43086,13295,771460,15,15,3,9,
43087,1959,771460,3,4,4,8,
43088,15865,771460,31,31,3,9,
43089,15719,771460,3,4,4,8,
43090,7852,771460,17,17,3,9,
43091,10356,771460,19,19,3,9,
43092,2325,771460,3,4,4,8,
43093,2517,771460,3,4,4,8,
43094,2609,771460,3,4,4,8,
43095,2116,771460,3,4,4,8,
43096,16653,771460,33,33,3,8,
43097,3057,771460,3,4,4,8,
43098,11362,771460,17,17,3,8,
43099,16452,771460,3,4,4,8,
43100,45247,771460,25,25,3,9,
43101,12815,771460,3,4,4,9,
43102,2871,771460,3,4,4,9,
43103,45468,771460,33,33,3,8,
43104,7185,771460,17,17,3,8,
43105,45393,771460,31,31,3,9,
43106,6623,771460,13,13,3,9,
43107,7240,771460,3,4,4,9,
43108,38131,771460,19,19,3,8,
43109,39539,771460,29,29,3,9,
43110,2333,771460,3,4,4,8,
43111,41582,771460,27,27,3,9,
43112,36797,771460,21,21,3,8,
43113,47063,771460,33,33,3,8,
43114,36056,771460,19,19,3,8,
43115,51281,771460,31,31,3,9,
43116,12288,771460,23,23,3,8,
43117,11835,771460,27,27,3,9,
43118,7638,771460,3,4,4,9,
43119,11361,771460,3,4,4,8,
43120,10055,771460,3,4,4,8,
43121,10530,771460,17,17,3,8,
43122,12222,771460,3,4,4,9,
43123,20110,771460,29,29,3,9,
43124,16905,771460,31,31,3,8,
43125,2961,771460,3,4,4,8,
43126,14087,771460,25,25,3,8,
43127,12444,771460,19,19,3,8,
43128,20250,771460,33,33,3,8,
43129,14418,771460,23,23,3,7,
43130,3201,771460,3,4,4,9,
43131,10435,771460,3,4,4,9,
43132,2888,771460,3,4,4,9,
43133,2653,771460,3,4,4,9,
43134,10834,771460,3,4,4,9,
43135,9338,771460,17,17,3,8,
43136,10453,771460,3,4,4,9,
43137,2016,771460,3,4,4,7,
43138,9184,771460,3,4,4,8,
43139,3001,771460,3,4,4,9,
43140,8009,771460,13,13,3,9,
43141,11882,771460,19,19,3,8,
43142,3204,771460,3,4,4,8,
43143,12119,771460,25,25,3,8,
43144,11408,771460,3,4,4,8,
43145,21199,771460,29,29,3,9,
43146,1510,771460,3,4,4,9,
43147,2686,771460,3,4,4,8,
43148,19791,771460,3,4,4,8,
43149,3178,771460,3,4,4,8,
43150,1843,771460,3,4,4,8,
43151,15429,771460,29,29,3,8,
43152,1934,771460,3,4,4,8,
43153,8689,771460,15,15,3,8,
43154,14875,771460,25,25,3,8,
43155,9503,771460,3,4,4,9,
43156,14975,771460,3,4,4,8,
43157,2123,771460,3,4,4,8,
43158,19159,771460,29,29,3,8,
43159,15426,771460,19,19,3,9,
43160,14589,771460,3,4,4,9,
43161,2594,771460,3,4,4,9,
43162,19347,771460,21,21,3,8,
43163,19381,771460,19,19,3,9,
43164,9098,771460,13,13,3,8,
43165,2901,771460,3,4,4,9,
43166,2660,771460,3,4,4,8,
43167,2328,771460,3,4,4,8,
43168,24717,771460,31,31,3,8,
43169,1608,771460,3,4,4,8,
43170,10607,771460,17,17,3,9,
43171,15508,771460,29,29,3,9,
43172,15859,771460,3,4,4,8,
43173,18542,771460,31,31,3,9,
43174,8803,771460,19,19,3,9,
43175,13953,771460,31,31,3,8,
43176,14661,771460,3,4,4,8,
43177,12981,771460,3,4,4,8,
43178,13082,771460,27,27,3,8,
43179,9527,771460,3,4,4,8,
43180,6366,771460,13,13,3,9,
43181,12296,771460,27,27,3,8,
43182,12170,771460,3,4,4,8,
43183,1605,771460,3,4,4,8,
43184,5396,771460,3,4,4,8,
43185,1301,771460,3,4,4,9,
43186,23420,771460,27,27,3,8,
43187,2394,771460,3,4,4,8,
43188,2562,771460,3,4,4,8,
43189,19392,771460,31,31,3,8,
43190,17234,771460,21,21,3,9,
43191,11260,771460,21,21,3,8,
43192,1639,771460,3,4,4,8,
43193,3172,771460,3,4,4,8,
43194,1075,771460,3,4,4,8,
43195,13503,771460,13,13,3,8,
43196,1349,771460,3,4,4,8,
43197,1622,771460,3,4,4,7,
43198,19233,771460,21,21,3,8,
43199,13099,771460,23,23,3,7,
43200,13119,771460,13,13,3,7,
43201,19719,771460,23,23,3,8,
43202,13861,771460,3,4,4,9,
43203,22086,771460,31,31,3,8,
43204,9089,771460,3,4,4,9,
43205,23513,771460,29,29,3,9,
43206,3184,771460,3,4,4,8,
43207,7955,771460,3,4,4,8,
43208,11518,771460,27,27,3,9,
43209,12198,771460,3,4,4,8,
43210,24822,771460,25,25,3,8,
43211,17179,771460,19,19,3,9,
43212,7869,771460,13,13,3,9,
43213,13864,771460,23,23,3,8,
43214,2430,771460,3,4,4,9,
43215,20601,771460,33,33,3,9,
43216,20636,771460,3,4,4,9,
43217,2170,771460,3,4,4,9,
43218,8436,771460,3,4,4,8,
43219,1454,771460,3,4,4,8,
43220,1705,771460,3,4,4,8,
43221,7514,771460,3,4,4,8,
43222,13828,771460,19,19,3,8,
43223,8552,771460,13,13,3,9,
43224,6601,771460,3,4,4,7,
43225,11724,771460,21,21,3,8,
43226,2591,771460,3,4,4,8,
43227,13026,771460,3,4,4,9,
43228,2792,771460,3,4,4,8,
43229,18136,771460,17,17,3,8,
43230,1420,771460,3,4,4,7,
43231,22333,771460,31,31,3,8,
43232,1394,771460,3,4,4,7,
43233,15630,771460,3,4,4,8,
43234,9557,771460,21,21,3,8,
43235,1581,771460,3,4,4,8,
43236,10669,771460,3,4,4,8,
43237,21874,771460,33,33,3,9,
43238,13891,771460,19,19,3,8,
43239,18633,771460,27,27,3,8,
43240,3182,771460,3,4,4,8,
43241,11744,771460,19,19,3,8,
43242,14384,771460,3,4,4,8,
43243,3385,771460,3,4,4,9,
43244,2858,771460,3,4,4,8,
43245,15143,771460,25,25,3,8,
43246,1852,771460,3,4,4,8,
43247,26413,771460,17,17,3,8,
43248,17794,771460,29,29,3,8,
43249,11304,771460,29,29,3,8,
43250,18775,771460,3,4,4,9,
43251,18638,771460,25,25,3,9,
43252,12533,771460,23,23,3,7,
43253,6628,771460,3,4,4,8,
43254,14714,771460,21,21,3,9,
43255,12323,771460,3,4,4,8,
43256,1089,771460,3,4,4,8,
43257,13854,771460,21,21,3,8,
43258,13333,771460,3,4,4,8,
43259,16186,771460,27,27,3,9,
43260,3009,771460,3,4,4,8,
43261,2486,771460,3,4,4,8,
43262,2980,771460,3,4,4,8,
43263,19085,771460,29,29,3,9,
43264,1866,771460,3,4,4,8,
43265,24450,771460,31,31,3,7,
43266,11677,771460,15,15,3,8,
43267,23173,771460,31,31,3,9,
43268,23885,771460,3,4,4,7,
43269,10765,771460,21,21,3,9,
43270,7625,771460,17,17,3,8,
43271,3819,771460,3,4,4,8,
43272,7475,771460,3,4,4,8,
43273,1318,771460,3,4,4,9,
43274,1968,771460,3,4,4,8,
43275,14623,771460,29,29,3,8,
43276,18343,771460,29,29,3,7,
43277,12896,771460,19,19,3,8,
43278,12251,771460,19,19,3,9,
43279,8615,771460,15,15,3,8,
43280,12595,771460,3,4,4,9,
43281,20158,771460,33,33,3,8,
43282,9023,771460,3,4,4,8,
43283,2391,771460,3,4,4,7,
43284,17450,771460,3,4,4,7,
43285,24507,771460,31,31,3,8,
43286,1919,771460,3,4,4,8,
43287,30125,771460,3,4,4,8,
43288,2126,771460,3,4,4,8,
43289,2096,771460,3,4,4,8,
43290,1857,771460,3,4,4,8,
43291,1698,771460,3,4,4,8,
43292,2368,771460,3,4,4,8,
43293,15946,771460,29,29,3,8,
43294,3985,771460,3,4,4,9,
43295,19308,771460,23,23,3,8,
43296,34520,771460,25,25,3,8,
43297,3447,771460,3,4,4,8,
43298,15048,771460,23,23,3,9,
43299,2823,771460,3,4,4,9,
43300,2693,771460,3,4,4,8,
43301,31680,771460,21,21,3,7,
43302,38566,771460,31,31,3,8,
43303,1930,771460,3,4,4,8,
43304,11436,771460,15,15,3,7,
43305,15976,771460,3,4,4,9,
43306,7769,771460,3,4,4,8,
43307,24799,771460,21,21,3,9,
43308,48277,771460,27,27,3,8,
43309,26298,771460,15,15,3,7,
43310,14584,771460,13,13,3,8,
43311,7595,771460,3,4,4,8,
43312,19641,771460,23,23,3,8,
43313,61410,771460,23,23,3,8,
43314,62877,771460,3,4,4,8,
43315,8129,771460,3,4,4,9,
43316,13468,771460,13,13,3,8,
43317,53765,771460,23,23,3,8,
43318,2472,771460,3,4,4,9,
43319,1975,771460,3,4,4,9,
43320,39265,771460,13,13,3,8,
43321,43183,771460,3,4,4,8,
43322,36960,771460,3,4,4,9,
43323,56070,771460,33,33,3,8,
43324,9274,771460,3,4,4,9,
43325,40531,771460,19,19,3,8,
43326,28881,771460,3,4,4,7,
43327,23389,771460,3,4,4,9,
43328,10365,771460,3,4,4,8,
43329,9272,771460,3,4,4,9,
43330,4356,771460,3,4,4,7,
43331,34020,771460,31,31,3,9,
43332,7329,771460,3,4,4,8,
43333,27217,771460,15,15,3,9,
43334,4124,771460,3,4,4,7,
43335,33084,771460,3,4,4,7,
43336,13956,771460,13,13,3,8,
43337,3303,771460,3,4,4,7,
43338,11116,771460,3,4,4,7,
43339,16468,771460,21,21,3,8,
43340,26294,771460,27,27,3,8,
43341,22264,771460,29,29,3,8,
43342,13056,771460,13,13,3,8,
43343,14777,771460,3,4,4,8,
43344,21340,771460,33,33,3,7,
43345,22202,771460,3,4,4,7,
43346,1309,771460,3,4,4,8,
43347,18980,771460,33,33,3,5,
43348,18303,771460,3,4,4,4,
43349,1295,771460,3,4,4,8,
43350,14895,771460,27,27,3,6,
43351,14351,771460,3,4,4,5,
43352,2185,771460,3,4,4,8,
43353,1828,771460,3,4,4,7,
43354,7496,771460,15,15,3,6,
43355,9168,771460,17,17,3,2,
43356,8808,771460,3,4,4,2,
43357,19273,771460,27,27,3,5,
43358,22896,771460,3,4,4,6,
43359,1450,771460,3,4,4,3,
43360,20056,771460,21,21,3,6,
43361,2015,771460,3,4,4,5,
43362,20017,771460,3,4,4,6,
43363,3772,771460,3,4,4,6,
43364,2168,771460,3,4,4,7,
43365,949,771460,3,4,4,8,
43366,26082,771460,23,23,3,8,
43367,1761,771460,3,4,4,8,
43368,1620,771460,3,4,4,8,
43369,3282,771460,3,4,4,9,
43370,8338,771460,15,15,3,8,
43371,21971,771460,15,15,3,8,
43372,23047,771460,29,29,3,8,
43373,835,771460,3,4,4,8,
43374,14581,771460,19,19,3,8,
43375,14987,771460,3,4,4,8,
43376,15465,771460,21,21,3,9,
43377,17420,771460,3,4,4,9,
43378,7410,771460,15,15,3,8,
43379,21240,771460,29,29,3,8,
43380,34835,771460,25,25,3,8,
43381,7913,771460,13,13,3,8,
43382,8845,771460,3,4,4,8,
43383,4708,771460,3,4,4,9,
43384,24853,771460,25,25,3,8,
43385,2365,771460,3,4,4,8,
43386,3568,771460,3,4,4,8,
43387,19373,771460,23,23,3,9,
43388,10028,771460,19,19,3,9,
43389,19703,771460,19,19,3,8,
43390,10134,771460,3,4,4,9,
43391,2169,771460,3,4,4,8,
43392,16982,771460,25,25,3,8,
43393,1947,771460,3,4,4,9,
43394,16479,771460,21,21,3,9,
43395,18502,771460,27,27,3,9,
43396,21047,771460,27,27,3,9,
43397,25393,771460,33,33,3,9,
43398,15106,771460,3,4,4,9,
43399,4136,771460,3,4,4,8,
43400,1842,771460,3,4,4,8,
43401,22835,771460,31,31,3,8,
43402,3513,771460,3,4,4,8,
43403,2282,771460,3,4,4,8,
43404,21919,771460,3,4,4,8,
43405,2903,771460,3,4,4,8,
43406,15636,771460,27,27,3,8,
43407,23063,771460,31,31,3,8,
43408,13155,771460,21,21,3,8,
43409,14102,771460,21,21,3,8,
43410,21970,771460,3,4,4,8,
43411,14149,771460,3,4,4,8,
43412,21469,771460,33,33,3,9,
43413,16889,771460,3,4,4,9,
43414,2475,771460,3,4,4,7,
43415,8032,771460,13,13,3,8,
43416,2126,771460,3,4,4,7,
43417,2072,771460,3,4,4,8,
43418,5933,771460,3,4,4,7,
43419,2756,771460,3,4,4,9,
43420,2886,771460,3,4,4,8,
43421,12425,771460,23,23,3,9,
43422,13315,771460,3,4,4,9,
43423,1956,771460,3,4,4,9,
43424,2260,771460,3,4,4,7,
43425,1798,771460,3,4,4,8,
43426,19455,771460,25,25,3,9,
43427,20717,771460,31,31,3,7,
43428,17336,771460,31,31,3,7,
43429,20019,771460,3,4,4,7,
43430,21665,771460,33,33,3,8,
43431,21985,771460,33,33,3,8,
43432,13016,771460,17,17,3,9,
43433,14311,771460,3,4,4,8,
43434,1912,771460,3,4,4,9,
43435,10465,771460,13,13,3,8,
43436,24359,771460,15,15,3,8,
43437,27112,771460,33,33,3,8,
43438,5809,771460,3,4,4,9,
43439,8055,771460,13,13,3,8,
43440,27304,771460,3,4,4,9,
43441,28765,771460,31,31,3,7,
43442,22342,771460,25,25,3,8,
43443,15689,771460,3,4,4,8,
43444,7587,771460,15,15,3,8,
43445,12288,771460,17,17,3,8,
43446,6669,771460,13,13,3,8,
43447,9082,771460,17,17,3,9,
43448,12589,771460,17,17,3,8,
43449,16913,771460,23,23,3,9,
43450,9954,771460,13,13,3,8,
43451,2809,771460,3,4,4,9,
43452,13651,771460,3,4,4,8,
43453,3390,771460,3,4,4,8,
43454,15497,771460,21,21,3,8,
43455,16693,771460,3,4,4,9,
43456,21388,771460,33,33,3,8,
43457,12556,771460,21,21,3,7,
43458,12063,771460,17,17,3,8,
43459,11932,771460,3,4,4,8,
43460,20124,771460,3,4,4,9,
43461,15153,771460,21,21,3,8,
43462,16691,771460,29,29,3,8,
43463,17069,771460,3,4,4,8,
43464,16002,771460,15,15,3,8,
43465,16604,771460,25,25,3,8,
43466,18040,771460,27,27,3,9,
43467,10421,771460,15,15,3,8,
43468,16608,771460,3,4,4,8,
43469,12314,771460,3,4,4,7,
43470,1447,771460,3,4,4,8,
43471,20420,771460,29,29,3,8,
43472,8894,771460,19,19,3,8,
43473,19910,771460,3,4,4,7,
43474,21063,771460,15,15,3,9,
43475,14914,771460,25,25,3,9,
43476,6451,771460,13,13,3,9,
43477,2803,771460,3,4,4,8,
43478,19264,771460,29,29,3,8,
43479,25567,771460,33,33,3,8,
43480,16964,771460,25,25,3,8,
43481,26105,771460,3,4,4,8,
43482,19434,771460,3,4,4,9,
43483,4543,771460,3,4,4,8,
43484,15349,771460,19,19,3,8,
43485,11036,771460,13,13,3,7,
43486,9810,771460,23,23,3,8,
43487,14394,771460,23,23,3,9,
43488,6412,771460,3,4,4,8,
43489,2783,771460,3,4,4,8,
43490,2125,771460,3,4,4,8,
43491,28475,771460,29,29,3,8,
43492,3170,771460,3,4,4,8,
43493,21670,771460,31,31,3,9,
43494,4184,771460,3,4,4,8,
43495,27662,771460,31,31,3,8,
43496,1187,771460,3,4,4,8,
43497,2994,771460,3,4,4,8,
43498,3771,771460,3,4,4,9,
43499,3494,771460,3,4,4,8,
43500,8860,771460,13,13,3,9,
43501,19318,771460,23,23,3,9,
43502,38767,771460,27,27,3,8,
43503,8581,771460,3,4,4,8,
43504,18622,771460,19,19,3,9,
43505,22101,771460,31,31,3,9,
43506,15212,771460,17,17,3,8,
43507,3317,771460,3,4,4,9,
43508,3963,771460,3,4,4,9,
43509,1718,771460,3,4,4,9,
43510,3223,771460,3,4,4,9,
43511,11925,771460,15,15,3,8,
43512,10572,771460,19,19,3,9,
43513,10159,771460,3,4,4,7,
43514,2532,771460,3,4,4,9,
43515,8342,771460,17,17,3,8,
43516,2760,771460,3,4,4,9,
43517,3449,771460,3,4,4,8,
43518,11367,771460,15,15,3,9,
43519,3393,771460,3,4,4,8,
43520,17553,771460,3,4,4,9,
43521,10631,771460,23,23,3,8,
43522,12540,771460,31,31,3,8,
43523,7788,771460,3,4,4,8,
43524,12016,771460,3,4,4,7,
43525,10770,771460,27,27,3,8,
43526,7874,771460,3,4,4,8,
43527,10939,771460,3,4,4,9,
43528,19362,771460,31,31,3,8,
43529,2096,771460,3,4,4,8,
43530,19204,771460,3,4,4,9,
43531,15565,771460,17,17,3,9,
43532,15247,771460,3,4,4,8,
43533,8837,771460,13,13,3,9,
43534,3281,771460,3,4,4,7,
43535,2413,771460,3,4,4,8,
43536,25443,771460,33,33,3,9,
43537,9716,771460,15,15,3,9,
43538,27670,771460,31,31,3,7,
43539,16027,771460,19,19,3,8,
43540,25140,771460,27,27,3,8,
43541,35599,771460,31,31,3,9,
43542,17101,771460,23,23,3,9,
43543,2612,771460,3,4,4,9,
43544,4231,771460,3,4,4,8,
43545,2322,771460,3,4,4,8,
43546,21174,771460,29,29,3,9,
43547,26593,771460,23,23,3,8,
43548,12544,771460,15,15,3,9,
43549,27463,771460,31,31,3,8,
43550,12112,771460,3,4,4,9,
43551,19331,771460,3,4,4,9,
43552,13998,771460,21,21,3,8,
43553,5605,771460,13,13,3,9,
43554,30268,771460,31,31,3,8,
43555,4442,771460,3,4,4,8,
43556,25270,771460,17,17,3,9,
43557,115701,771460,31,31,3,8,
43558,107978,771460,29,29,3,8,
43559,105765,771460,27,27,3,8,
43560,108944,771460,3,4,4,8,
43561,9257,771460,3,4,4,8,
43562,97141,771460,25,25,3,9,
43563,113795,771460,33,33,3,8,
43564,82740,771460,13,13,3,8,
43565,108090,771460,23,23,3,9,
43566,89090,771460,33,33,3,8,
43567,19328,771460,3,4,4,9,
43568,15902,771460,13,13,3,8,
43569,26686,771460,25,25,3,8,
43570,3401,771460,3,4,4,8,
43571,7207,771460,3,4,4,9,
43572,16349,771460,13,13,3,8,
43573,15558,771460,3,4,4,8,
43574,5538,771460,3,4,4,9,
43575,18994,771460,19,19,3,9,
43576,9705,771460,15,15,3,9,
43577,21105,771460,33,33,3,8,
43578,19079,771460,15,15,3,8,
43579,8861,771460,3,4,4,9,
43580,18553,771460,19,19,3,9,
43581,13662,771460,3,4,4,8,
43582,3357,771460,3,4,4,8,
43583,2997,771460,3,4,4,8,
43584,1847,771460,3,4,4,9,
43585,3383,771460,3,4,4,8,
43586,13634,771460,19,19,3,8,
43587,27778,771460,27,27,3,8,
43588,22029,771460,27,27,3,8,
43589,23046,771460,29,29,3,8,
43590,6773,771460,3,4,4,8,
43591,22804,771460,3,4,4,8,
43592,3905,771460,3,4,4,8,
43593,4084,771460,3,4,4,7,
43594,3517,771460,3,4,4,8,
43595,4852,771460,3,4,4,8,
43596,30001,771460,25,25,3,7,
43597,25078,771460,23,23,3,8,
43598,3587,771460,3,4,4,7,
43599,6332,771460,3,4,4,9,
43600,17266,771460,21,21,3,8,
43601,2639,771460,3,4,4,8,
43602,33153,771460,27,27,3,8,
43603,20364,771460,23,23,3,8,
43604,35780,771460,27,27,3,8,
43605,4954,771460,3,4,4,8,
43606,28301,771460,23,23,3,7,
43607,2915,771460,3,4,4,8,
43608,12110,771460,3,4,4,8,
43609,14900,771460,19,19,3,9,
43610,14757,771460,3,4,4,9,
43611,15992,771460,25,25,3,8,
43612,19349,771460,29,29,3,9,
43613,18226,771460,3,4,4,8,
43614,18503,771460,3,4,4,8,
43615,27328,771460,29,29,3,8,
43616,17291,771460,21,21,3,9,
43617,19052,771460,27,27,3,9,
43618,12475,771460,21,21,3,7,
43619,21147,771460,23,23,3,8,
43620,17178,771460,3,4,4,9,
43621,13625,771460,17,17,3,7,
43622,1444,771460,3,4,4,7,
43623,13630,771460,3,4,4,8,
43624,9392,771460,13,13,3,9,
43625,5308,771460,3,4,4,8,
43626,9147,771460,13,13,3,8,
43627,23477,771460,31,31,3,8,
43628,10101,771460,3,4,4,8,
43629,27032,771460,27,27,3,8,
43630,3908,771460,3,4,4,8,
43631,1902,771460,3,4,4,8,
43632,25511,771460,23,23,3,7,
43633,21611,771460,29,29,3,7,
43634,27152,771460,31,31,3,7,
43635,1984,771460,3,4,4,8,
43636,23277,771460,27,27,3,7,
43637,22527,771460,3,4,4,9,
43638,3925,771460,3,4,4,8,
43639,24915,771460,3,4,4,8,
43640,2358,771460,3,4,4,8,
43641,1090,771460,3,4,4,8,
43642,2542,771460,3,4,4,9,
43643,23191,771460,21,21,3,9,
43644,22961,771460,3,4,4,9,
43645,17016,771460,21,21,3,8,
43646,4568,771460,3,4,4,8,
43647,21768,771460,23,23,3,8,
43648,19664,771460,23,23,3,8,
43649,3670,771460,3,4,4,8,
43650,3684,771460,3,4,4,8,
43651,16952,771460,27,27,3,6,
43652,1649,771460,3,4,4,8,
43653,25199,771460,13,13,3,8,
43654,17585,771460,3,4,4,8,
43655,2743,771460,3,4,4,9,
43656,22370,771460,31,31,3,8,
43657,21292,771460,3,4,4,8,
43658,1327,771460,3,4,4,8,
43659,2335,771460,3,4,4,8,
43660,15618,771460,27,27,3,8,
43661,20949,771460,33,33,3,9,
43662,19855,771460,3,4,4,9,
43663,25344,771460,31,31,3,8,
43664,25907,771460,29,29,3,8,
43665,13824,771460,23,23,3,9,
43666,15447,771460,3,4,4,8,
43667,9730,771460,17,17,3,8,
43668,24170,771460,29,29,3,8,
43669,26146,771460,33,33,3,8,
43670,10715,771460,13,13,3,8,
43671,2698,771460,3,4,4,8,
43672,2874,771460,3,4,4,8,
43673,3800,771460,3,4,4,8,
43674,20407,771460,29,29,3,8,
43675,15715,771460,25,25,3,8,
43676,20742,771460,3,4,4,8,
43677,1715,771460,3,4,4,8,
43678,1452,771460,3,4,4,8,
43679,14101,771460,3,4,4,8,
43680,2724,771460,3,4,4,9,
43681,6155,771460,13,13,3,9,
43682,6058,771460,3,4,4,9,
43683,11410,771460,3,4,4,8,
43684,7887,771460,3,4,4,9,
43685,2872,771460,3,4,4,8,
43686,3729,771460,3,4,4,8,
43687,4089,771460,3,4,4,8,
43688,10080,771460,17,17,3,8,
43689,21842,771460,15,15,3,8,
43690,3530,771460,3,4,4,8,
43691,13736,771460,3,4,4,7,
43692,1850,771460,3,4,4,8,
43693,29531,771460,17,17,3,8,
43694,33156,771460,31,31,3,8,
43695,21327,771460,19,19,3,8,
43696,1911,771460,3,4,4,8,
43697,26546,771460,33,33,3,8,
43698,22282,771460,3,4,4,8,
43699,30701,771460,3,4,4,8,
43700,26109,771460,3,4,4,8,
43701,12206,771460,13,13,3,8,
43702,11219,771460,17,17,3,8,
43703,11929,771460,3,4,4,9,
43704,26841,771460,33,33,3,8,
43705,20905,771460,25,25,3,9,
43706,12719,771460,21,21,3,9,
43707,13120,771460,13,13,3,8,
43708,3602,771460,3,4,4,8,
43709,59758,771460,33,33,3,8,
43710,22173,771460,17,17,3,9,
43711,2207,771460,3,4,4,8,
43712,1983,771460,3,4,4,8,
43713,35815,771461,31,31,3,8,
43714,13017,771461,17,17,3,8,
43715,13266,771461,19,19,3,8,
43716,13578,771461,3,4,4,9,
43717,31683,771461,13,13,3,8,
43718,49901,771461,3,4,4,8,
43719,11403,771461,17,17,3,9,
43720,1960,771461,3,4,4,7,
43721,19319,771461,13,13,3,9,
43722,45719,771461,25,25,3,8,
43723,35065,771461,3,4,4,8,
43724,18808,771461,21,21,3,8,
43725,8123,771461,3,4,4,9,
43726,30771,771461,21,21,3,8,
43727,32383,771461,3,4,4,8,
43728,7054,771461,3,4,4,8,
43729,10487,771461,3,4,4,7,
43730,13737,771461,3,4,4,8,
43731,16805,771461,19,19,3,8,
43732,1647,771461,3,4,4,8,
43733,21391,771461,21,21,3,8,
43734,21128,771461,21,21,3,9,
43735,20925,771461,3,4,4,8,
43736,5287,771461,3,4,4,7,
43737,16105,771461,3,4,4,8,
43738,4182,771461,3,4,4,8,
43739,49142,771461,27,27,3,9,
43740,6073,771461,3,4,4,8,
43741,48873,771461,33,33,3,8,
43742,65404,771461,29,29,3,9,
43743,16104,771461,15,15,3,9,
43744,41691,771461,15,15,3,9,
43745,40226,771461,3,4,4,9,
43746,2293,771461,3,4,4,8,
43747,8924,771461,17,17,3,9,
43748,8693,771461,3,4,4,8,
43749,46763,771461,33,33,3,8,
43750,28152,771461,15,15,3,8,
43751,34181,771461,3,4,4,8,
43752,21070,771461,3,4,4,8,
43753,19596,771461,31,31,3,8,
43754,12634,771461,17,17,3,8,
43755,18360,771461,3,4,4,8,
43756,38492,771461,33,33,3,9,
43757,3480,771461,3,4,4,9,
43758,25781,771461,31,31,3,8,
43759,14836,771461,15,15,3,7,
43760,24941,771461,3,4,4,8,
43761,22116,771461,33,33,3,9,
43762,5887,771461,3,4,4,8,
43763,11704,771461,13,13,3,8,
43764,13260,771461,3,4,4,7,
43765,1091,771461,3,4,4,8,
43766,11286,771461,3,4,4,8,
43767,8410,771461,13,13,3,9,
43768,23051,771461,3,4,4,9,
43769,9053,771461,3,4,4,8,
43770,30193,771461,31,31,3,7,
43771,16979,771461,17,17,3,8,
43772,3271,771461,3,4,4,8,
43773,3059,771461,3,4,4,8,
43774,30315,771461,3,4,4,8,
43775,4323,771461,3,4,4,8,
43776,2227,771461,3,4,4,8,
43777,15682,771461,23,23,3,8,
43778,30732,771461,29,29,3,8,
43779,24221,771461,29,29,3,8,
43780,21747,771461,19,19,3,9,
43781,26181,771461,31,31,3,9,
43782,3472,771461,3,4,4,9,
43783,18522,771461,25,25,3,9,
43784,27266,771461,13,13,3,8,
43785,20740,771461,23,23,3,9,
43786,26977,771461,3,4,4,8,
43787,24688,771461,31,31,3,9,
43788,10872,771461,15,15,3,8,
43789,14456,771461,17,17,3,8,
43790,14309,771461,3,4,4,8,
43791,17044,771461,13,13,3,9,
43792,21899,771461,33,33,3,9,
43793,59421,771461,29,29,3,9,
43794,8172,771461,3,4,4,9,
43795,12179,771461,3,4,4,8,
43796,7759,771461,3,4,4,8,
43797,38088,771461,33,33,3,8,
43798,22057,771461,21,21,3,8,
43799,11562,771461,13,13,3,8,
43800,22375,771461,3,4,4,9,
43801,30166,771461,25,25,3,8,
43802,43037,771461,3,4,4,8,
43803,31031,771461,29,29,3,8,
43804,1254,771461,3,4,4,8,
43805,44089,771461,29,29,3,8,
43806,18888,771461,23,23,3,8,
43807,13670,771461,21,21,3,9,
43808,25559,771461,25,25,3,9,
43809,22312,771461,29,29,3,8,
43810,10557,771461,13,13,3,9,
43811,21952,771461,3,4,4,8,
43812,8222,771461,3,4,4,9,
43813,33314,771461,31,31,3,7,
43814,26650,771461,21,21,3,8,
43815,31152,771461,3,4,4,7,
43816,23678,771461,21,21,3,8,
43817,2421,771461,3,4,4,8,
43818,29578,771461,31,31,3,8,
43819,25248,771461,23,23,3,8,
43820,725,771461,3,4,4,8,
43821,24472,771461,19,19,3,8,
43822,11940,771461,15,15,3,9,
43823,11211,771461,19,19,3,9,
43824,12059,771461,3,4,4,9,
43825,11296,771461,3,4,4,8,
43826,3687,771461,3,4,4,8,
43827,3915,771461,3,4,4,7,
43828,1629,771461,3,4,4,8,
43829,2188,771461,3,4,4,7,
43830,32011,771461,27,27,3,7,
43831,54728,771461,27,27,3,8,
43832,31818,771461,3,4,4,7,
43833,1452,771461,3,4,4,7,
43834,2992,771461,3,4,4,8,
43835,10921,771461,17,17,3,8,
43836,4662,771461,3,4,4,9,
43837,38288,771461,23,23,3,8,
43838,48263,771461,33,33,3,9,
43839,38141,771461,3,4,4,8,
43840,47940,771461,29,29,3,8,
43841,4302,771461,3,4,4,9,
43842,2109,771461,3,4,4,8,
43843,1790,771461,3,4,4,8,
43844,3586,771461,3,4,4,8,
43845,924,771461,3,4,4,7,
43846,7501,771461,15,15,3,7,
43847,63527,771461,21,21,3,8,
43848,74932,771461,3,4,4,9,
43849,31192,771461,17,17,3,8,
43850,143337,771461,33,33,3,8,
43851,38082,771461,3,4,4,9,
43852,60808,771461,29,29,3,8,
43853,66449,771461,21,21,3,8,
43854,2066,771461,3,4,4,8,
43855,3262,771461,3,4,4,9,
43856,143996,771461,3,4,4,8,
43857,234925,771461,31,31,3,8,
43858,234682,771461,3,4,4,8,
43859,13840,771461,3,4,4,9,
43860,207704,771461,29,29,3,8,
43861,34299,771461,3,4,4,8,
43862,199406,771461,3,4,4,8,
43863,20062,771461,3,4,4,7,
43864,90648,771461,13,13,3,7,
43865,164015,771461,23,23,3,8,
43866,5669,771461,3,4,4,8,
43867,132348,771461,15,15,3,9,
43868,123185,771461,21,21,3,9,
43869,147141,771461,33,33,3,8,
43870,72051,771461,19,19,3,8,
43871,72827,771461,3,4,4,8,
43872,77865,771461,25,25,3,8,
43873,91969,771461,29,29,3,8,
43874,29700,771461,15,15,3,8,
43875,33469,771461,17,17,3,8,
43876,70303,771461,23,23,3,8,
43877,62680,771461,19,19,3,8,
43878,79862,771461,23,23,3,8,
43879,35195,771461,29,29,3,9,
43880,68549,771461,3,4,4,9,
43881,15981,771461,3,4,4,8,
43882,27136,771461,15,15,3,8,
43883,41988,771461,3,4,4,8,
43884,48780,771461,29,29,3,8,
43885,36528,771461,19,19,3,9,
43886,21623,771461,3,4,4,8,
43887,26566,771461,3,4,4,9,
43888,28264,771461,21,21,3,7,
43889,32876,771461,31,31,3,9,
43890,42333,771461,25,25,3,8,
43891,32242,771461,31,31,3,9,
43892,3541,771461,3,4,4,9,
43893,13617,771461,3,4,4,8,
43894,23897,771461,27,27,3,9,
43895,47188,771461,21,21,3,8,
43896,23926,771461,23,23,3,8,
43897,20982,771461,3,4,4,8,
43898,1302,771461,3,4,4,8,
43899,2276,771461,3,4,4,8,
43900,15671,771461,17,17,3,8,
43901,29149,771461,33,33,3,9,
43902,21987,771461,3,4,4,8,
43903,18204,771461,3,4,4,9,
43904,25430,771461,3,4,4,9,
43905,18844,771461,3,4,4,8,
43906,15289,771461,23,23,3,8,
43907,18918,771461,13,13,3,8,
43908,45735,771461,33,33,3,8,
43909,17576,771461,15,15,3,9,
43910,13285,771461,21,21,3,8,
43911,43043,771461,3,4,4,9,
43912,28156,771461,19,19,3,8,
43913,39105,771461,31,31,3,9,
43914,23975,771461,21,21,3,8,
43915,31176,771461,29,29,3,8,
43916,29314,771461,3,4,4,7,
43917,35559,771461,3,4,4,9,
43918,2598,771461,3,4,4,9,
43919,34963,771461,33,33,3,9,
43920,33675,771461,3,4,4,9,
43921,6336,771461,3,4,4,9,
43922,1978,771461,3,4,4,8,
43923,1338,771461,3,4,4,7,
43924,28211,771461,31,31,3,8,
43925,29588,771461,3,4,4,8,
43926,18322,771461,17,17,3,8,
43927,12593,771461,19,19,3,8,
43928,19848,771461,17,17,3,9,
43929,19363,771461,23,23,3,8,
43930,1924,771461,3,4,4,9,
43931,24267,771461,23,23,3,9,
43932,35146,771461,3,4,4,8,
43933,18961,771461,17,17,3,9,
43934,55449,771461,31,31,3,8,
43935,60796,771461,29,29,3,8,
43936,8584,771461,13,13,3,8,
43937,36725,771461,31,31,3,9,
43938,47653,771461,33,33,3,8,
43939,4408,771461,3,4,4,8,
43940,258987,771461,33,33,3,9,
43941,54578,771461,13,13,3,8,
43942,49578,771461,29,29,3,7,
43943,4094,771461,3,4,4,8,
43944,41941,771461,3,4,4,8,
43945,2326,771461,3,4,4,8,
43946,1598,771461,3,4,4,8,
43947,2359,771461,3,4,4,8,
43948,2851,771461,3,4,4,8,
43949,73935,771461,25,25,3,8,
43950,78977,771461,3,4,4,8,
43951,16730,771461,3,4,4,8,
43952,46374,771461,19,19,3,7,
43953,25403,771461,15,15,3,8,
43954,36814,771461,15,15,3,8,
43955,21709,771461,3,4,4,8,
43956,144243,771461,29,29,3,8,
43957,29827,771461,17,17,3,8,
43958,36607,771461,33,33,3,8,
43959,6496,771461,3,4,4,9,
43960,25537,771461,13,13,3,8,
43961,114463,771461,29,29,3,9,
43962,20607,771461,3,4,4,7,
43963,188231,771461,3,4,4,8,
43964,93066,771461,23,23,3,8,
43965,14309,771461,3,4,4,8,
43966,818,771461,3,4,4,6,
43967,83915,771461,3,4,4,7,
43968,4737,771461,3,4,4,7,
43969,3728,771461,3,4,4,8,
43970,43862,771461,3,4,4,9,
43971,84209,771461,13,13,3,7,
43972,29378,771461,3,4,4,8,
43973,40406,771461,17,17,3,8,
43974,12508,771461,3,4,4,9,
43975,150469,771461,33,33,3,9,
43976,120541,771461,29,29,3,9,
43977,8222,771461,3,4,4,8,
43978,3865,771461,3,4,4,8,
43979,144973,771461,31,31,3,8,
43980,79194,771461,3,4,4,9,
43981,1538,771461,3,4,4,7,
43982,117844,771461,23,23,3,7,
43983,25050,771461,3,4,4,7,
43984,135824,771461,23,23,3,8,
43985,52108,771461,3,4,4,8,
43986,24560,771462,3,4,4,9,
43987,22633,771462,3,4,4,8,
43988,36659,771462,15,15,3,8,
43989,22502,771462,15,15,3,9,
43990,5824,771462,3,4,4,8,
43991,58685,771462,25,25,3,7,
43992,4777,771462,3,4,4,8,
43993,59721,771462,29,29,3,8,
43994,56869,771462,33,33,3,8,
43995,51458,771462,15,15,3,8,
43996,43478,771462,19,19,3,9,
43997,32065,771462,29,29,3,8,
43998,21542,771462,3,4,4,8,
43999,21327,771462,3,4,4,8,
44000,29158,771462,21,21,3,9,
44001,4974,771462,3,4,4,7,
44002,6719,771462,3,4,4,7,
44003,9824,771462,17,17,3,8,
44004,23856,771462,3,4,4,8,
44005,46448,771462,25,25,3,8,
44006,12004,771462,3,4,4,8,
44007,2154,771462,3,4,4,7,
44008,45566,771462,3,4,4,8,
44009,22672,771462,25,25,3,7,
44010,22157,771462,29,29,3,6,
44011,36309,771462,21,21,3,7,
44012,36262,771462,3,4,4,8,
44013,17262,771462,27,27,3,8,
44014,28006,771462,3,4,4,9,
44015,2943,771462,3,4,4,8,
44016,31120,771462,13,13,3,7,
44017,26788,771462,19,19,3,8,
44018,28237,771462,3,4,4,8,
44019,36922,771462,21,21,3,7,
44020,2956,771462,3,4,4,8,
44021,25333,771462,29,29,3,9,
44022,35107,771462,33,33,3,8,
44023,1092,771462,3,4,4,8,
44024,1174,771462,3,4,4,7,
44025,1600,771462,3,4,4,7,
44026,24621,771462,29,29,3,8,
44027,20628,771462,21,21,3,8,
44028,24989,771462,33,33,3,8,
44029,24962,771462,3,4,4,9,
44030,2688,771462,3,4,4,8,
44031,18347,771462,15,15,3,8,
44032,759,771462,3,4,4,8,
44033,39230,771462,31,31,3,8,
44034,40536,771462,3,4,4,9,
44035,17976,771462,33,33,3,8,
44036,25039,771462,33,33,3,9,
44037,24021,771462,3,4,4,8,
44038,2566,771462,3,4,4,8,
44039,9293,771462,17,17,3,8,
44040,717,771462,3,4,4,7,
44041,9407,771462,3,4,4,7,
44042,1093,771462,3,4,4,8,
44043,25041,771462,21,21,3,8,
44044,7510,771462,3,4,4,8,
44045,10001,771462,13,13,3,8,
44046,2295,771462,3,4,4,7,
44047,2227,771462,3,4,4,7,
44048,2258,771462,3,4,4,6,
44049,2037,771462,3,4,4,7,
44050,4803,771462,3,4,4,7,
44051,25015,771462,29,29,3,8,
44052,13278,771462,17,17,3,8,
44053,23056,771462,19,19,3,8,
44054,8176,771462,13,13,3,7,
44055,9680,771462,3,4,4,9,
44056,1618,771462,3,4,4,8,
44057,17538,771462,17,17,3,8,
44058,22299,771462,25,25,3,8,
44059,2034,771462,3,4,4,8,
44060,2496,771462,3,4,4,7,
44061,22594,771462,27,27,3,7,
44062,19291,771462,27,27,3,7,
44063,3729,771462,3,4,4,9,
44064,11005,771462,19,19,3,8,
44065,2719,771462,3,4,4,8,
44066,23692,771462,3,4,4,8,
44067,2334,771462,3,4,4,9,
44068,18020,771462,27,27,3,9,
44069,17815,771462,3,4,4,8,
44070,7109,771462,15,15,3,8,
44071,7908,771462,3,4,4,8,
44072,8660,771462,3,4,4,9,
44073,6201,771462,3,4,4,9,
44074,2351,771462,3,4,4,7,
44075,24717,771462,25,25,3,8,
44076,25105,771462,33,33,3,8,
44077,8743,771462,15,15,3,9,
44078,20312,771462,25,26,3,8,
44079,24698,771462,3,4,4,7,
44080,7644,771462,3,4,4,8,
44081,27978,771462,25,25,3,8,
44082,14856,771462,23,23,3,8,
44083,20346,771462,23,23,3,7,
44084,21121,771462,27,27,3,8,
44085,1439,771462,3,4,4,8,
44086,13869,771462,19,19,3,8,
44087,12989,771462,3,4,4,8,
44088,9911,771462,3,4,4,8,
44089,4023,771462,3,4,4,9,
44090,2040,771462,3,4,4,7,
44091,4320,771462,3,4,4,7,
44092,24182,771462,33,33,3,8,
44093,2651,771462,3,4,4,8,
44094,12705,771462,19,19,3,8,
44095,22473,771462,31,31,3,8,
44096,21096,771462,17,17,3,8,
44097,1819,771462,3,4,4,8,
44098,3352,771462,3,4,4,8,
44099,21638,771462,33,33,3,6,
44100,20375,771462,3,4,4,5,
44101,19760,771462,3,4,4,7,
44102,13595,771462,25,25,3,9,
44103,22517,771462,3,4,4,8,
44104,12945,771462,19,19,3,9,
44105,10939,771462,3,4,4,6,
44106,4030,771462,3,4,4,8,
44107,20569,771462,19,19,3,7,
44108,14159,771462,15,15,3,7,
44109,17789,771462,3,4,4,2,
44110,17098,771462,25,25,3,4,
44111,1936,771462,3,4,4,7,
44112,13862,771462,15,15,3,6,
44113,3073,771462,3,4,4,8,
44114,17758,771462,3,4,4,4,
44115,16122,771462,33,33,3,6,
44116,2025,771462,3,4,4,8,
44117,14578,771462,3,4,4,5,
44118,1998,771462,3,4,4,8,
44119,1931,771462,3,4,4,1,
44120,1074,771462,3,4,4,1,
44121,6903,771462,17,17,3,5,
44122,1300,771462,3,4,4,2,
44123,690,771462,3,4,4,2,
44124,878,771462,3,4,4,1,
44125,22566,771462,27,27,3,5,
44126,1531,771462,3,4,4,4,
44127,918,771462,3,4,4,5,
44128,4281,771462,3,4,4,6,
44129,23380,771462,3,4,4,7,
44130,19914,771462,27,27,3,7,
44131,12814,771462,21,21,3,8,
44132,20245,771462,29,29,3,8,
44133,11425,771462,17,17,3,7,
44134,19124,771462,3,4,4,8,
44135,2324,771462,3,4,4,9,
44136,11250,771462,3,4,4,8,
44137,19698,771462,15,15,3,9,
44138,16499,771462,27,27,3,8,
44139,2511,771462,3,4,4,8,
44140,26513,771462,33,33,3,9,
44141,1229,771462,3,4,4,8,
44142,18514,771462,33,33,3,8,
44143,19008,771462,3,4,4,9,
44144,22554,771462,3,4,4,9,
44145,2586,771462,3,4,4,8,
44146,2337,771462,3,4,4,8,
44147,2661,771462,3,4,4,7,
44148,3964,771462,3,4,4,9,
44149,18304,771462,29,29,3,8,
44150,19980,771462,17,17,3,9,
44151,3613,771462,3,4,4,8,
44152,20006,771462,31,31,3,8,
44153,24549,771462,33,33,3,8,
44154,22960,771462,27,27,3,8,
44155,22056,771462,3,4,4,8,
44156,21453,771462,23,23,3,9,
44157,11040,771462,21,22,3,8,
44158,18358,771462,25,25,3,8,
44159,4951,771462,3,4,4,9,
44160,6523,771462,15,15,3,8,
44161,8130,771462,3,4,4,9,
44162,2937,771462,3,4,4,9,
44163,13658,771462,15,15,3,9,
44164,12572,771462,3,4,4,8,
44165,10120,771462,3,4,4,7,
44166,19193,771462,23,23,3,8,
44167,19218,771462,23,23,3,8,
44168,23645,771462,33,33,3,8,
44169,45789,771462,31,31,3,9,
44170,8831,771462,15,15,3,8,
44171,15184,771462,29,29,3,9,
44172,16651,771462,3,4,4,8,
44173,11120,771462,19,19,3,8,
44174,6271,771462,13,13,3,8,
44175,9141,771462,3,4,4,9,
44176,16531,771462,25,25,3,8,
44177,15635,771462,27,27,3,8,
44178,13263,771462,21,21,3,8,
44179,21670,771462,29,30,3,9,
44180,23719,771462,27,27,3,8,
44181,11938,771462,3,4,4,7,
44182,2494,771462,3,4,4,7,
44183,1424,771462,3,4,4,7,
44184,27866,771462,33,33,3,8,
44185,6460,771462,3,4,4,8,
44186,19953,771462,29,29,3,7,
44187,3219,771462,3,4,4,7,
44188,3802,771462,3,4,4,8,
44189,15084,771462,13,13,3,8,
44190,13646,771462,25,25,3,9,
44191,12739,771462,21,21,3,8,
44192,26843,771462,33,33,3,9,
44193,26243,771462,3,4,4,8,
44194,17772,771462,27,27,3,8,
44195,17846,771462,21,21,3,8,
44196,3287,771462,3,4,4,8,
44197,9893,771462,13,13,3,8,
44198,12826,771462,17,17,3,8,
44199,17053,771462,17,17,3,8,
44200,21209,771462,33,33,3,8,
44201,20800,771462,33,33,3,9,
44202,17254,771462,3,4,4,8,
44203,11497,771462,23,23,3,8,
44204,13128,771462,21,21,3,8,
44205,5835,771462,3,4,4,8,
44206,10953,771462,3,4,4,8,
44207,8115,771462,17,17,3,8,
44208,20617,771462,33,33,3,8,
44209,2173,771462,3,4,4,9,
44210,14172,771462,17,17,3,8,
44211,14906,771462,3,4,4,8,
44212,11722,771462,19,19,3,9,
44213,11147,771462,23,23,3,7,
44214,3219,771462,3,4,4,8,
44215,18483,771462,31,31,3,7,
44216,17629,771462,31,31,3,8,
44217,2240,771462,3,4,4,8,
44218,17575,771462,3,4,4,8,
44219,15045,771462,19,19,3,9,
44220,15082,771462,3,4,4,8,
44221,1435,771462,3,4,4,8,
44222,19811,771462,25,25,3,7,
44223,17034,771462,17,17,3,9,
44224,9390,771462,19,19,3,8,
44225,43350,771462,25,25,3,8,
44226,16822,771462,3,4,4,8,
44227,1622,771462,3,4,4,8,
44228,1878,771462,3,4,4,8,
44229,69969,771462,21,21,3,7,
44230,3711,771462,3,4,4,8,
44231,17659,771462,15,15,3,8,
44232,85069,771462,33,33,3,8,
44233,28494,771462,17,17,3,9,
44234,11222,771462,3,4,4,7,
44235,25782,771462,3,4,4,8,
44236,1331,771462,3,4,4,7,
44237,108667,771462,33,33,3,7,
44238,52356,771462,25,25,3,7,
44239,1275,771462,3,4,4,8,
44240,34719,771462,23,23,3,8,
44241,22672,771462,19,19,3,8,
44242,40863,771462,17,17,3,8,
44243,59360,771462,27,27,3,7,
44244,84585,771462,19,19,3,8,
44245,37108,771462,3,4,4,8,
44246,9704,771462,3,4,4,8,
44247,51664,771462,23,23,3,7,
44248,45343,771462,19,19,3,8,
44249,53214,771462,3,4,4,7,
44250,29680,771462,17,17,3,8,
44251,7138,771462,3,4,4,8,
44252,7319,771462,3,4,4,7,
44253,20248,771462,21,21,3,8,
44254,11676,771462,3,4,4,7,
44255,27643,771462,3,4,4,8,
44256,26749,771462,19,19,3,8,
44257,4158,771462,3,4,4,8,
44258,56094,771462,23,23,3,9,
44259,34627,771462,27,27,3,8,
44260,57921,771462,3,4,4,8,
44261,12854,771462,3,4,4,7,
44262,4342,771462,13,13,3,9,
44263,1967,771462,3,4,4,8,
44264,27855,771462,3,4,4,8,
44265,5301,771462,3,4,4,7,
44266,18049,771462,13,13,3,8,
44267,67911,771462,29,29,3,8,
44268,1996,771462,3,4,4,7,
44269,3227,771462,3,4,4,8,
44270,16281,771462,17,17,3,8,
44271,15968,771462,19,19,3,8,
44272,46492,771462,25,25,3,8,
44273,14597,771462,17,17,3,8,
44274,50251,771462,3,4,4,8,
44275,36020,771462,17,17,3,8,
44276,28733,771462,19,19,3,7,
44277,26051,771462,23,23,3,9,
44278,32533,771462,19,19,3,8,
44279,28599,771462,3,4,4,9,
44280,30539,771462,15,15,3,9,
44281,72597,771462,29,29,3,9,
44282,19604,771462,15,15,3,8,
44283,4911,771462,3,4,4,7,
44284,3884,771462,3,4,4,8,
44285,5614,771462,3,4,4,8,
44286,28414,771462,31,31,3,8,
44287,32424,771462,27,27,3,8,
44288,24064,771462,17,17,3,8,
44289,30704,771462,33,33,3,8,
44290,18964,771462,3,4,4,8,
44291,35914,771462,23,23,3,8,
44292,23127,771462,25,25,3,8,
44293,19533,771462,3,4,4,8,
44294,48803,771462,3,4,4,8,
44295,72279,771462,23,23,3,8,
44296,70939,771462,31,31,3,8,
44297,7376,771462,3,4,4,7,
44298,2954,771462,3,4,4,8,
44299,53877,771462,25,25,3,7,
44300,11900,771462,3,4,4,7,
44301,4280,771462,3,4,4,8,
44302,71890,771462,23,23,3,9,
44303,5582,771462,3,4,4,8,
44304,21051,771462,15,15,3,9,
44305,45789,771462,21,21,3,8,
44306,1677,771462,3,4,4,8,
44307,14873,771462,13,13,3,8,
44308,44752,771462,29,29,3,9,
44309,45856,771462,19,19,3,9,
44310,32134,771462,17,17,3,8,
44311,43563,771462,17,17,3,8,
44312,105758,771462,33,33,3,8,
44313,124715,771462,29,29,3,9,
44314,2798,771462,3,4,4,8,
44315,93449,771462,19,19,3,8,
44316,109080,771462,25,25,3,9,
44317,27079,771462,25,25,3,9,
44318,83869,771462,3,4,4,8,
44319,22496,771462,27,27,3,9,
44320,113835,771462,3,4,4,9,
44321,84601,771462,19,19,3,8,
44322,39321,771462,27,27,3,8,
44323,105631,771462,33,33,3,8,
44324,80048,771462,3,4,4,8,
44325,21748,771462,3,4,4,8,
44326,3430,771462,3,4,4,8,
44327,15720,771462,19,19,3,8,
44328,19505,771462,17,17,3,8,
44329,5655,771462,3,4,4,8,
44330,3525,771462,3,4,4,9,
44331,20696,771462,21,21,3,8,
44332,34012,771462,25,25,3,8,
44333,7103,771462,13,13,3,9,
44334,31466,771462,21,21,3,9,
44335,23074,771462,13,13,3,9,
44336,31806,771462,27,27,3,8,
44337,27063,771462,33,33,3,9,
44338,30535,771462,33,33,3,8,
44339,23745,771462,27,27,3,8,
44340,7737,771462,21,21,3,9,
44341,22414,771462,33,33,3,8,
44342,12295,771462,25,25,3,8,
44343,13409,771462,3,4,4,9,
44344,7895,771462,3,4,4,8,
44345,24711,771462,21,21,3,8,
44346,4781,771462,3,4,4,9,
44347,18013,771462,29,29,3,8,
44348,17895,771462,3,4,4,8,
44349,12235,771462,25,25,3,9,
44350,12813,771462,17,17,3,8,
44351,2340,771462,3,4,4,8,
44352,9865,771462,17,17,3,8,
44353,11481,771462,3,4,4,8,
44354,1416,771462,3,4,4,8,
44355,7243,771462,13,13,3,9,
44356,7357,771462,3,4,4,8,
44357,20554,771462,21,21,3,9,
44358,17369,771462,31,31,3,9,
44359,12990,771462,25,25,3,8,
44360,16309,771462,3,4,4,8,
44361,11319,771462,23,23,3,8,
44362,11985,771462,3,4,4,8,
44363,8013,771462,15,15,3,8,
44364,10827,771462,3,4,4,8,
44365,23061,771462,33,33,3,9,
44366,13133,771462,3,4,4,9,
44367,15918,771462,25,25,3,8,
44368,47765,771462,15,15,3,7,
44369,1156,771462,3,4,4,8,
44370,50722,771462,3,4,4,6,
44371,50728,771462,27,27,3,8,
44372,49563,771462,21,21,3,7,
44373,1685,771462,3,4,4,8,
44374,45699,771462,31,31,3,6,
44375,17919,771462,13,13,3,8,
44376,43368,771462,3,4,4,6,
44377,6141,771462,13,13,3,9,
44378,33880,771462,3,4,4,7,
44379,84234,771462,33,33,3,8,
44380,47091,771462,15,15,3,5,
44381,32294,771462,3,4,4,4,
44382,45605,771462,19,19,3,5,
44383,49317,771462,33,33,3,5,
44384,1291,771462,3,4,4,5,
44385,2357,771462,3,4,4,5,
44386,39977,771462,3,4,4,7,
44387,49773,771462,3,4,4,7,
44388,34587,771462,15,15,3,7,
44389,46463,771462,23,23,3,8,
44390,27163,771462,3,4,4,8,
44391,41755,771462,3,4,4,8,
44392,23085,771462,3,4,4,8,
44393,2060,771463,3,4,4,8,
44394,3985,771463,3,4,4,7,
44395,3018,771463,3,4,4,8,
44396,22496,771463,33,33,3,8,
44397,1471,771463,3,4,4,7,
44398,3335,771463,3,4,4,8,
44399,21753,771463,31,31,3,8,
44400,2098,771463,3,4,4,8,
44401,2935,771463,3,4,4,9,
44402,19104,771463,31,31,3,9,
44403,2481,771463,3,4,4,8,
44404,8359,771463,15,15,3,8,
44405,1879,771463,3,4,4,9,
44406,1971,771463,3,4,4,9,
44407,22404,771463,27,27,3,8,
44408,24772,771463,3,4,4,9,
44409,2839,771463,3,4,4,9,
44410,17412,771463,23,23,3,8,
44411,2496,771463,3,4,4,9,
44412,17725,771463,3,4,4,8,
44413,10222,771463,3,4,4,8,
44414,3356,771463,3,4,4,9,
44415,27050,771463,29,29,3,9,
44416,20148,771463,21,21,3,8,
44417,18797,771463,23,23,3,9,
44418,4679,771463,3,4,4,9,
44419,25736,771463,23,23,3,8,
44420,9696,771463,15,15,3,8,
44421,10290,771463,3,4,4,8,
44422,5457,771463,3,4,4,9,
44423,5083,771463,3,4,4,7,
44424,5407,771463,3,4,4,8,
44425,11962,771463,19,19,3,9,
44426,1663,771463,3,4,4,8,
44427,11434,771463,3,4,4,8,
44428,21391,771463,33,33,3,8,
44429,21659,771463,25,25,3,8,
44430,21695,771463,3,4,4,8,
44431,11225,771463,19,19,3,8,
44432,4560,771463,3,4,4,9,
44433,8445,771463,17,17,3,9,
44434,23081,771463,31,31,3,9,
44435,21590,771463,3,4,4,8,
44436,18711,771463,27,27,3,8,
44437,20564,771463,27,27,3,9,
44438,24221,771463,33,33,3,9,
44439,13738,771463,25,25,3,9,
44440,20351,771463,17,17,3,9,
44441,23778,771463,29,29,3,8,
44442,22537,771463,19,19,3,9,
44443,16972,771463,21,21,3,9,
44444,21929,771463,21,21,3,9,
44445,12109,771463,17,17,3,7,
44446,18116,771463,25,25,3,8,
44447,20989,771463,23,23,3,9,
44448,20178,771463,3,4,4,8,
44449,11219,771463,17,17,3,8,
44450,13147,771463,19,19,3,9,
44451,59159,771463,33,33,3,8,
44452,64717,771463,21,21,3,7,
44453,63662,771463,3,4,4,8,
44454,119689,771463,31,31,3,8,
44455,76067,771463,3,4,4,7,
44456,4461,771463,3,4,4,9,
44457,112809,771463,27,27,3,7,
44458,5212,771463,3,4,4,7,
44459,111260,771463,25,25,3,7,
44460,105493,771463,25,25,3,6,
44461,85787,771463,21,21,3,6,
44462,53083,771463,13,13,3,6,
44463,31838,771463,3,4,4,6,
44464,33218,771463,3,4,4,6,
44465,27564,771463,33,33,3,7,
44466,11542,771463,3,4,4,7,
44467,27843,771463,3,4,4,8,
44468,26691,771463,27,27,3,8,
44469,3489,771463,3,4,4,7,
44470,17944,771463,29,29,3,7,
44471,5132,771463,3,4,4,7,
44472,6566,771463,3,4,4,8,
44473,9982,771463,13,13,3,8,
44474,16175,771463,3,4,4,9,
44475,15183,771463,3,4,4,8,
44476,9554,771463,25,25,3,8,
44477,19282,771463,33,33,3,8,
44478,19759,771463,3,4,4,8,
44479,12310,771463,21,21,3,9,
44480,17346,771463,31,31,3,8,
44481,16802,771463,19,19,3,9,
44482,17129,771463,21,21,3,8,
44483,2489,771463,3,4,4,8,
44484,2659,771463,3,4,4,8,
44485,4938,771463,3,4,4,9,
44486,2771,771463,3,4,4,9,
44487,4081,771463,3,4,4,8,
44488,21464,771463,25,25,3,9,
44489,21000,771463,25,25,3,8,
44490,11099,771463,3,4,4,8,
44491,2572,771463,3,4,4,8,
44492,2589,771463,3,4,4,8,
44493,20695,771463,17,17,3,8,
44494,103430,771463,33,33,3,9,
44495,16155,771463,15,15,3,8,
44496,19468,771463,23,23,3,8,
44497,22708,771463,17,17,3,8,
44498,101393,771463,33,33,3,8,
44499,40208,771463,3,4,4,8,
44500,101545,771463,3,4,4,9,
44501,12841,771463,23,23,3,8,
44502,4048,771463,3,4,4,7,
44503,88485,771463,19,19,3,9,
44504,88839,771463,23,23,3,7,
44505,87791,771463,29,29,3,8,
44506,78510,771463,23,23,3,9,
44507,53046,771463,3,4,4,8,
44508,76636,771463,3,4,4,8,
44509,35086,771463,3,4,4,9,
44510,27068,771463,17,17,3,9,
44511,23442,771463,13,13,3,8,
44512,5701,771463,13,13,3,8,
44513,2205,771463,3,4,4,8,
44514,4876,771463,3,4,4,7,
44515,2570,771463,3,4,4,9,
44516,11557,771463,15,15,3,8,
44517,2782,771463,3,4,4,7,
44518,2179,771463,3,4,4,8,
44519,7722,771463,3,4,4,9,
44520,10872,771463,3,4,4,8,
44521,16187,771463,25,25,3,8,
44522,6613,771463,13,13,3,8,
44523,21720,771463,25,25,3,8,
44524,7583,771463,15,15,3,8,
44525,16275,771463,21,21,3,8,
44526,20731,771463,31,31,3,9,
44527,23710,771463,31,31,3,7,
44528,13136,771463,17,17,3,8,
44529,10931,771463,3,4,4,8,
44530,20877,771463,19,19,3,8,
44531,1493,771463,3,4,4,8,
44532,2254,771463,3,4,4,9,
44533,17117,771463,19,19,3,8,
44534,16006,771463,31,31,3,8,
44535,16182,771463,3,4,4,9,
44536,11953,771463,21,21,3,8,
44537,13501,771463,21,21,3,8,
44538,13769,771463,19,19,3,8,
44539,1612,771463,3,4,4,8,
44540,31734,771463,33,33,3,9,
44541,12996,771463,21,21,3,9,
44542,1222,771463,3,4,4,8,
44543,13192,771463,15,15,3,8,
44544,13997,771463,23,23,3,8,
44545,2674,771463,3,4,4,8,
44546,14048,771463,21,21,3,8,
44547,3460,771463,3,4,4,8,
44548,15478,771463,19,19,3,9,
44549,12385,771463,19,19,3,8,
44550,18306,771463,29,29,3,8,
44551,8316,771463,17,17,3,8,
44552,11222,771463,3,4,4,9,
44553,29581,771463,31,31,3,9,
44554,2778,771463,3,4,4,8,
44555,16021,771463,19,19,3,8,
44556,16595,771463,3,4,4,9,
44557,17560,771463,27,27,3,9,
44558,16043,771463,23,23,3,9,
44559,13981,771463,17,17,3,8,
44560,16015,771463,3,4,4,8,
44561,28280,771463,29,29,3,8,
44562,19689,771463,23,23,3,9,
44563,14521,771463,3,4,4,9,
44564,16862,771463,29,29,3,8,
44565,20850,771463,31,31,3,8,
44566,3843,771463,3,4,4,9,
44567,20730,771463,33,33,3,8,
44568,19690,771463,27,27,3,8,
44569,9229,771463,17,17,3,8,
44570,11243,771463,17,17,3,9,
44571,16339,771463,17,17,3,9,
44572,24637,771463,21,21,3,9,
44573,4173,771463,3,4,4,8,
44574,15735,771463,25,25,3,9,
44575,6796,771463,3,4,4,7,
44576,14364,771463,23,23,3,8,
44577,10381,771463,13,13,3,9,
44578,9533,771463,21,21,3,8,
44579,7188,771463,3,4,4,8,
44580,9075,771463,3,4,4,7,
44581,8948,771463,13,13,3,8,
44582,10766,771463,3,4,4,8,
44583,12285,771463,3,4,4,7,
44584,26295,771463,29,29,3,8,
44585,2789,771463,3,4,4,8,
44586,7572,771463,15,15,3,7,
44587,3336,771463,3,4,4,8,
44588,1058,771463,3,4,4,7,
44589,16017,771463,17,17,3,7,
44590,13144,771463,17,17,3,7,
44591,2652,771463,3,4,4,7,
44592,1043,771463,3,4,4,8,
44593,4933,771463,3,4,4,8,
44594,12214,771463,13,13,3,8,
44595,1792,771463,3,4,4,7,
44596,13899,771463,3,4,4,7,
44597,27251,771463,33,33,3,7,
44598,3400,771463,3,4,4,8,
44599,26260,771463,27,27,3,8,
44600,14770,771463,17,17,3,8,
44601,2759,771463,3,4,4,9,
44602,3829,771463,3,4,4,9,
44603,3450,771463,3,4,4,8,
44604,18123,771463,29,29,3,8,
44605,5428,771463,3,4,4,8,
44606,18333,771463,29,29,3,8,
44607,22734,771463,29,29,3,8,
44608,28191,771463,31,31,3,9,
44609,15117,771463,3,4,4,7,
44610,26595,771463,3,4,4,9,
44611,12006,771463,3,4,4,8,
44612,14082,771463,25,25,3,9,
44613,5036,771463,3,4,4,8,
44614,6176,771463,3,4,4,8,
44615,31880,771463,27,27,3,8,
44616,623,771463,3,4,4,7,
44617,18603,771463,19,19,3,8,
44618,1772,771463,3,4,4,8,
44619,14975,771463,21,21,3,9,
44620,24826,771463,25,25,3,8,
44621,14706,771463,19,19,3,8,
44622,24419,771463,3,4,4,8,
44623,18231,771463,15,15,3,9,
44624,14675,771463,23,23,3,8,
44625,18414,771463,25,25,3,8,
44626,19918,771463,31,31,3,8,
44627,1257,771463,3,4,4,8,
44628,17312,771463,23,23,3,8,
44629,11906,771463,3,4,4,8,
44630,17188,771463,3,4,4,8,
44631,3614,771463,3,4,4,8,
44632,9276,771463,25,25,3,8,
44633,10351,771463,3,4,4,8,
44634,1728,771463,3,4,4,9,
44635,2080,771463,3,4,4,8,
44636,3541,771463,3,4,4,8,
44637,2372,771463,3,4,4,8,
44638,2385,771463,3,4,4,8,
44639,12402,771463,19,19,3,8,
44640,15424,771463,31,31,3,8,
44641,1395,771463,3,4,4,9,
44642,15848,771463,3,4,4,8,
44643,13472,771463,27,27,3,8,
44644,12662,771463,13,13,3,9,
44645,26190,771463,29,29,3,8,
44646,3365,771463,3,4,4,8,
44647,17978,771463,33,33,3,8,
44648,6573,771463,15,15,3,9,
44649,11556,771463,15,15,3,8,
44650,29775,771463,29,29,3,8,
44651,14725,771463,27,27,3,9,
44652,3612,771463,3,4,4,9,
44653,9472,771463,13,13,3,8,
44654,14702,771463,3,4,4,9,
44655,15088,771463,25,25,3,9,
44656,18438,771463,23,23,3,8,
44657,23103,771463,33,33,3,7,
44658,15815,771463,31,31,3,9,
44659,22248,771463,3,4,4,7,
44660,12659,771463,3,4,4,8,
44661,7661,771463,13,13,3,8,
44662,11520,771463,19,19,3,7,
44663,13037,771463,3,4,4,8,
44664,12580,771463,3,4,4,9,
44665,2722,771463,3,4,4,6,
44666,15722,771463,17,17,3,8,
44667,5330,771463,3,4,4,6,
44668,9239,771463,3,4,4,6,
44669,1528,771463,3,4,4,6,
44670,16548,771463,17,17,3,7,
44671,8793,771463,3,4,4,8,
44672,1630,771463,3,4,4,7,
44673,2443,771463,3,4,4,6,
44674,1557,771463,3,4,4,7,
44675,19462,771463,27,27,3,7,
44676,838,771463,3,4,4,6,
44677,24097,771463,31,31,3,7,
44678,17771,771463,19,19,3,7,
44679,3338,771463,3,4,4,8,
44680,16878,771463,15,15,3,8,
44681,25391,771463,33,33,3,8,
44682,13238,771463,17,17,3,9,
44683,20656,771463,21,21,3,9,
44684,3473,771463,3,4,4,9,
44685,3891,771463,3,4,4,9,
44686,22364,771463,31,31,3,9,
44687,21839,771463,3,4,4,9,
44688,16115,771463,25,25,3,9,
44689,3269,771463,3,4,4,9,
44690,3546,771463,3,4,4,8,
44691,7359,771463,3,4,4,8,
44692,16891,771463,27,27,3,8,
44693,14761,771463,27,27,3,9,
44694,19694,771463,13,13,3,9,
44695,20903,771463,23,23,3,8,
44696,18507,771463,33,33,3,9,
44697,23369,771463,33,33,3,8,
44698,14571,771463,15,15,3,9,
44699,6820,771463,3,4,4,9,
44700,16352,771463,21,21,3,9,
44701,21346,771463,29,29,3,9,
44702,16091,771463,25,25,3,8,
44703,2278,771463,3,4,4,9,
44704,2571,771463,3,4,4,9,
44705,20727,771463,31,31,3,9,
44706,20327,771463,3,4,4,9,
44707,3711,771463,3,4,4,8,
44708,4238,771463,13,13,3,9,
44709,2620,771463,3,4,4,8,
44710,5106,771463,3,4,4,8,
44711,17025,771463,25,25,3,9,
44712,19105,771463,33,33,3,7,
44713,22471,771463,27,27,3,8,
44714,16513,771463,27,27,3,8,
44715,14913,771463,23,23,3,9,
44716,12948,771463,23,23,3,9,
44717,16313,771463,3,4,4,8,
44718,11647,771463,27,27,3,9,
44719,11347,771463,21,21,3,9,
44720,16240,771463,31,31,3,8,
44721,8234,771463,3,4,4,8,
44722,2052,771463,3,4,4,8,
44723,1720,771463,3,4,4,8,
44724,2095,771463,3,4,4,8,
44725,18334,771463,33,33,3,8,
44726,12968,771463,23,24,3,8,
44727,1868,771463,3,4,4,9,
44728,11989,771463,3,4,4,8,
44729,14472,771463,25,25,3,8,
44730,17520,771463,3,4,4,8,
44731,6258,771463,19,19,3,8,
44732,13834,771463,21,21,3,8,
44733,8227,771463,19,19,3,8,
44734,14012,771463,3,4,4,9,
44735,15553,771463,27,27,3,8,
44736,6559,771463,13,13,3,8,
44737,21148,771463,31,31,3,8,
44738,1609,771463,3,4,4,9,
44739,1781,771463,3,4,4,8,
44740,18357,771463,25,25,3,9,
44741,9856,771463,15,15,3,7,
44742,8979,771463,3,4,4,7,
44743,18304,771463,21,21,3,8,
44744,13634,771463,29,29,3,8,
44745,2389,771463,3,4,4,9,
44746,8117,771463,13,13,3,8,
44747,2485,771463,3,4,4,9,
44748,15712,771463,27,27,3,8,
44749,8296,771463,15,15,3,9,
44750,1429,771463,3,4,4,8,
44751,15026,771463,27,27,3,8,
44752,7533,771463,3,4,4,8,
44753,8971,771463,3,4,4,8,
44754,14334,771463,3,4,4,9,
44755,7482,771463,15,15,3,8,
44756,13738,771463,29,29,3,9,
44757,16295,771463,29,29,3,9,
44758,21971,771463,29,29,3,8,
44759,16256,771463,3,4,4,9,
44760,10420,771463,19,19,3,8,
44761,10880,771463,21,21,3,8,
44762,8535,771463,3,4,4,9,
44763,18082,771463,3,4,4,8,
44764,10613,771463,19,19,3,8,
44765,18738,771463,31,31,3,8,
44766,10775,771463,23,23,3,8,
44767,10620,771463,23,23,3,8,
44768,10662,771463,23,23,3,8,
44769,10842,771463,3,4,4,8,
44770,1844,771463,3,4,4,9,
44771,9693,771463,15,15,3,9,
44772,16918,771463,33,33,3,8,
44773,9552,771463,3,4,4,8,
44774,2293,771463,3,4,4,8,
44775,23775,771463,33,33,3,9,
44776,8901,771463,19,19,3,8,
44777,2607,771463,3,4,4,8,
44778,11190,771463,21,21,3,8,
44779,2054,771463,3,4,4,7,
44780,12827,771463,3,4,4,8,
44781,1678,771463,3,4,4,8,
44782,9893,771463,3,4,4,8,
44783,19733,771463,31,31,3,8,
44784,12139,771463,19,19,3,9,
44785,11801,771463,3,4,4,7,
44786,13502,771463,25,25,3,9,
44787,5374,771463,13,13,3,8,
44788,3288,771463,3,4,4,8,
44789,4618,771463,3,4,4,8,
44790,17136,771463,29,29,3,8,
44791,19245,771463,33,33,3,8,
44792,14001,771463,23,23,3,8,
44793,17371,771463,25,25,3,9,
44794,8517,771463,21,21,3,8,
44795,14157,771463,3,4,4,7,
44796,8964,771463,3,4,4,9,
44797,10456,771463,21,21,3,8,
44798,13212,771463,3,4,4,9,
44799,7436,771463,3,4,4,9,
44800,2459,771463,3,4,4,9,
44801,18384,771463,31,31,3,9,
44802,16320,771463,27,27,3,8,
44803,17744,771463,23,23,3,7,
44804,14846,771463,27,27,3,9,
44805,11248,771463,23,23,3,8,
44806,2120,771463,3,4,4,8,
44807,14643,771463,3,4,4,8,
44808,2037,771463,3,4,4,9,
44809,9630,771463,15,15,3,8,
44810,14539,771463,25,25,3,8,
44811,24252,771463,23,23,3,8,
44812,18815,771463,31,31,3,9,
44813,4858,771463,3,4,4,8,
44814,17432,771463,3,4,4,9,
44815,3127,771463,3,4,4,9,
44816,1363,771463,3,4,4,9,
44817,3123,771463,3,4,4,8,
44818,2404,771463,3,4,4,9,
44819,3177,771463,3,4,4,8,
44820,1845,771463,3,4,4,8,
44821,19952,771463,29,29,3,8,
44822,2008,771463,3,4,4,8,
44823,7013,771463,3,4,4,8,
44824,19345,771463,33,33,3,7,
44825,1694,771463,3,4,4,8,
44826,2273,771463,3,4,4,9,
44827,2294,771463,3,4,4,8,
44828,14916,771463,31,31,3,9,
44829,12760,771463,15,15,3,8,
44830,14397,771463,3,4,4,8,
44831,17725,771463,21,21,3,8,
44832,1523,771463,3,4,4,9,
44833,18550,771463,31,31,3,9,
44834,16698,771463,27,27,3,9,
44835,3194,771463,3,4,4,9,
44836,2303,771463,3,4,4,9,
44837,2173,771463,3,4,4,8,
44838,13150,771463,21,21,3,8,
44839,18745,771463,33,33,3,9,
44840,11671,771463,21,21,3,8,
44841,12795,771463,3,4,4,7,
44842,11610,771463,3,4,4,7,
44843,1450,771463,3,4,4,8,
44844,2649,771463,3,4,4,9,
44845,8565,771463,17,17,3,7,
44846,20192,771463,31,31,3,9,
44847,9732,771463,3,4,4,9,
44848,24394,771463,29,29,3,9,
44849,24398,771463,3,4,4,9,
44850,12219,771463,23,23,3,7,
44851,25820,771463,29,29,3,7,
44852,24429,771463,33,33,3,7,
44853,23659,771463,27,27,3,8,
44854,30820,771463,33,33,3,9,
44855,13907,771463,15,15,3,9,
44856,10033,771463,3,4,4,9,
44857,14615,771463,15,15,3,7,
44858,21256,771463,21,21,3,8,
44859,13293,771463,3,4,4,9,
44860,16169,771463,3,4,4,8,
44861,2263,771463,3,4,4,9,
44862,3495,771463,3,4,4,9,
44863,5469,771463,3,4,4,8,
44864,18711,771463,19,19,3,8,
44865,16348,771463,23,23,3,8,
44866,14168,771463,27,27,3,7,
44867,10267,771463,13,13,3,8,
44868,16800,771463,3,4,4,8,
44869,21980,771463,27,27,3,9,
44870,21512,771463,3,4,4,9,
44871,813,771463,3,4,4,7,
44872,1666,771463,3,4,4,8,
44873,7497,771463,3,4,4,8,
44874,2306,771463,3,4,4,9,
44875,7739,771463,15,15,3,8,
44876,11120,771463,3,4,4,9,
44877,5603,771463,3,4,4,8,
44878,11837,771463,15,15,3,8,
44879,20523,771463,19,19,3,8,
44880,21749,771463,21,21,3,8,
44881,1745,771463,3,4,4,7,
44882,22016,771463,29,29,3,7,
44883,18351,771463,3,4,4,8,
44884,6683,771463,13,13,3,7,
44885,25998,771463,29,29,3,9,
44886,20620,771463,3,4,4,8,
44887,3243,771463,3,4,4,8,
44888,1869,771463,3,4,4,8,
44889,11072,771463,3,4,4,7,
44890,1767,771463,3,4,4,8,
44891,19930,771463,3,4,4,8,
44892,27709,771463,27,27,3,9,
44893,26757,771463,3,4,4,9,
44894,1171,771463,3,4,4,7,
44895,1537,771463,3,4,4,7,
44896,21004,771463,25,25,3,7,
44897,22150,771463,21,21,3,8,
44898,21320,771463,3,4,4,8,
44899,11079,771463,19,19,3,8,
44900,33754,771463,33,33,3,7,
44901,15242,771463,25,25,3,9,
44902,17508,771463,29,29,3,8,
44903,18055,771463,3,4,4,9,
44904,5594,771463,3,4,4,9,
44905,12675,771463,23,23,3,9,
44906,23212,771463,23,23,3,8,
44907,19537,771463,27,27,3,8,
44908,8690,771463,13,13,3,9,
44909,21911,771463,3,4,4,9,
44910,3604,771463,3,4,4,8,
44911,11747,771463,17,17,3,8,
44912,17718,771463,25,25,3,8,
44913,9972,771463,3,4,4,7,
44914,7524,771463,13,13,3,8,
44915,9228,771463,3,4,4,9,
44916,16320,771463,13,13,3,9,
44917,63593,771463,33,33,3,7,
44918,2076,771463,3,4,4,6,
44919,1073,771463,3,4,4,7,
44920,3510,771463,3,4,4,7,
44921,55871,771463,25,25,3,7,
44922,44606,771463,13,13,3,8,
44923,55853,771463,25,25,3,8,
44924,55132,771463,3,4,4,7,
44925,81841,771463,27,27,3,8,
44926,42162,771463,3,4,4,8,
44927,47350,771463,23,23,3,8,
44928,47959,771463,13,13,3,8,
44929,13236,771463,3,4,4,8,
44930,1838,771463,3,4,4,8,
44931,3149,771463,3,4,4,8,
44932,25826,771463,21,21,3,9,
44933,3510,771463,3,4,4,9,
44934,4909,771463,3,4,4,8,
44935,23107,771463,3,4,4,9,
44936,3421,771463,3,4,4,8,
44937,8175,771463,3,4,4,9,
44938,11028,771463,15,15,3,8,
44939,31011,771463,29,29,3,8,
44940,2550,771463,3,4,4,8,
44941,10860,771463,3,4,4,8,
44942,24669,771463,27,27,3,8,
44943,4036,771463,3,4,4,8,
44944,26009,771463,25,25,3,8,
44945,3114,771463,3,4,4,8,
44946,14752,771463,19,19,3,8,
44947,18334,771463,19,19,3,8,
44948,14166,771463,3,4,4,8,
44949,35686,771463,33,33,3,8,
44950,3817,771463,3,4,4,9,
44951,2907,771463,3,4,4,9,
44952,3315,771463,3,4,4,9,
44953,10652,771463,17,17,3,9,
44954,20033,771463,19,19,3,8,
44955,15492,771463,23,23,3,9,
44956,15314,771463,3,4,4,8,
44957,14007,771463,25,25,3,8,
44958,4633,771463,3,4,4,9,
44959,19476,771463,3,4,4,8,
44960,2885,771463,3,4,4,8,
44961,11230,771463,17,17,3,9,
44962,10706,771463,15,15,3,8,
44963,15446,771463,21,21,3,8,
44964,14084,771463,25,25,3,8,
44965,3256,771463,3,4,4,8,
44966,2132,771463,3,4,4,8,
44967,13700,771463,31,31,3,9,
44968,1686,771463,3,4,4,7,
44969,6456,771463,3,4,4,7,
44970,13625,771463,3,4,4,9,
44971,1523,771463,3,4,4,8,
44972,6549,771463,3,4,4,8,
44973,1792,771463,3,4,4,9,
44974,1762,771463,3,4,4,9,
44975,1219,771463,3,4,4,8,
44976,12621,771463,21,21,3,8,
44977,10144,771463,23,23,3,8,
44978,1663,771463,3,4,4,8,
44979,10622,771463,3,4,4,8,
44980,11492,771463,3,4,4,8,
44981,2235,771463,3,4,4,8,
44982,13947,771463,29,29,3,9,
44983,14440,771463,3,4,4,9,
44984,13357,771463,29,29,3,9,
44985,9355,771463,21,21,3,9,
44986,1567,771463,3,4,4,8,
44987,12815,771463,23,23,3,8,
44988,14374,771463,3,4,4,9,
44989,13587,771463,23,23,3,8,
44990,13059,771463,3,4,4,8,
44991,11957,771463,17,17,3,8,
44992,12053,771463,25,25,3,8,
44993,17289,771463,31,31,3,9,
44994,1874,771464,3,4,4,9,
44995,16117,771464,3,4,4,9,
44996,1409,771464,3,4,4,8,
44997,7389,771464,17,17,3,8,
44998,8953,771464,3,4,4,9,
44999,11425,771464,21,21,3,8,
45000,11230,771464,3,4,4,7,
45001,2097,771464,3,4,4,8,
45002,11813,771464,31,31,3,8,
45003,2819,771464,3,4,4,8,
45004,12233,771464,3,4,4,9,
45005,13179,771464,27,27,3,8,
45006,12651,771464,23,23,3,8,
45007,12962,771464,3,4,4,8,
45008,19686,771464,15,15,3,9,
45009,1807,771464,3,4,4,9,
45010,2210,771464,3,4,4,9,
45011,16882,771464,29,29,3,8,
45012,2950,771464,3,4,4,9,
45013,16562,771464,3,4,4,8,
45014,6477,771464,13,13,3,8,
45015,8097,771464,13,13,3,9,
45016,16403,771464,31,31,3,8,
45017,7578,771464,3,4,4,9,
45018,17060,771464,29,29,3,7,
45019,16452,771464,21,21,3,8,
45020,15790,771464,3,4,4,9,
45021,8313,771464,17,17,3,9,
45022,15196,771464,31,31,3,9,
45023,9457,771464,17,17,3,9,
45024,15808,771464,29,29,3,9,
45025,1848,771464,3,4,4,9,
45026,3266,771464,3,4,4,9,
45027,14869,771464,29,29,3,8,
45028,16103,771464,3,4,4,9,
45029,13228,771464,27,27,3,9,
45030,20461,771464,29,29,3,8,
45031,5437,771464,3,4,4,8,
45032,13041,771464,23,23,3,8,
45033,8848,771464,3,4,4,9,
45034,13342,771464,3,4,4,8,
45035,15783,771464,25,25,3,8,
45036,15696,771464,3,4,4,8,
45037,2590,771464,3,4,4,8,
45038,11949,771464,13,13,3,8,
45039,3025,771464,3,4,4,7,
45040,13106,771464,15,15,3,8,
45041,8151,771464,13,13,3,8,
45042,2652,771464,3,4,4,8,
45043,18414,771464,27,27,3,8,
45044,2794,771464,3,4,4,8,
45045,6108,771464,13,13,3,8,
45046,1734,771464,3,4,4,9,
45047,1397,771464,3,4,4,8,
45048,1041,771464,3,4,4,8,
45049,10126,771464,13,13,3,8,
45050,6894,771464,3,4,4,8,
45051,19267,771464,31,31,3,7,
45052,10309,771464,3,4,4,8,
45053,11532,771464,23,23,3,8,
45054,7662,771464,17,17,3,8,
45055,9071,771464,15,16,3,8,
45056,16795,771464,15,15,3,8,
45057,3492,771464,3,4,4,9,
45058,15492,771464,25,25,3,8,
45059,16124,771464,3,4,4,9,
45060,11759,771464,21,21,3,8,
45061,16079,771464,29,29,3,9,
45062,9249,771464,3,4,4,8,
45063,16190,771464,3,4,4,9,
45064,5630,771464,13,13,3,8,
45065,9261,771464,19,19,3,8,
45066,11008,771464,19,19,3,8,
45067,11620,771464,3,4,4,8,
45068,2244,771464,3,4,4,8,
45069,1689,771464,3,4,4,9,
45070,1450,771464,3,4,4,8,
45071,8416,771464,13,13,3,8,
45072,14534,771464,15,15,3,9,
45073,11190,771464,17,17,3,8,
45074,30982,771464,17,17,3,9,
45075,32579,771464,25,25,3,9,
45076,34132,771464,25,25,3,9,
45077,2307,771464,3,4,4,9,
45078,1895,771464,3,4,4,8,
45079,2947,771464,3,4,4,9,
45080,3073,771464,3,4,4,8,
45081,2336,771464,3,4,4,9,
45082,36185,771464,33,33,3,8,
45083,2605,771464,3,4,4,9,
45084,41128,771464,31,31,3,9,
45085,32764,771464,23,23,3,8,
45086,40829,771464,3,4,4,9,
45087,36764,771464,29,29,3,8,
45088,20910,771464,3,4,4,9,
45089,15409,771464,21,21,3,9,
45090,9741,771464,21,21,3,9,
45091,14112,771464,3,4,4,9,
45092,14028,771464,27,27,3,8,
45093,16482,771464,25,25,3,8,
45094,11524,771464,19,19,3,9,
45095,13152,771464,25,25,3,9,
45096,5134,771464,3,4,4,9,
45097,1596,771464,3,4,4,8,
45098,18011,771464,29,29,3,8,
45099,28844,771464,25,25,3,8,
45100,18268,771464,3,4,4,8,
45101,24918,771464,29,29,3,9,
45102,15354,771464,27,27,3,9,
45103,2042,771464,3,4,4,9,
45104,2365,771464,3,4,4,8,
45105,2367,771464,3,4,4,8,
45106,23940,771464,31,31,3,8,
45107,8668,771464,21,21,3,8,
45108,31272,771464,29,29,3,9,
45109,13234,771464,21,21,3,8,
45110,6743,771464,15,15,3,8,
45111,22683,771464,21,21,3,8,
45112,15722,771464,21,21,3,9,
45113,22113,771464,29,29,3,8,
45114,1471,771464,3,4,4,9,
45115,1176,771464,3,4,4,9,
45116,2318,771464,3,4,4,9,
45117,2989,771464,3,4,4,8,
45118,14594,771464,21,21,3,9,
45119,1865,771464,3,4,4,9,
45120,1402,771464,3,4,4,8,
45121,11136,771464,19,19,3,8,
45122,4557,771464,13,13,3,8,
45123,11429,771464,3,4,4,8,
45124,3377,771464,3,4,4,8,
45125,15412,771464,23,23,3,8,
45126,13928,771464,21,21,3,8,
45127,8481,771464,15,15,3,8,
45128,9777,771464,3,4,4,9,
45129,2075,771464,3,4,4,8,
45130,2410,771464,3,4,4,9,
45131,11139,771464,15,15,3,8,
45132,3891,771464,3,4,4,9,
45133,13583,771464,21,21,3,8,
45134,10889,771464,15,15,3,9,
45135,3293,771464,3,4,4,8,
45136,10798,771464,13,13,3,9,
45137,2996,771464,3,4,4,9,
45138,24213,771464,33,33,3,8,
45139,14801,771464,13,13,3,8,
45140,28445,771464,33,33,3,8,
45141,11150,771464,25,25,3,8,
45142,14896,771464,23,23,3,8,
45143,27062,771464,31,32,3,9,
45144,12838,771464,27,27,3,9,
45145,10681,771464,3,4,4,9,
45146,23395,771464,3,4,4,8,
45147,13423,771464,21,21,3,8,
45148,17904,771464,27,27,3,8,
45149,20619,771464,33,33,3,9,
45150,13192,771464,21,21,3,9,
45151,11284,771464,21,21,3,8,
45152,5636,771464,3,4,4,9,
45153,3126,771464,3,4,4,8,
45154,6547,771464,13,13,3,8,
45155,2509,771464,3,4,4,9,
45156,12309,771464,23,23,3,9,
45157,19700,771464,3,4,4,8,
45158,35154,771464,31,31,3,9,
45159,24434,771464,29,29,3,8,
45160,1604,771464,3,4,4,8,
45161,2592,771464,3,4,4,8,
45162,40316,771464,33,33,3,8,
45163,12670,771464,3,4,4,8,
45164,19180,771464,21,21,3,8,
45165,2941,771464,3,4,4,9,
45166,2598,771464,3,4,4,9,
45167,3220,771464,3,4,4,8,
45168,36677,771464,33,33,3,8,
45169,17671,771464,17,17,3,9,
45170,32955,771464,27,27,3,9,
45171,29985,771464,23,23,3,9,
45172,28829,771464,31,31,3,8,
45173,25055,771464,23,23,3,9,
45174,3055,771464,3,4,4,8,
45175,30823,771464,21,21,3,8,
45176,18263,771464,15,15,3,8,
45177,33162,771464,21,21,3,9,
45178,19112,771464,3,4,4,9,
45179,15248,771464,3,4,4,8,
45180,38867,771464,33,33,3,8,
45181,19318,771464,19,19,3,8,
45182,13122,771464,3,4,4,8,
45183,14989,771464,13,13,3,8,
45184,26736,771464,17,17,3,9,
45185,22334,771464,17,17,3,8,
45186,4145,771464,3,4,4,8,
45187,9520,771464,15,15,3,8,
45188,16720,771464,23,23,3,8,
45189,9865,771464,3,4,4,9,
45190,16903,771464,31,31,3,7,
45191,6255,771464,3,4,4,9,
45192,17043,771464,3,4,4,8,
45193,4111,771464,3,4,4,9,
45194,3031,771464,3,4,4,8,
45195,30619,771464,33,33,3,9,
45196,4859,771464,3,4,4,8,
45197,12089,771464,23,23,3,9,
45198,16840,771464,25,25,3,9,
45199,3538,771464,3,4,4,8,
45200,3123,771464,3,4,4,8,
45201,1956,771464,3,4,4,8,
45202,3405,771464,3,4,4,8,
45203,966,771464,3,4,4,8,
45204,1475,771464,3,4,4,8,
45205,3282,771464,3,4,4,7,
45206,36847,771464,31,31,3,8,
45207,4845,771464,3,4,4,8,
45208,39495,771464,3,4,4,8,
45209,34331,771464,33,33,3,8,
45210,36079,771464,31,31,3,9,
45211,7085,771464,3,4,4,8,
45212,33378,771464,3,4,4,8,
45213,24840,771464,29,29,3,8,
45214,33558,771464,3,4,4,9,
45215,1513,771464,3,4,4,8,
45216,20851,771464,27,27,3,8,
45217,10365,771464,17,17,3,9,
45218,8775,771464,3,4,4,8,
45219,5341,771464,13,13,3,8,
45220,15000,771464,29,29,3,8,
45221,15376,771464,3,4,4,8,
45222,13792,771464,19,19,3,8,
45223,12402,771464,19,19,3,8,
45224,12952,771464,15,15,3,8,
45225,2947,771464,3,4,4,8,
45226,13763,771464,3,4,4,7,
45227,13231,771464,3,4,4,8,
45228,17482,771464,29,29,3,8,
45229,12419,771464,3,4,4,7,
45230,9936,771464,17,17,3,9,
45231,15963,771464,31,31,3,8,
45232,16906,771464,3,4,4,9,
45233,19427,771464,31,31,3,8,
45234,17720,771464,33,33,3,8,
45235,7865,771464,13,13,3,8,
45236,6080,771464,3,4,4,6,
45237,12398,771464,19,19,3,7,
45238,15886,771464,3,4,4,8,
45239,16876,771464,3,4,4,8,
45240,13944,771464,25,25,3,8,
45241,10680,771464,17,17,3,8,
45242,27728,771464,31,31,3,9,
45243,14698,771464,29,29,3,9,
45244,29998,771464,25,25,3,8,
45245,15393,771464,17,17,3,9,
45246,1765,771464,3,4,4,9,
45247,3203,771464,3,4,4,8,
45248,15053,771464,29,29,3,9,
45249,16115,771464,29,29,3,8,
45250,8121,771464,17,17,3,9,
45251,18746,771464,3,4,4,8,
45252,26946,771464,33,33,3,8,
45253,8107,771464,3,4,4,9,
45254,18323,771464,3,4,4,8,
45255,10318,771464,17,17,3,9,
45256,16786,771464,25,25,3,9,
45257,16049,771464,3,4,4,8,
45258,2067,771464,3,4,4,8,
45259,693,771464,3,4,4,8,
45260,24154,771464,29,29,3,9,
45261,15476,771464,13,13,3,8,
45262,22499,771464,33,33,3,8,
45263,25137,771464,23,23,3,8,
45264,9475,771464,15,15,3,8,
45265,922,771464,3,4,4,8,
45266,2422,771464,3,4,4,9,
45267,18665,771464,33,33,3,8,
45268,20860,771464,33,33,3,8,
45269,7266,771464,19,19,3,7,
45270,20386,771464,3,4,4,7,
45271,16332,771464,23,23,3,8,
45272,15819,771464,31,31,3,8,
45273,13783,771464,15,15,3,8,
45274,6115,771464,3,4,4,8,
45275,9579,771464,3,4,4,8,
45276,9848,771464,19,19,3,8,
45277,2252,771464,3,4,4,8,
45278,5812,771464,3,4,4,8,
45279,1269,771464,3,4,4,9,
45280,4869,771464,3,4,4,8,
45281,22170,771464,31,31,3,8,
45282,2098,771464,3,4,4,8,
45283,33164,771464,17,17,3,8,
45284,8575,771464,17,17,3,8,
45285,19540,771464,27,27,3,8,
45286,8464,771464,3,4,4,8,
45287,2173,771464,3,4,4,7,
45288,18585,771464,31,31,3,8,
45289,1008,771464,3,4,4,8,
45290,3407,771464,3,4,4,8,
45291,1620,771464,3,4,4,9,
45292,10022,771464,13,13,3,8,
45293,3072,771464,3,4,4,9,
45294,10702,771464,15,15,3,9,
45295,3153,771464,3,4,4,9,
45296,8929,771464,23,23,3,8,
45297,23421,771464,25,25,3,8,
45298,13870,771464,27,27,3,9,
45299,23238,771464,3,4,4,9,
45300,2340,771464,3,4,4,9,
45301,14600,771464,25,25,3,9,
45302,23335,771464,27,27,3,8,
45303,7644,771464,3,4,4,9,
45304,1302,771464,3,4,4,8,
45305,14410,771464,21,21,3,8,
45306,17888,771464,27,27,3,9,
45307,10120,771464,19,19,3,8,
45308,12118,771464,27,27,3,9,
45309,11234,771464,3,4,4,9,
45310,12193,771464,23,23,3,8,
45311,16190,771464,29,29,3,7,
45312,14310,771464,23,23,3,8,
45313,7346,771464,3,4,4,9,
45314,14018,771464,3,4,4,8,
45315,14989,771464,3,4,4,9,
45316,15559,771464,25,25,3,9,
45317,16870,771464,31,31,3,9,
45318,2990,771464,3,4,4,9,
45319,2355,771464,3,4,4,8,
45320,20225,771464,31,31,3,9,
45321,14985,771464,25,25,3,9,
45322,7614,771464,15,15,3,9,
45323,18966,771464,3,4,4,8,
45324,1718,771464,3,4,4,9,
45325,17243,771464,27,27,3,8,
45326,24889,771464,33,33,3,8,
45327,18855,771464,33,33,3,9,
45328,29496,771464,3,4,4,7,
45329,7945,771464,15,15,3,9,
45330,7444,771464,19,19,3,8,
45331,6572,771464,3,4,4,9,
45332,2558,771464,3,4,4,9,
45333,2447,771464,3,4,4,8,
45334,2829,771464,3,4,4,8,
45335,3411,771464,3,4,4,8,
45336,2980,771464,3,4,4,7,
45337,2646,771464,3,4,4,8,
45338,3025,771464,3,4,4,7,
45339,30541,771464,27,27,3,8,
45340,27038,771464,23,23,3,9,
45341,2568,771464,3,4,4,8,
45342,32061,771464,31,31,3,8,
45343,22124,771464,29,29,3,9,
45344,32060,771464,27,27,3,8,
45345,6385,771464,3,4,4,9,
45346,9541,771464,19,19,3,7,
45347,31048,771464,3,4,4,9,
45348,9487,771464,17,17,3,7,
45349,22135,771464,31,31,3,7,
45350,9591,771464,3,4,4,7,
45351,19293,771464,25,25,3,9,
45352,3602,771464,3,4,4,8,
45353,1493,771464,3,4,4,9,
45354,953,771464,3,4,4,7,
45355,17910,771464,23,23,3,8,
45356,11465,771464,17,17,3,9,
45357,49295,771464,17,17,3,6,
45358,12870,771464,3,4,4,8,
45359,6727,771464,13,13,3,8,
45360,44217,771464,27,27,3,7,
45361,8659,771464,17,17,3,8,
45362,39698,771464,31,31,3,8,
45363,12415,771464,25,25,3,9,
45364,4460,771464,3,4,4,8,
45365,2884,771464,3,4,4,8,
45366,3162,771464,3,4,4,8,
45367,34401,771464,21,21,3,7,
45368,2158,771464,3,4,4,9,
45369,41859,771464,3,4,4,7,
45370,6599,771464,15,15,3,8,
45371,30850,771464,15,15,3,9,
45372,48809,771464,19,19,3,8,
45373,38906,771464,3,4,4,9,
45374,36102,771464,3,4,4,8,
45375,35166,771464,3,4,4,8,
45376,21678,771464,27,27,3,6,
45377,4120,771464,3,4,4,7,
45378,4339,771464,3,4,4,7,
45379,17097,771464,27,27,3,8,
45380,12680,771464,23,23,3,9,
45381,16587,771464,3,4,4,8,
45382,1637,771464,3,4,4,8,
45383,8777,771464,15,15,3,8,
45384,23547,771464,13,13,3,8,
45385,8625,771464,17,17,3,8,
45386,1448,771464,3,4,4,9,
45387,2142,771464,3,4,4,9,
45388,21566,771464,33,33,3,9,
45389,20749,771464,3,4,4,9,
45390,9191,771464,15,15,3,8,
45391,13417,771464,25,25,3,8,
45392,18185,771464,19,19,3,9,
45393,11793,771464,27,27,3,9,
45394,21031,771464,25,25,3,9,
45395,15854,771464,25,25,3,8,
45396,25474,771464,33,33,3,8,
45397,20551,771464,33,33,3,9,
45398,17231,771464,3,4,4,8,
45399,5699,771464,3,4,4,9,
45400,22362,771464,31,31,3,8,
45401,16363,771464,21,21,3,9,
45402,19192,771464,33,33,3,9,
45403,2051,771464,3,4,4,9,
45404,17051,771464,31,31,3,8,
45405,16914,771464,3,4,4,8,
45406,16175,771464,3,4,4,9,
45407,9984,771464,15,15,3,9,
45408,18963,771464,33,33,3,8,
45409,14017,771464,25,25,3,8,
45410,10307,771464,15,15,3,8,
45411,5305,771464,3,4,4,8,
45412,7656,771464,3,4,4,9,
45413,10394,771464,21,21,3,7,
45414,3095,771464,3,4,4,8,
45415,2016,771464,3,4,4,8,
45416,10319,771464,3,4,4,8,
45417,17043,771464,21,21,3,9,
45418,12321,771464,25,25,3,8,
45419,19958,771464,29,29,3,8,
45420,12109,771464,3,4,4,9,
45421,1876,771464,3,4,4,9,
45422,1217,771464,3,4,4,9,
45423,1755,771464,3,4,4,8,
45424,4590,771464,3,4,4,8,
45425,9683,771464,17,17,3,8,
45426,9586,771464,3,4,4,8,
45427,1955,771464,3,4,4,9,
45428,16026,771464,29,29,3,8,
45429,1810,771464,3,4,4,9,
45430,7559,771464,13,13,3,8,
45431,14415,771464,25,25,3,8,
45432,14893,771464,3,4,4,8,
45433,13507,771464,29,29,3,8,
45434,13939,771464,3,4,4,8,
45435,15367,771464,31,31,3,8,
45436,1435,771464,3,4,4,8,
45437,13653,771464,25,25,3,9,
45438,9529,771464,23,23,3,8,
45439,13614,771464,3,4,4,8,
45440,11888,771464,3,4,4,9,
45441,2821,771464,3,4,4,7,
45442,7542,771464,17,17,3,8,
45443,1741,771464,3,4,4,8,
45444,14217,771464,23,23,3,8,
45445,13588,771464,29,29,3,9,
45446,6553,771464,3,4,4,9,
45447,13353,771464,3,4,4,8,
45448,14888,771464,3,4,4,9,
45449,14629,771464,23,23,3,9,
45450,1488,771464,3,4,4,8,
45451,14862,771464,3,4,4,8,
45452,2491,771464,3,4,4,9,
45453,13669,771464,23,23,3,8,
45454,2862,771464,3,4,4,9,
45455,13984,771464,3,4,4,8,
45456,10496,771464,19,19,3,8,
45457,11704,771464,3,4,4,9,
45458,18865,771464,29,29,3,8,
45459,16163,771464,15,15,3,8,
45460,12140,771464,17,17,3,8,
45461,16430,771464,25,25,3,9,
45462,2881,771464,3,4,4,7,
45463,5328,771464,3,4,4,8,
45464,4229,771464,3,4,4,8,
45465,15524,771464,19,19,3,9,
45466,12754,771464,13,13,3,8,
45467,15114,771464,3,4,4,8,
45468,4463,771464,3,4,4,9,
45469,22546,771464,27,27,3,8,
45470,23032,771464,29,29,3,9,
45471,20688,771464,3,4,4,7,
45472,11140,771464,23,23,3,9,
45473,14756,771464,27,27,3,9,
45474,8127,771464,3,4,4,9,
45475,14924,771464,3,4,4,8,
45476,17355,771464,23,23,3,9,
45477,8799,771464,15,15,3,9,
45478,23504,771464,31,31,3,9,
45479,30713,771464,33,33,3,8,
45480,33353,771464,3,4,4,9,
45481,33600,771464,23,23,3,9,
45482,16260,771464,13,13,3,8,
45483,35031,771464,13,13,3,7,
45484,33147,771464,15,15,3,7,
45485,32636,771464,15,15,3,7,
45486,37138,771464,3,4,4,7,
45487,22662,771464,3,4,4,8,
45488,8497,771464,3,4,4,6,
45489,2676,771464,3,4,4,8,
45490,11163,771464,3,4,4,7,
45491,11944,771464,13,13,3,9,
45492,12016,771464,3,4,4,8,
45493,23738,771464,29,29,3,8,
45494,975,771464,3,4,4,7,
45495,2381,771464,3,4,4,6,
45496,5138,771464,3,4,4,7,
45497,1779,771464,3,4,4,7,
45498,3098,771464,3,4,4,7,
45499,20328,771464,27,27,3,7,
45500,17640,771464,15,15,3,7,
45501,18454,771464,3,4,4,5,
45502,3965,771464,3,4,4,8,
45503,21499,771464,3,4,4,8,
45504,10719,771464,13,13,3,9,
45505,14121,771464,17,17,3,8,
45506,3549,771464,3,4,4,8,
45507,14417,771464,3,4,4,8,
45508,16935,771464,23,23,3,9,
45509,17360,771464,3,4,4,9,
45510,6543,771464,13,13,3,7,
45511,22065,771464,31,31,3,8,
45512,11762,771464,17,17,3,9,
45513,24006,771464,29,29,3,6,
45514,20702,771464,25,25,3,7,
45515,21705,771464,27,27,3,7,
45516,20713,771464,25,25,3,8,
45517,27427,771464,31,31,3,8,
45518,20931,771464,3,4,4,7,
45519,19127,771464,31,31,3,8,
45520,18700,771464,3,4,4,7,
45521,12396,771464,3,4,4,9,
45522,4137,771464,3,4,4,7,
45523,5119,771464,3,4,4,8,
45524,16788,771464,25,25,3,8,
45525,2874,771464,3,4,4,8,
45526,31253,771464,33,33,3,7,
45527,5711,771464,3,4,4,8,
45528,1990,771464,3,4,4,7,
45529,3780,771464,3,4,4,7,
45530,16777,771464,23,23,3,8,
45531,2096,771464,3,4,4,8,
45532,30941,771464,31,31,3,9,
45533,17178,771464,3,4,4,9,
45534,3107,771464,3,4,4,8,
45535,23182,771464,29,29,3,9,
45536,33472,771464,31,31,3,8,
45537,2653,771464,3,4,4,9,
45538,35048,771464,3,4,4,8,
45539,26937,771464,33,33,3,8,
45540,26891,771464,3,4,4,9,
45541,12952,771464,15,15,3,8,
45542,1831,771464,3,4,4,8,
45543,572,771464,3,4,4,8,
45544,20709,771464,23,23,3,8,
45545,11385,771464,13,13,3,8,
45546,19407,771464,25,25,3,8,
45547,5171,771464,3,4,4,9,
45548,2504,771464,3,4,4,7,
45549,15440,771464,3,4,4,8,
45550,1373,771464,3,4,4,7,
45551,10442,771464,3,4,4,8,
45552,2741,771464,3,4,4,8,
45553,11089,771464,13,13,3,9,
45554,5144,771464,3,4,4,8,
45555,18977,771464,27,27,3,9,
45556,21094,771464,15,15,3,8,
45557,30023,771464,31,31,3,9,
45558,15418,771464,15,15,3,8,
45559,10479,771464,13,13,3,8,
45560,16259,771464,19,19,3,8,
45561,14187,771464,3,4,4,9,
45562,11430,771464,3,4,4,8,
45563,2080,771464,3,4,4,9,
45564,18386,771464,25,25,3,9,
45565,18888,771464,25,25,3,9,
45566,9039,771464,3,4,4,9,
45567,19316,771464,27,27,3,8,
45568,11858,771464,3,4,4,8,
45569,18716,771464,3,4,4,8,
45570,16277,771464,21,21,3,8,
45571,5225,771464,3,4,4,9,
45572,17218,771464,3,4,4,8,
45573,20244,771464,33,33,3,9,
45574,5953,771464,13,13,3,8,
45575,3580,771464,3,4,4,9,
45576,11625,771464,15,15,3,8,
45577,7754,771464,15,15,3,8,
45578,11994,771464,3,4,4,9,
45579,8956,771464,3,4,4,8,
45580,10198,771464,17,17,3,9,
45581,2382,771464,3,4,4,7,
45582,13677,771464,21,21,3,9,
45583,27813,771464,33,33,3,6,
45584,14172,771464,3,4,4,7,
45585,10858,771464,19,19,3,8,
45586,29461,771464,3,4,4,9,
45587,11137,771464,23,23,3,8,
45588,22041,771464,33,33,3,8,
45589,20643,771464,29,29,3,9,
45590,21250,771464,3,4,4,7,
45591,15167,771464,25,25,3,9,
45592,3834,771464,3,4,4,8,
45593,24374,771464,31,32,3,9,
45594,19990,771464,33,33,3,8,
45595,2614,771464,3,4,4,9,
45596,8795,771464,15,15,3,8,
45597,17622,771464,29,29,3,9,
45598,4080,771464,3,4,4,8,
45599,1390,771464,3,4,4,7,
45600,1701,771464,3,4,4,7,
45601,6974,771464,13,13,3,8,
45602,16111,771464,23,23,3,7,
45603,3106,771464,3,4,4,7,
45604,24606,771464,19,19,3,8,
45605,12273,771464,17,17,3,8,
45606,16643,771464,23,23,3,9,
45607,10599,771464,23,23,3,8,
45608,14902,771464,3,4,4,9,
45609,3926,771464,3,4,4,8,
45610,3322,771464,3,4,4,8,
45611,18557,771464,25,25,3,7,
45612,16215,771464,27,27,3,9,
45613,10759,771464,23,23,3,8,
45614,16492,771464,29,29,3,7,
45615,2113,771464,3,4,4,8,
45616,10163,771464,17,17,3,8,
45617,16150,771464,27,27,3,8,
45618,9972,771464,3,4,4,8,
45619,1257,771464,3,4,4,8,
45620,1736,771464,3,4,4,8,
45621,3609,771464,3,4,4,9,
45622,11307,771464,23,23,3,8,
45623,2798,771464,3,4,4,8,
45624,2142,771464,3,4,4,8,
45625,8274,771464,3,4,4,7,
45626,1355,771464,3,4,4,7,
45627,2196,771464,3,4,4,8,
45628,8221,771464,3,4,4,7,
45629,10150,771464,25,25,3,7,
45630,6922,771464,15,15,3,7,
45631,8170,771464,3,4,4,7,
45632,14236,771464,29,29,3,8,
45633,15215,771464,3,4,4,7,
45634,10355,771464,3,4,4,9,
45635,8989,771464,17,17,3,9,
45636,9348,771464,17,17,3,8,
45637,9377,771464,21,21,3,8,
45638,27209,771464,27,27,3,8,
45639,8233,771464,3,4,4,8,
45640,30871,771464,3,4,4,9,
45641,21647,771464,19,19,3,9,
45642,21450,771464,3,4,4,8,
45643,3679,771464,3,4,4,8,
45644,30297,771464,23,23,3,9,
45645,30780,771464,3,4,4,8,
45646,19846,771464,19,19,3,8,
45647,29016,771464,29,29,3,8,
45648,15280,771464,19,19,3,7,
45649,21793,771464,33,33,3,9,
45650,27225,771464,23,23,3,8,
45651,28728,771464,3,4,4,8,
45652,24043,771464,25,25,3,9,
45653,20700,771464,19,19,3,9,
45654,19883,771464,25,25,3,8,
45655,15438,771464,27,27,3,8,
45656,6026,771464,3,4,4,9,
45657,14679,771464,23,23,3,8,
45658,2305,771464,3,4,4,9,
45659,11637,771464,19,19,3,8,
45660,1532,771464,3,4,4,9,
45661,15996,771464,19,19,3,9,
45662,11485,771464,21,21,3,8,
45663,14572,771464,29,29,3,8,
45664,8676,771464,17,17,3,8,
45665,15606,771464,3,4,4,9,
45666,8003,771464,3,4,4,8,
45667,15361,771464,27,28,3,9,
45668,14672,771464,3,4,4,8,
45669,13559,771464,23,23,3,8,
45670,10204,771464,17,17,3,8,
45671,31093,771464,27,27,3,9,
45672,9168,771464,3,4,4,8,
45673,12935,771464,23,23,3,9,
45674,12739,771464,21,21,3,9,
45675,13470,771464,27,27,3,9,
45676,14032,771464,3,4,4,9,
45677,9386,771464,19,19,3,9,
45678,2467,771464,3,4,4,8,
45679,9385,771464,3,4,4,8,
45680,12540,771464,25,25,3,8,
45681,12150,771464,25,25,3,9,
45682,11330,771464,3,4,4,9,
45683,20697,771464,31,31,3,8,
45684,22339,771464,3,4,4,8,
45685,16670,771464,23,23,3,8,
45686,19059,771464,3,4,4,8,
45687,2680,771464,3,4,4,8,
45688,1701,771464,3,4,4,8,
45689,7281,771464,15,15,3,7,
45690,6863,771464,3,4,4,8,
45691,1892,771464,3,4,4,9,
45692,7299,771464,3,4,4,8,
45693,11086,771464,13,13,3,8,
45694,11079,771464,15,15,3,9,
45695,1497,771464,3,4,4,9,
45696,3334,771464,3,4,4,8,
45697,3055,771464,3,4,4,9,
45698,21511,771465,29,29,3,9,
45699,16883,771465,21,21,3,8,
45700,13861,771465,23,23,3,7,
45701,8677,771465,15,15,3,7,
45702,12345,771465,17,17,3,8,
45703,4044,771465,3,4,4,8,
45704,1419,771465,3,4,4,7,
45705,2166,771465,3,4,4,7,
45706,10309,771465,3,4,4,7,
45707,3118,771465,3,4,4,8,
45708,10994,771465,15,15,3,8,
45709,17785,771465,19,19,3,8,
45710,1898,771465,3,4,4,9,
45711,7244,771465,15,15,3,9,
45712,7415,771465,3,4,4,9,
45713,8942,771465,19,19,3,9,
45714,6653,771465,15,15,3,7,
45715,7701,771465,3,4,4,7,
45716,5215,771465,3,4,4,8,
45717,6075,771465,3,4,4,8,
45718,7813,771465,19,19,3,8,
45719,9559,771465,3,4,4,9,
45720,14109,771465,29,29,3,9,
45721,1598,771465,3,4,4,9,
45722,2637,771465,3,4,4,8,
45723,1950,771465,3,4,4,9,
45724,3486,771465,3,4,4,8,
45725,20418,771465,21,21,3,8,
45726,15981,771465,17,17,3,9,
45727,4107,771465,3,4,4,8,
45728,11692,771465,17,17,3,8,
45729,15269,771465,21,21,3,8,
45730,8225,771465,13,13,3,8,
45731,2779,771465,3,4,4,8,
45732,12479,771465,19,19,3,8,
45733,14866,771465,21,21,3,9,
45734,10495,771465,17,17,3,7,
45735,15495,771465,3,4,4,8,
45736,24542,771465,21,21,3,9,
45737,11087,771465,15,15,3,8,
45738,4091,771465,3,4,4,9,
45739,27550,771465,27,27,3,7,
45740,1132,771465,3,4,4,7,
45741,23039,771465,27,27,3,8,
45742,4118,771465,3,4,4,9,
45743,31171,771465,33,33,3,8,
45744,24075,771465,23,23,3,8,
45745,2356,771465,3,4,4,8,
45746,2356,771465,3,4,4,8,
45747,22351,771465,23,23,3,7,
45748,20987,771465,21,21,3,8,
45749,19269,771465,19,19,3,9,
45750,21485,771465,3,4,4,8,
45751,18277,771465,17,17,3,8,
45752,22153,771465,31,31,3,8,
45753,3025,771465,3,4,4,9,
45754,16973,771465,3,4,4,8,
45755,11083,771465,23,23,3,8,
45756,1813,771465,3,4,4,8,
45757,2854,771465,3,4,4,9,
45758,19904,771465,33,33,3,8,
45759,10612,771465,25,25,3,8,
45760,11043,771465,3,4,4,9,
45761,14677,771465,27,27,3,8,
45762,7426,771465,13,13,3,9,
45763,15075,771465,3,4,4,8,
45764,6649,771465,3,4,4,9,
45765,7165,771465,13,13,3,7,
45766,11209,771465,21,21,3,8,
45767,2118,771465,3,4,4,8,
45768,11274,771465,3,4,4,9,
45769,2466,771465,3,4,4,8,
45770,3972,771465,3,4,4,7,
45771,3513,771465,3,4,4,8,
45772,11326,771465,17,17,3,8,
45773,21151,771465,31,31,3,8,
45774,20557,771465,31,31,3,9,
45775,11011,771465,15,15,3,7,
45776,13826,771465,31,31,3,8,
45777,15830,771465,31,31,3,8,
45778,9129,771465,17,17,3,8,
45779,15569,771465,3,4,4,9,
45780,16454,771465,29,29,3,9,
45781,30113,771465,29,29,3,9,
45782,16519,771465,29,29,3,8,
45783,13701,771465,23,23,3,9,
45784,16304,771465,3,4,4,9,
45785,17207,771465,33,33,3,9,
45786,3083,771465,3,4,4,8,
45787,15999,771465,27,27,3,8,
45788,17390,771465,27,27,3,8,
45789,13689,771465,3,4,4,8,
45790,16094,771465,3,4,4,8,
45791,8018,771465,15,15,3,8,
45792,6484,771465,13,13,3,9,
45793,2029,771465,3,4,4,9,
45794,20141,771465,31,31,3,9,
45795,13067,771465,19,19,3,8,
45796,7872,771465,3,4,4,9,
45797,7408,771465,3,4,4,8,
45798,15794,771465,21,21,3,8,
45799,17040,771465,27,27,3,9,
45800,2951,771465,3,4,4,9,
45801,2398,771465,3,4,4,7,
45802,30489,771465,23,23,3,8,
45803,3122,771465,3,4,4,9,
45804,13874,771465,17,17,3,9,
45805,46752,771465,3,4,4,7,
45806,1892,771465,3,4,4,8,
45807,35298,771465,3,4,4,8,
45808,1499,771465,3,4,4,8,
45809,5260,771465,3,4,4,9,
45810,5698,771465,3,4,4,8,
45811,42530,771465,31,31,3,9,
45812,36714,771465,23,23,3,8,
45813,35410,771465,21,21,3,8,
45814,38311,771465,3,4,4,8,
45815,37427,771465,3,4,4,8,
45816,37400,771465,25,25,3,9,
45817,33931,771465,3,4,4,8,
45818,12940,771465,23,23,3,8,
45819,15541,771465,25,25,3,8,
45820,6116,771465,3,4,4,8,
45821,2834,771465,3,4,4,9,
45822,2387,771465,3,4,4,8,
45823,16206,771465,27,27,3,8,
45824,9759,771465,3,4,4,8,
45825,3112,771465,3,4,4,9,
45826,14692,771465,25,25,3,9,
45827,16663,771465,33,33,3,9,
45828,14710,771465,3,4,4,9,
45829,20705,771465,33,33,3,9,
45830,10860,771465,21,21,3,8,
45831,23831,771465,3,4,4,8,
45832,2259,771465,3,4,4,9,
45833,2637,771465,3,4,4,9,
45834,10069,771465,19,19,3,8,
45835,4690,771465,3,4,4,9,
45836,9772,771465,3,4,4,8,
45837,14198,771465,21,21,3,8,
45838,2520,771465,3,4,4,8,
45839,2363,771465,3,4,4,8,
45840,10271,771465,17,17,3,9,
45841,1775,771465,3,4,4,9,
45842,11610,771465,3,4,4,7,
45843,10549,771465,3,4,4,8,
45844,14937,771465,25,25,3,9,
45845,15627,771465,3,4,4,8,
45846,19671,771465,33,33,3,8,
45847,5762,771465,3,4,4,7,
45848,19452,771465,3,4,4,8,
45849,4586,771465,3,4,4,8,
45850,3644,771465,3,4,4,9,
45851,2688,771465,3,4,4,7,
45852,10101,771465,19,19,3,8,
45853,18872,771465,29,29,3,8,
45854,11015,771465,3,4,4,8,
45855,1994,771465,3,4,4,8,
45856,18098,771465,3,4,4,8,
45857,9362,771465,13,13,3,8,
45858,12133,771465,15,15,3,8,
45859,12816,771465,3,4,4,8,
45860,24843,771465,33,33,3,9,
45861,11532,771465,17,17,3,8,
45862,13871,771465,17,17,3,8,
45863,35024,771465,19,19,3,8,
45864,23209,771465,25,25,3,9,
45865,9462,771465,17,17,3,9,
45866,2387,771465,3,4,4,9,
45867,19802,771465,23,23,3,9,
45868,39169,771465,33,33,3,8,
45869,2331,771465,3,4,4,9,
45870,3039,771465,3,4,4,9,
45871,8414,771465,13,13,3,8,
45872,27458,771465,23,23,3,8,
45873,6646,771465,3,4,4,9,
45874,7593,771465,3,4,4,8,
45875,12292,771465,3,4,4,9,
45876,2357,771465,3,4,4,9,
45877,27263,771465,29,29,3,8,
45878,33863,771465,29,29,3,9,
45879,28656,771465,3,4,4,8,
45880,29114,771465,19,19,3,8,
45881,31256,771465,33,33,3,8,
45882,27588,771465,31,31,3,9,
45883,29126,771465,33,33,3,8,
45884,7979,771465,13,13,3,9,
45885,8670,771465,3,4,4,9,
45886,4193,771465,3,4,4,8,
45887,4250,771465,3,4,4,8,
45888,6995,771465,3,4,4,8,
45889,2801,771465,3,4,4,8,
45890,9708,771465,15,15,3,8,
45891,2324,771465,3,4,4,8,
45892,5188,771465,3,4,4,8,
45893,10532,771465,3,4,4,8,
45894,9528,771465,15,15,3,9,
45895,18022,771465,27,27,3,9,
45896,1588,771465,3,4,4,9,
45897,16072,771465,21,21,3,8,
45898,3625,771465,3,4,4,8,
45899,12407,771465,23,23,3,8,
45900,2247,771465,3,4,4,8,
45901,7891,771465,17,17,3,8,
45902,16983,771465,31,31,3,9,
45903,10388,771465,3,4,4,8,
45904,27741,771465,27,27,3,8,
45905,2694,771465,3,4,4,9,
45906,10994,771465,3,4,4,8,
45907,9825,771465,21,21,3,8,
45908,6934,771465,13,13,3,8,
45909,20802,771465,31,31,3,8,
45910,1597,771465,3,4,4,8,
45911,20608,771465,27,27,3,8,
45912,21227,771465,3,4,4,8,
45913,13997,771465,25,25,3,8,
45914,18354,771465,29,29,3,8,
45915,18946,771465,31,31,3,8,
45916,11542,771465,17,17,3,8,
45917,19738,771465,3,4,4,9,
45918,15450,771465,29,29,3,8,
45919,1358,771465,3,4,4,8,
45920,26607,771465,33,33,3,8,
45921,7822,771465,17,17,3,8,
45922,3856,771465,3,4,4,8,
45923,8391,771465,3,4,4,9,
45924,10189,771465,19,19,3,7,
45925,8691,771465,13,13,3,8,
45926,12329,771465,15,15,3,8,
45927,3568,771465,3,4,4,9,
45928,12664,771465,19,19,3,8,
45929,24843,771465,31,31,3,8,
45930,13884,771465,21,21,3,9,
45931,13374,771465,3,4,4,8,
45932,6636,771465,13,13,3,9,
45933,6628,771465,3,4,4,9,
45934,13938,771465,3,4,4,8,
45935,8693,771465,19,19,3,9,
45936,16917,771465,25,25,3,8,
45937,21466,771465,17,17,3,8,
45938,17535,771465,25,25,3,8,
45939,7750,771465,13,13,3,9,
45940,994,771465,3,4,4,8,
45941,7958,771465,13,13,3,9,
45942,10857,771465,17,17,3,8,
45943,8170,771465,3,4,4,9,
45944,12552,771465,25,25,3,8,
45945,1593,771465,3,4,4,8,
45946,14850,771465,17,17,3,9,
45947,15129,771465,3,4,4,9,
45948,18976,771465,33,33,3,8,
45949,8884,771465,3,4,4,9,
45950,17884,771465,3,4,4,8,
45951,13377,771465,27,27,3,8,
45952,15055,771465,29,29,3,9,
45953,27070,771465,33,33,3,9,
45954,1854,771465,3,4,4,8,
45955,14408,771465,27,27,3,9,
45956,13599,771465,27,27,3,8,
45957,15529,771465,3,4,4,8,
45958,18020,771465,27,27,3,9,
45959,18607,771465,3,4,4,9,
45960,11901,771465,19,19,3,9,
45961,5462,771465,3,4,4,8,
45962,1244,771465,3,4,4,8,
45963,1432,771465,3,4,4,9,
45964,16056,771465,25,25,3,8,
45965,11742,771465,15,15,3,9,
45966,2788,771465,3,4,4,9,
45967,3752,771465,3,4,4,8,
45968,1830,771465,3,4,4,8,
45969,10703,771465,13,13,3,8,
45970,21902,771465,33,33,3,7,
45971,22708,771465,3,4,4,8,
45972,8327,771465,13,13,3,8,
45973,15837,771465,29,29,3,9,
45974,3205,771465,3,4,4,8,
45975,15107,771465,3,4,4,9,
45976,15997,771465,29,29,3,9,
45977,4183,771465,3,4,4,8,
45978,9451,771465,21,21,3,9,
45979,12339,771465,21,21,3,7,
45980,11565,771465,25,25,3,8,
45981,14277,771465,3,4,4,8,
45982,20981,771465,27,27,3,9,
45983,8296,771465,3,4,4,8,
45984,13474,771465,17,17,3,9,
45985,13090,771465,3,4,4,8,
45986,5082,771465,3,4,4,8,
45987,10772,771465,25,25,3,7,
45988,2465,771465,3,4,4,8,
45989,17699,771465,25,25,3,8,
45990,1441,771465,3,4,4,7,
45991,4152,771465,3,4,4,7,
45992,18099,771465,25,25,3,7,
45993,13342,771465,17,17,3,8,
45994,17530,771465,3,4,4,8,
45995,12563,771465,15,15,3,8,
45996,10441,771465,3,4,4,7,
45997,2297,771465,3,4,4,8,
45998,1729,771465,3,4,4,8,
45999,30572,771465,25,25,3,8,
46000,1183,771465,3,4,4,8,
46001,21323,771465,29,29,3,8,
46002,33438,771465,3,4,4,9,
46003,19144,771465,29,29,3,8,
46004,7583,771465,3,4,4,7,
46005,1699,771465,3,4,4,8,
46006,10425,771465,3,4,4,8,
46007,3233,771465,3,4,4,8,
46008,10879,771465,3,4,4,8,
46009,14478,771465,3,4,4,8,
46010,12533,771465,3,4,4,8,
46011,9780,771465,3,4,4,8,
46012,11164,771465,3,4,4,8,
46013,10158,771465,3,4,4,9,
46014,1861,771465,3,4,4,7,
46015,7146,771465,17,17,3,7,
46016,3458,771465,3,4,4,8,
46017,14274,771465,21,21,3,8,
46018,14520,771465,13,13,3,8,
46019,11269,771465,17,17,3,8,
46020,3127,771465,3,4,4,8,
46021,9955,771465,3,4,4,8,
46022,14515,771465,25,25,3,8,
46023,8713,771465,19,19,3,8,
46024,12084,771465,3,4,4,9,
46025,5942,771465,3,4,4,8,
46026,8422,771465,3,4,4,9,
46027,16298,771465,27,27,3,9,
46028,1986,771465,3,4,4,8,
46029,17267,771465,3,4,4,8,
46030,6725,771465,3,4,4,9,
46031,15347,771465,31,31,3,8,
46032,2140,771465,3,4,4,8,
46033,16460,771465,3,4,4,8,
46034,2317,771465,3,4,4,9,
46035,18572,771465,27,27,3,9,
46036,1704,771465,3,4,4,8,
46037,11273,771465,17,17,3,8,
46038,1344,771465,3,4,4,9,
46039,19480,771465,33,33,3,8,
46040,2825,771465,3,4,4,9,
46041,20713,771465,3,4,4,9,
46042,11634,771465,25,25,3,8,
46043,15896,771465,31,31,3,8,
46044,2924,771465,3,4,4,8,
46045,7894,771465,23,23,3,9,
46046,2916,771465,3,4,4,9,
46047,13047,771465,25,25,3,8,
46048,11156,771465,23,23,3,8,
46049,20029,771465,15,15,3,8,
46050,7456,771465,3,4,4,9,
46051,10375,771465,3,4,4,8,
46052,3470,771465,3,4,4,8,
46053,7893,771465,19,19,3,9,
46054,3174,771465,3,4,4,8,
46055,7570,771465,3,4,4,8,
46056,1680,771465,3,4,4,8,
46057,10460,771465,25,25,3,8,
46058,7103,771465,17,17,3,8,
46059,15971,771465,15,15,3,8,
46060,7943,771465,3,4,4,9,
46061,2141,771465,3,4,4,8,
46062,2908,771465,3,4,4,8,
46063,9001,771465,3,4,4,9,
46064,19332,771465,31,31,3,8,
46065,11202,771465,13,13,3,9,
46066,15893,771465,23,23,3,8,
46067,8206,771465,13,13,3,8,
46068,12067,771465,15,15,3,9,
46069,19918,771465,21,21,3,8,
46070,18328,771465,25,25,3,8,
46071,2827,771465,3,4,4,9,
46072,12061,771465,15,15,3,9,
46073,12152,771465,3,4,4,8,
46074,2478,771465,3,4,4,9,
46075,2600,771465,3,4,4,8,
46076,13676,771465,25,25,3,8,
46077,12260,771465,21,21,3,8,
46078,9476,771465,23,23,3,8,
46079,10859,771465,3,4,4,8,
46080,3015,771465,3,4,4,8,
46081,13826,771465,27,27,3,8,
46082,2746,771465,3,4,4,8,
46083,14623,771465,3,4,4,9,
46084,10195,771465,17,17,3,9,
46085,10517,771465,3,4,4,8,
46086,10307,771465,27,27,3,8,
46087,1568,771465,3,4,4,8,
46088,1706,771465,3,4,4,8,
46089,2365,771465,3,4,4,7,
46090,11887,771465,27,27,3,8,
46091,3005,771465,3,4,4,8,
46092,13425,771465,17,17,3,8,
46093,6816,771465,13,13,3,8,
46094,12305,771465,3,4,4,8,
46095,6983,771465,3,4,4,9,
46096,10801,771465,23,23,3,8,
46097,6618,771465,13,13,3,9,
46098,11077,771465,3,4,4,7,
46099,4776,771465,3,4,4,9,
46100,8498,771465,23,23,3,8,
46101,2627,771465,3,4,4,9,
46102,8053,771465,17,17,3,9,
46103,2160,771465,3,4,4,8,
46104,7895,771465,3,4,4,7,
46105,2656,771465,3,4,4,8,
46106,1728,771465,3,4,4,9,
46107,5656,771465,3,4,4,8,
46108,2239,771465,3,4,4,8,
46109,2878,771465,3,4,4,8,
46110,2960,771465,3,4,4,8,
46111,4838,771465,3,4,4,8,
46112,3200,771465,3,4,4,8,
46113,2834,771465,3,4,4,6,
46114,4221,771465,3,4,4,8,
46115,3811,771465,3,4,4,8,
46116,14558,771465,29,29,3,7,
46117,2403,771465,3,4,4,7,
46118,12240,771465,21,21,3,8,
46119,4432,771465,3,4,4,8,
46120,2698,771465,3,4,4,7,
46121,12124,771465,3,4,4,8,
46122,1486,771465,3,4,4,7,
46123,2622,771465,3,4,4,7,
46124,13488,771465,3,4,4,8,
46125,1481,771465,3,4,4,8,
46126,17456,771465,33,33,3,9,
46127,11716,771465,21,21,3,8,
46128,1088,771465,3,4,4,7,
46129,816,771465,3,4,4,6,
46130,13229,771465,25,25,3,7,
46131,10747,771465,3,4,4,7,
46132,7489,771465,19,19,3,8,
46133,8373,771465,3,4,4,8,
46134,1801,771465,3,4,4,8,
46135,5786,771465,13,13,3,8,
46136,1982,771465,3,4,4,8,
46137,11967,771465,19,19,3,6,
46138,9132,771465,21,21,3,7,
46139,5183,771465,3,4,4,7,
46140,2652,771465,3,4,4,8,
46141,11806,771465,3,4,4,6,
46142,8157,771465,3,4,4,7,
46143,11228,771465,21,21,3,6,
46144,13503,771465,27,27,3,8,
46145,1908,771465,3,4,4,8,
46146,13847,771465,25,25,3,9,
46147,16704,771465,29,29,3,7,
46148,14701,771465,19,19,3,6,
46149,8292,771465,13,13,3,6,
46150,20118,771465,31,31,3,7,
46151,13980,771465,25,25,3,7,
46152,8939,771465,3,4,4,8,
46153,9465,771465,21,21,3,8,
46154,17162,771465,31,31,3,9,
46155,10945,771465,3,4,4,9,
46156,6089,771465,3,4,4,8,
46157,2949,771465,3,4,4,8,
46158,2544,771465,3,4,4,8,
46159,13890,771465,29,29,3,9,
46160,1390,771465,3,4,4,8,
46161,13359,771465,23,23,3,8,
46162,6980,771465,17,17,3,8,
46163,14314,771465,3,4,4,9,
46164,6678,771465,3,4,4,8,
46165,6811,771465,3,4,4,8,
46166,1672,771465,3,4,4,9,
46167,9463,771465,13,13,3,9,
46168,11306,771465,17,17,3,9,
46169,1814,771465,3,4,4,8,
46170,9763,771465,17,17,3,9,
46171,11766,771465,23,23,3,8,
46172,6036,771465,15,15,3,8,
46173,12466,771465,3,4,4,8,
46174,9230,771465,19,19,3,8,
46175,6580,771465,3,4,4,8,
46176,4142,771465,3,4,4,8,
46177,52776,771465,31,31,3,8,
46178,53385,771465,3,4,4,8,
46179,5406,771465,3,4,4,8,
46180,2161,771465,3,4,4,9,
46181,2305,771465,3,4,4,8,
46182,46020,771465,23,23,3,9,
46183,46236,771465,19,19,3,7,
46184,43622,771465,17,17,3,8,
46185,5115,771465,13,13,3,8,
46186,2978,771465,3,4,4,8,
46187,45994,771465,3,4,4,7,
46188,42915,771465,3,4,4,8,
46189,2584,771465,3,4,4,8,
46190,35586,771465,3,4,4,8,
46191,39332,771465,13,13,3,8,
46192,36010,771465,3,4,4,9,
46193,2311,771465,3,4,4,9,
46194,2240,771465,3,4,4,8,
46195,19745,771465,31,31,3,8,
46196,3182,771465,3,4,4,7,
46197,1609,771465,3,4,4,7,
46198,19528,771465,3,4,4,9,
46199,8067,771465,15,15,3,7,
46200,3089,771465,3,4,4,8,
46201,1157,771465,3,4,4,7,
46202,9719,771465,15,15,3,7,
46203,2731,771465,3,4,4,8,
46204,10859,771465,13,13,3,8,
46205,8567,771465,15,15,3,8,
46206,13372,771465,23,23,3,8,
46207,16879,771465,33,33,3,8,
46208,12810,771465,3,4,4,9,
46209,15943,771465,27,27,3,8,
46210,5423,771465,3,4,4,9,
46211,16467,771465,21,21,3,8,
46212,17643,771465,3,4,4,9,
46213,9624,771465,17,17,3,8,
46214,14467,771465,31,31,3,8,
46215,3300,771465,3,4,4,8,
46216,4085,771465,3,4,4,8,
46217,2759,771465,3,4,4,9,
46218,2872,771465,3,4,4,8,
46219,19946,771465,33,33,3,9,
46220,2033,771465,3,4,4,9,
46221,8202,771465,13,13,3,8,
46222,3506,771465,3,4,4,9,
46223,21343,771465,33,33,3,8,
46224,13211,771465,21,21,3,9,
46225,8927,771465,15,15,3,8,
46226,7095,771465,3,4,4,8,
46227,7632,771465,3,4,4,9,
46228,2607,771465,3,4,4,9,
46229,10807,771465,25,25,3,8,
46230,6809,771465,3,4,4,9,
46231,15427,771465,23,23,3,9,
46232,10083,771465,3,4,4,7,
46233,11054,771465,19,19,3,9,
46234,8833,771465,13,13,3,8,
46235,9521,771465,3,4,4,9,
46236,13025,771465,25,25,3,9,
46237,7842,771465,13,13,3,8,
46238,4260,771465,3,4,4,9,
46239,14040,771465,29,29,3,8,
46240,15998,771465,27,27,3,8,
46241,21172,771465,31,31,3,8,
46242,10195,771465,15,15,3,9,
46243,15392,771465,3,4,4,8,
46244,2519,771465,3,4,4,8,
46245,12186,771465,27,27,3,8,
46246,7731,771465,15,15,3,8,
46247,7701,771465,3,4,4,7,
46248,33046,771465,33,33,3,9,
46249,13675,771465,27,27,3,9,
46250,19767,771465,31,31,3,7,
46251,24152,771465,27,27,3,8,
46252,21194,771465,31,31,3,9,
46253,8478,771465,3,4,4,9,
46254,10502,771465,15,15,3,8,
46255,6645,771465,15,15,3,8,
46256,13232,771465,27,27,3,8,
46257,3093,771465,3,4,4,8,
46258,8668,771465,13,13,3,9,
46259,40433,771465,31,31,3,8,
46260,8479,771465,3,4,4,9,
46261,40892,771465,3,4,4,8,
46262,12332,771465,3,4,4,9,
46263,37635,771465,25,25,3,6,
46264,5810,771465,3,4,4,8,
46265,34372,771465,21,21,3,7,
46266,2196,771465,3,4,4,9,
46267,33255,771465,23,23,3,7,
46268,31969,771465,25,25,3,7,
46269,33876,771465,25,25,3,8,
46270,32757,771465,29,29,3,7,
46271,1596,771465,3,4,4,9,
46272,36766,771465,27,28,3,9,
46273,44510,771465,18,19,3,8,
46274,2892,771465,3,4,4,6,
46275,10416,771465,13,13,3,7,
46276,15870,771465,21,21,3,7,
46277,12623,771465,25,25,3,7,
46278,1262,771465,3,4,4,7,
46279,15632,771465,15,15,3,7,
46280,1755,771465,3,4,4,8,
46281,21498,771465,31,31,3,8,
46282,19419,771465,29,29,3,9,
46283,24311,771465,33,33,3,9,
46284,21576,771465,3,4,4,9,
46285,23867,771465,33,33,3,8,
46286,6743,771465,3,4,4,9,
46287,14881,771465,29,29,3,9,
46288,20243,771465,27,27,3,8,
46289,9752,771465,17,17,3,8,
46290,20695,771465,3,4,4,8,
46291,12050,771465,19,19,3,8,
46292,10406,771465,19,19,3,8,
46293,2442,771465,3,4,4,9,
46294,2293,771465,3,4,4,8,
46295,6693,771465,3,4,4,8,
46296,15084,771465,27,27,3,8,
46297,7014,771465,3,4,4,8,
46298,22531,771465,15,15,3,9,
46299,1083,771465,3,4,4,8,
46300,8328,771465,13,13,3,8,
46301,12559,771465,19,19,3,8,
46302,2103,771465,3,4,4,9,
46303,1743,771465,3,4,4,8,
46304,22453,771465,31,31,3,8,
46305,24108,771465,31,32,3,8,
46306,6149,771465,13,13,3,8,
46307,24593,771465,3,4,4,9,
46308,3082,771465,3,4,4,9,
46309,2636,771465,3,4,4,8,
46310,7930,771465,15,15,3,9,
46311,2153,771465,3,4,4,8,
46312,1969,771465,3,4,4,8,
46313,18658,771465,29,29,3,8,
46314,27221,771465,29,29,3,8,
46315,11701,771465,23,23,3,9,
46316,6244,771465,15,15,3,8,
46317,3335,771465,3,4,4,8,
46318,11193,771465,13,13,3,8,
46319,15989,771465,25,25,3,9,
46320,4708,771465,3,4,4,9,
46321,18633,771465,3,4,4,9,
46322,1560,771465,3,4,4,8,
46323,16714,771465,31,31,3,7,
46324,16298,771465,23,23,3,8,
46325,17448,771465,3,4,4,9,
46326,16961,771465,27,27,3,8,
46327,6345,771465,3,4,4,8,
46328,12912,771465,19,19,3,8,
46329,16902,771465,27,27,3,9,
46330,14683,771465,25,25,3,9,
46331,14034,771465,3,4,4,9,
46332,1468,771465,3,4,4,9,
46333,10326,771465,21,21,3,9,
46334,10356,771465,3,4,4,8,
46335,8585,771465,21,21,3,7,
46336,1976,771465,3,4,4,8,
46337,3556,771465,3,4,4,9,
46338,8477,771465,19,19,3,8,
46339,8505,771465,3,4,4,8,
46340,2052,771465,3,4,4,8,
46341,17590,771465,31,31,3,9,
46342,4142,771465,3,4,4,8,
46343,17664,771465,3,4,4,8,
46344,2809,771465,3,4,4,8,
46345,2605,771465,3,4,4,7,
46346,2775,771465,3,4,4,7,
46347,2044,771465,3,4,4,7,
46348,2916,771465,3,4,4,8,
46349,20823,771465,29,29,3,7,
46350,1616,771465,3,4,4,8,
46351,18218,771465,31,31,3,8,
46352,11137,771465,19,19,3,7,
46353,11931,771465,19,19,3,7,
46354,21590,771465,3,4,4,8,
46355,2098,771465,3,4,4,9,
46356,2570,771465,3,4,4,8,
46357,10168,771465,17,17,3,8,
46358,10430,771465,21,21,3,8,
46359,11884,771465,3,4,4,9,
46360,1912,771465,3,4,4,8,
46361,883,771465,3,4,4,8,
46362,1899,771465,3,4,4,7,
46363,10454,771465,15,15,3,8,
46364,6045,771465,3,4,4,9,
46365,20272,771465,29,29,3,7,
46366,10343,771465,13,13,3,8,
46367,2638,771465,3,4,4,8,
46368,20498,771465,31,31,3,9,
46369,20116,771465,33,33,3,9,
46370,20197,771465,3,4,4,8,
46371,2077,771465,3,4,4,8,
46372,8933,771465,15,15,3,8,
46373,3082,771465,3,4,4,8,
46374,12262,771465,23,23,3,9,
46375,17058,771465,33,33,3,8,
46376,10358,771465,17,17,3,8,
46377,16844,771465,3,4,4,9,
46378,8301,771465,19,19,3,8,
46379,5315,771465,3,4,4,9,
46380,2124,771465,3,4,4,7,
46381,3602,771465,3,4,4,7,
46382,1205,771465,3,4,4,7,
46383,16253,771465,27,27,3,8,
46384,2344,771465,3,4,4,8,
46385,3607,771465,3,4,4,7,
46386,8323,771465,13,13,3,8,
46387,3034,771465,3,4,4,9,
46388,8381,771465,15,15,3,8,
46389,2514,771465,3,4,4,8,
46390,24717,771465,33,33,3,8,
46391,24116,771465,33,33,3,9,
46392,1948,771465,3,4,4,8,
46393,24618,771465,3,4,4,9,
46394,12363,771465,21,21,3,8,
46395,19909,771465,31,32,3,9,
46396,12837,771465,3,4,4,8,
46397,35327,771465,25,25,3,9,
46398,19004,771465,25,25,3,9,
46399,19764,771465,21,21,3,9,
46400,21033,771465,25,26,3,9,
46401,4279,771465,3,4,4,9,
46402,13432,771465,23,23,3,9,
46403,19150,771465,29,29,3,8,
46404,15998,771465,3,4,4,8,
46405,21636,771465,21,21,3,8,
46406,18408,771465,27,27,3,9,
46407,10531,771465,3,4,4,9,
46408,12936,771465,23,23,3,8,
46409,19200,771465,3,4,4,9,
46410,8113,771465,3,4,4,7,
46411,16572,771465,17,17,3,8,
46412,14088,771465,21,21,3,9,
46413,16061,771465,25,25,3,8,
46414,16135,771465,3,4,4,6,
46415,21085,771465,31,31,3,8,
46416,11454,771465,25,25,3,8,
46417,21356,771465,3,4,4,8,
46418,10052,771465,3,4,4,9,
46419,2648,771465,3,4,4,9,
46420,3103,771465,3,4,4,8,
46421,4109,771465,3,4,4,8,
46422,17987,771465,27,27,3,6,
46423,4170,771465,3,4,4,8,
46424,12027,771465,27,27,3,8,
46425,3429,771465,3,4,4,8,
46426,2799,771465,3,4,4,8,
46427,2764,771465,3,4,4,8,
46428,2420,771465,3,4,4,9,
46429,18217,771465,33,33,3,8,
46430,12745,771465,31,31,3,7,
46431,9261,771465,21,21,3,8,
46432,14212,771465,3,4,4,8,
46433,18440,771465,3,4,4,9,
46434,9331,771465,3,4,4,9,
46435,6758,771465,19,19,3,7,
46436,7658,771465,3,4,4,8,
46437,5901,771465,3,4,4,8,
46438,1531,771465,3,4,4,9,
46439,2200,771465,3,4,4,9,
46440,16805,771465,25,25,3,7,
46441,3083,771465,3,4,4,8,
46442,9028,771465,15,15,3,8,
46443,20447,771465,25,25,3,8,
46444,13203,771465,25,25,3,8,
46445,8968,771465,3,4,4,8,
46446,11652,771465,21,21,3,9,
46447,20050,771465,3,4,4,8,
46448,21534,771465,33,33,3,9,
46449,14226,771465,25,25,3,9,
46450,9461,771465,15,15,3,9,
46451,2688,771465,3,4,4,9,
46452,2397,771465,3,4,4,8,
46453,2280,771465,3,4,4,8,
46454,17525,771465,31,31,3,8,
46455,2817,771465,3,4,4,8,
46456,15694,771465,33,33,3,8,
46457,16893,771465,23,23,3,9,
46458,3977,771465,3,4,4,8,
46459,15642,771465,3,4,4,8,
46460,16390,771465,3,4,4,9,
46461,1526,771465,3,4,4,9,
46462,17646,771465,33,33,3,8,
46463,12544,771465,17,17,3,8,
46464,24040,771465,31,31,3,8,
46465,5406,771465,13,13,3,9,
46466,7432,771465,3,4,4,8,
46467,11097,771465,3,4,4,9,
46468,6793,771465,13,13,3,8,
46469,2143,771465,3,4,4,8,
46470,8694,771465,15,15,3,8,
46471,7168,771465,3,4,4,8,
46472,17170,771465,27,27,3,9,
46473,10897,771465,3,4,4,8,
46474,20946,771465,25,25,3,8,
46475,17657,771465,19,19,3,9,
46476,20677,771465,23,23,3,8,
46477,22008,771465,27,27,3,9,
46478,20634,771465,3,4,4,8,
46479,18008,771465,19,19,3,9,
46480,3670,771465,3,4,4,8,
46481,1621,771465,3,4,4,8,
46482,15351,771465,23,23,3,8,
46483,6155,771465,3,4,4,9,
46484,14755,771465,3,4,4,8,
46485,14153,771465,19,19,3,9,
46486,1583,771465,3,4,4,8,
46487,3333,771465,3,4,4,8,
46488,10618,771465,17,17,3,8,
46489,9365,771465,15,15,3,8,
46490,8863,771465,3,4,4,8,
46491,10878,771465,21,21,3,9,
46492,2330,771465,3,4,4,9,
46493,9985,771465,3,4,4,8,
46494,1543,771465,3,4,4,8,
46495,18988,771465,25,25,3,8,
46496,15794,771465,33,33,3,8,
46497,19277,771465,3,4,4,8,
46498,16707,771465,3,4,4,8,
46499,1213,771465,3,4,4,8,
46500,2359,771465,3,4,4,8,
46501,14303,771465,19,19,3,7,
46502,2139,771465,3,4,4,9,
46503,13885,771465,3,4,4,8,
46504,11550,771465,19,19,3,8,
46505,20929,771465,33,33,3,8,
46506,2243,771465,3,4,4,9,
46507,7471,771465,15,15,3,9,
46508,10518,771466,3,4,4,9,
46509,1844,771466,3,4,4,8,
46510,19717,771466,15,15,3,7,
46511,7401,771466,13,13,3,7,
46512,1681,771466,3,4,4,7,
46513,5071,771466,3,4,4,7,
46514,3120,771466,3,4,4,8,
46515,16783,771466,19,19,3,7,
46516,13451,771466,13,13,3,8,
46517,3568,771466,3,4,4,8,
46518,14478,771466,17,17,3,8,
46519,16883,771466,3,4,4,9,
46520,7850,771466,15,15,3,8,
46521,11714,771466,3,4,4,8,
46522,10203,771466,15,15,3,8,
46523,12297,771466,17,17,3,9,
46524,7053,771466,13,13,3,8,
46525,13064,771466,27,27,3,9,
46526,14829,771466,31,31,3,7,
46527,12919,771466,3,4,4,8,
46528,13937,771466,25,25,3,8,
46529,3658,771466,3,4,4,8,
46530,14404,771466,29,29,3,8,
46531,15209,771466,3,4,4,8,
46532,18502,771466,27,27,3,8,
46533,8219,771466,17,17,3,8,
46534,18145,771466,3,4,4,9,
46535,19802,771466,23,23,3,9,
46536,19357,771466,31,31,3,8,
46537,20080,771466,31,31,3,8,
46538,24955,771466,27,27,3,9,
46539,1074,771466,3,4,4,8,
46540,2832,771466,3,4,4,8,
46541,13783,771466,17,17,3,9,
46542,13891,771466,3,4,4,7,
46543,2537,771466,3,4,4,9,
46544,14189,771466,21,21,3,8,
46545,6735,771466,13,13,3,8,
46546,3193,771466,3,4,4,9,
46547,7889,771466,13,13,3,8,
46548,8014,771466,3,4,4,8,
46549,18429,771466,31,31,3,8,
46550,6631,771466,3,4,4,8,
46551,1773,771466,3,4,4,8,
46552,14435,771466,15,15,3,7,
46553,2440,771466,3,4,4,8,
46554,21419,771466,33,33,3,8,
46555,16811,771466,29,29,3,8,
46556,12694,771466,3,4,4,8,
46557,19513,771466,33,33,3,9,
46558,11879,771466,21,21,3,8,
46559,1244,771466,3,4,4,8,
46560,4442,771466,13,13,3,9,
46561,4578,771466,3,4,4,9,
46562,13672,771466,29,29,3,8,
46563,1624,771466,3,4,4,9,
46564,1756,771466,3,4,4,9,
46565,2872,771466,3,4,4,8,
46566,12202,771466,21,21,3,8,
46567,2321,771466,3,4,4,8,
46568,13182,771466,23,23,3,8,
46569,11491,771466,3,4,4,7,
46570,8338,771466,3,4,4,8,
46571,9094,771466,21,21,3,8,
46572,12717,771466,3,4,4,9,
46573,4356,771466,3,4,4,9,
46574,4172,771466,3,4,4,8,
46575,13968,771466,19,19,3,8,
46576,11794,771466,17,17,3,9,
46577,27445,771466,21,21,3,8,
46578,15109,771466,23,23,3,9,
46579,2989,771466,3,4,4,8,
46580,19829,771466,23,23,3,8,
46581,3356,771466,3,4,4,8,
46582,20414,771466,3,4,4,9,
46583,21591,771466,25,25,3,8,
46584,25837,771466,23,23,3,8,
46585,14960,771466,19,19,3,8,
46586,29304,771466,3,4,4,8,
46587,5560,771466,3,4,4,8,
46588,14571,771466,19,19,3,8,
46589,25335,771466,33,33,3,9,
46590,7276,771466,3,4,4,7,
46591,2900,771466,3,4,4,8,
46592,39052,771466,23,23,3,9,
46593,22418,771466,23,23,3,9,
46594,15253,771466,21,21,3,8,
46595,20341,771466,3,4,4,8,
46596,1757,771466,3,4,4,8,
46597,29268,771466,27,27,3,7,
46598,12520,771466,3,4,4,8,
46599,18029,771466,13,13,3,8,
46600,24075,771466,3,4,4,8,
46601,11404,771466,3,4,4,9,
46602,3906,771466,3,4,4,8,
46603,18771,771466,3,4,4,8,
46604,4947,771466,3,4,4,8,
46605,5575,771466,3,4,4,8,
46606,22758,771466,33,33,3,8,
46607,10637,771466,21,21,3,7,
46608,9360,771466,13,13,3,8,
46609,11563,771466,23,23,3,8,
46610,9624,771466,3,4,4,8,
46611,18771,771466,3,4,4,8,
46612,2596,771466,3,4,4,7,
46613,14787,771466,13,13,3,8,
46614,19607,771466,29,29,3,9,
46615,12813,771466,25,25,3,8,
46616,14647,771466,21,21,3,7,
46617,20135,771466,3,4,4,8,
46618,14999,771466,3,4,4,8,
46619,12053,771466,3,4,4,8,
46620,14616,771466,3,4,4,9,
46621,4493,771466,3,4,4,8,
46622,12727,771466,13,13,3,9,
46623,1216,771466,3,4,4,8,
46624,2506,771466,3,4,4,8,
46625,13830,771466,25,25,3,8,
46626,9272,771466,3,4,4,8,
46627,14794,771466,3,4,4,8,
46628,11467,771466,21,21,3,8,
46629,12654,771466,25,25,3,7,
46630,11453,771466,3,4,4,7,
46631,26803,771466,29,29,3,9,
46632,5968,771466,13,13,3,8,
46633,7669,771466,3,4,4,8,
46634,1687,771466,3,4,4,8,
46635,9980,771466,19,19,3,7,
46636,12550,771466,3,4,4,9,
46637,2362,771466,3,4,4,8,
46638,2842,771466,3,4,4,8,
46639,16096,771466,29,29,3,7,
46640,22397,771466,33,33,3,7,
46641,16046,771466,3,4,4,8,
46642,5151,771466,15,15,3,8,
46643,5620,771466,3,4,4,8,
46644,16518,771466,3,4,4,9,
46645,38871,771466,27,27,3,9,
46646,1179,771466,3,4,4,7,
46647,2113,771466,3,4,4,8,
46648,2706,771466,3,4,4,8,
46649,2504,771466,3,4,4,8,
46650,1473,771466,3,4,4,7,
46651,2308,771466,3,4,4,8,
46652,13948,771466,19,19,3,7,
46653,9155,771466,21,21,3,8,
46654,20149,771466,23,23,3,8,
46655,16404,771466,21,21,3,9,
46656,16615,771466,31,31,3,9,
46657,4488,771466,3,4,4,9,
46658,15964,771466,3,4,4,9,
46659,3297,771466,3,4,4,7,
46660,1448,771466,3,4,4,7,
46661,2625,771466,3,4,4,8,
46662,25916,771466,19,19,3,8,
46663,19391,771466,3,4,4,9,
46664,1906,771466,3,4,4,9,
46665,2053,771466,3,4,4,8,
46666,7524,771466,13,13,3,8,
46667,18726,771466,21,21,3,9,
46668,18243,771466,3,4,4,8,
46669,5029,771466,3,4,4,8,
46670,10084,771466,13,13,3,8,
46671,18601,771466,3,4,4,9,
46672,8557,771466,15,15,3,8,
46673,2142,771466,3,4,4,8,
46674,2873,771466,3,4,4,8,
46675,15866,771466,29,29,3,8,
46676,13342,771466,21,21,3,8,
46677,18019,771466,29,29,3,8,
46678,18539,771466,3,4,4,9,
46679,48802,771466,33,33,3,8,
46680,53598,771466,3,4,4,7,
46681,1223,771466,3,4,4,9,
46682,18807,771466,29,29,3,9,
46683,42555,771466,33,33,3,8,
46684,42666,771466,27,27,3,8,
46685,7234,771466,15,15,3,8,
46686,2758,771466,3,4,4,8,
46687,1356,771466,3,4,4,8,
46688,38193,771466,27,27,3,7,
46689,40519,771466,3,4,4,7,
46690,38102,771466,33,33,3,6,
46691,2044,771466,3,4,4,9,
46692,2476,771466,3,4,4,9,
46693,1833,771466,3,4,4,9,
46694,34384,771466,29,29,3,7,
46695,35210,771466,3,4,4,9,
46696,32109,771466,25,25,3,7,
46697,13796,771466,21,21,3,7,
46698,3304,771466,3,4,4,6,
46699,2369,771466,3,4,4,6,
46700,898,771466,3,4,4,6,
46701,2962,771466,3,4,4,7,
46702,1476,771466,3,4,4,6,
46703,16629,771466,31,31,3,8,
46704,11622,771466,3,4,4,8,
46705,15690,771466,31,31,3,8,
46706,18827,771466,33,33,3,9,
46707,2448,771466,3,4,4,7,
46708,12986,771466,19,19,3,8,
46709,15825,771466,3,4,4,8,
46710,17940,771466,3,4,4,8,
46711,2189,771466,3,4,4,9,
46712,30961,771466,33,33,3,8,
46713,31180,771466,3,4,4,8,
46714,1465,771466,3,4,4,9,
46715,2167,771466,3,4,4,8,
46716,18453,771466,27,27,3,9,
46717,19736,771466,25,25,3,8,
46718,10965,771466,13,13,3,9,
46719,20249,771466,31,31,3,8,
46720,14916,771466,23,23,3,9,
46721,21032,771466,33,33,3,8,
46722,18897,771466,33,33,3,9,
46723,11146,771466,17,17,3,8,
46724,12908,771466,29,29,3,9,
46725,4640,771466,3,4,4,8,
46726,13516,771466,25,25,3,9,
46727,8497,771466,3,4,4,8,
46728,2461,771466,3,4,4,8,
46729,2289,771466,3,4,4,8,
46730,4340,771466,3,4,4,8,
46731,2859,771466,3,4,4,8,
46732,13606,771466,21,21,3,8,
46733,3148,771466,3,4,4,7,
46734,25000,771466,33,33,3,9,
46735,7769,771466,3,4,4,8,
46736,16245,771466,21,21,3,8,
46737,1728,771466,3,4,4,8,
46738,1237,771466,3,4,4,8,
46739,15608,771466,3,4,4,8,
46740,12171,771466,23,23,3,8,
46741,8565,771466,15,15,3,9,
46742,13057,771466,3,4,4,7,
46743,9342,771466,3,4,4,9,
46744,1715,771466,3,4,4,9,
46745,10511,771466,17,17,3,9,
46746,6437,771466,15,15,3,9,
46747,1943,771466,3,4,4,8,
46748,16070,771466,21,21,3,9,
46749,2260,771466,3,4,4,9,
46750,14605,771466,19,19,3,8,
46751,16386,771466,17,17,3,8,
46752,15018,771466,3,4,4,8,
46753,3762,771466,3,4,4,8,
46754,16576,771466,19,19,3,8,
46755,22225,771466,27,27,3,9,
46756,22215,771466,31,31,3,8,
46757,4135,771466,3,4,4,8,
46758,17731,771466,31,31,3,8,
46759,17384,771466,17,17,3,8,
46760,5919,771466,3,4,4,9,
46761,2436,771466,3,4,4,8,
46762,11517,771466,13,13,3,8,
46763,1454,771466,3,4,4,8,
46764,10956,771466,3,4,4,8,
46765,16032,771466,29,29,3,8,
46766,1371,771466,3,4,4,8,
46767,21193,771466,29,29,3,8,
46768,16662,771466,3,4,4,8,
46769,14434,771466,27,27,3,9,
46770,8136,771466,15,15,3,9,
46771,8911,771466,15,15,3,9,
46772,1271,771466,3,4,4,7,
46773,2489,771466,3,4,4,8,
46774,9778,771466,15,15,3,9,
46775,18039,771466,33,33,3,8,
46776,2860,771466,3,4,4,9,
46777,13350,771466,17,18,3,8,
46778,12953,771466,3,4,4,8,
46779,7208,771466,13,13,3,8,
46780,3494,771466,3,4,4,8,
46781,5893,771466,3,4,4,8,
46782,6064,771466,3,4,4,8,
46783,14456,771466,19,19,3,9,
46784,14349,771466,19,19,3,8,
46785,14616,771466,3,4,4,9,
46786,1306,771466,3,4,4,8,
46787,2838,771466,3,4,4,7,
46788,2120,771466,3,4,4,9,
46789,3950,771466,3,4,4,9,
46790,8802,771466,15,15,3,9,
46791,24058,771466,25,25,3,8,
46792,18955,771466,25,25,3,8,
46793,1680,771466,3,4,4,8,
46794,30078,771466,33,33,3,8,
46795,1752,771466,3,4,4,8,
46796,34000,771466,31,31,3,9,
46797,2244,771466,3,4,4,9,
46798,10510,771466,15,15,3,8,
46799,10649,771466,3,4,4,9,
46800,5233,771466,3,4,4,9,
46801,20310,771466,29,29,3,8,
46802,18936,771466,27,27,3,9,
46803,5237,771466,3,4,4,9,
46804,1915,771466,3,4,4,9,
46805,12973,771466,13,13,3,9,
46806,12611,771466,3,4,4,7,
46807,2191,771466,3,4,4,9,
46808,2346,771466,3,4,4,9,
46809,18738,771466,25,25,3,8,
46810,13545,771466,27,27,3,9,
46811,18881,771466,3,4,4,8,
46812,9136,771466,15,15,3,9,
46813,10101,771466,3,4,4,8,
46814,3154,771466,3,4,4,7,
46815,12857,771466,25,25,3,8,
46816,12426,771466,23,23,3,9,
46817,26343,771466,33,33,3,8,
46818,13539,771466,3,4,4,7,
46819,26754,771466,3,4,4,8,
46820,8505,771466,3,4,4,8,
46821,1497,771466,3,4,4,9,
46822,27209,771466,33,33,3,9,
46823,14212,771466,13,13,3,7,
46824,26630,771466,3,4,4,8,
46825,15414,771466,3,4,4,9,
46826,3605,771466,13,13,3,6,
46827,711,771466,3,4,4,7,
46828,3913,771466,3,4,4,7,
46829,8853,771466,19,19,3,8,
46830,9409,771466,17,17,3,7,
46831,2797,771466,3,4,4,8,
46832,15544,771466,25,25,3,8,
46833,9666,771466,3,4,4,8,
46834,8106,771466,17,17,3,9,
46835,32899,771466,33,33,3,9,
46836,2027,771466,3,4,4,9,
46837,16123,771466,21,21,3,8,
46838,14558,771466,21,21,3,9,
46839,24360,771466,27,27,3,8,
46840,23055,771466,23,23,3,8,
46841,22817,771466,3,4,4,8,
46842,21083,771466,33,33,3,9,
46843,5256,771466,15,15,3,8,
46844,12750,771466,17,17,3,9,
46845,7732,771466,3,4,4,9,
46846,17357,771466,21,21,3,9,
46847,11317,771466,3,4,4,9,
46848,16849,771466,23,23,3,9,
46849,16425,771466,3,4,4,8,
46850,22762,771466,33,33,3,9,
46851,17558,771466,25,25,3,8,
46852,14504,771466,19,19,3,8,
46853,10998,771466,19,19,3,8,
46854,15007,771466,3,4,4,9,
46855,19108,771466,29,29,3,7,
46856,15088,771466,3,4,4,9,
46857,14530,771466,3,4,4,8,
46858,11159,771466,25,25,3,8,
46859,12423,771466,3,4,4,7,
46860,17290,771466,13,13,3,9,
46861,26028,771466,31,31,3,9,
46862,26281,771466,3,4,4,8,
46863,13662,771466,17,17,3,8,
46864,2531,771466,3,4,4,9,
46865,14467,771466,3,4,4,8,
46866,1669,771466,3,4,4,8,
46867,1220,771466,3,4,4,7,
46868,11890,771466,17,17,3,7,
46869,8750,771466,3,4,4,7,
46870,15195,771466,23,23,3,8,
46871,21142,771466,25,25,3,8,
46872,14224,771466,17,17,3,8,
46873,13763,771466,23,23,3,8,
46874,16525,771466,31,31,3,8,
46875,3452,771466,3,4,4,9,
46876,10067,771466,3,4,4,8,
46877,15032,771466,19,19,3,9,
46878,14963,771466,3,4,4,9,
46879,19064,771466,31,31,3,8,
46880,13670,771466,21,21,3,9,
46881,9258,771466,15,15,3,9,
46882,18347,771466,29,29,3,8,
46883,11296,771466,13,13,3,8,
46884,11353,771466,3,4,4,8,
46885,4767,771466,3,4,4,8,
46886,14953,771466,25,25,3,8,
46887,9987,771466,17,17,3,8,
46888,15836,771466,3,4,4,9,
46889,17098,771466,29,29,3,9,
46890,7224,771466,15,15,3,8,
46891,6220,771466,3,4,4,9,
46892,19068,771466,31,31,3,8,
46893,4432,771466,13,13,3,9,
46894,2253,771466,3,4,4,9,
46895,13414,771466,29,29,3,8,
46896,4323,771466,3,4,4,9,
46897,9180,771466,3,4,4,8,
46898,13795,771466,3,4,4,8,
46899,15577,771466,3,4,4,8,
46900,11373,771466,23,23,3,8,
46901,7265,771466,15,15,3,8,
46902,10756,771466,19,19,3,8,
46903,11590,771466,3,4,4,8,
46904,2192,771466,3,4,4,8,
46905,15040,771466,23,23,3,9,
46906,9660,771466,17,17,3,8,
46907,4231,771466,3,4,4,9,
46908,2225,771466,3,4,4,8,
46909,1738,771466,3,4,4,8,
46910,2864,771466,3,4,4,7,
46911,2970,771466,3,4,4,7,
46912,2792,771466,3,4,4,7,
46913,4171,771466,3,4,4,8,
46914,3556,771466,3,4,4,9,
46915,19717,771466,31,31,3,8,
46916,2082,771466,3,4,4,9,
46917,17149,771466,29,29,3,7,
46918,19213,771466,3,4,4,8,
46919,7398,771466,15,15,3,8,
46920,2089,771466,3,4,4,9,
46921,18509,771466,29,29,3,8,
46922,12936,771466,23,23,3,8,
46923,7529,771466,3,4,4,9,
46924,10339,771466,21,21,3,8,
46925,4685,771466,3,4,4,8,
46926,14521,771466,27,27,3,9,
46927,3702,771466,3,4,4,8,
46928,13765,771466,3,4,4,9,
46929,2624,771466,3,4,4,9,
46930,10569,771466,19,19,3,9,
46931,11112,771466,3,4,4,7,
46932,22025,771466,33,33,3,9,
46933,8223,771466,17,17,3,8,
46934,7117,771466,3,4,4,8,
46935,16048,771466,21,21,3,9,
46936,12041,771466,17,17,3,8,
46937,22409,771466,33,33,3,8,
46938,2366,771466,3,4,4,9,
46939,2625,771466,3,4,4,8,
46940,18883,771466,25,25,3,7,
46941,19050,771466,31,31,3,8,
46942,17124,771466,21,21,3,8,
46943,19809,771466,3,4,4,8,
46944,21209,771466,33,33,3,8,
46945,12298,771466,25,25,3,9,
46946,11764,771466,27,27,3,9,
46947,8763,771466,3,4,4,9,
46948,10300,771466,3,4,4,9,
46949,18229,771466,29,29,3,8,
46950,11883,771466,17,17,3,7,
46951,12468,771466,23,23,3,7,
46952,9801,771466,13,13,3,8,
46953,2802,771466,3,4,4,9,
46954,12760,771466,3,4,4,8,
46955,9770,771466,15,15,3,8,
46956,9807,771466,19,19,3,8,
46957,9774,771466,3,4,4,8,
46958,8024,771466,3,4,4,8,
46959,9308,771466,3,4,4,8,
46960,39023,771466,33,33,3,8,
46961,11514,771466,17,17,3,8,
46962,38994,771466,3,4,4,8,
46963,10054,771466,17,17,3,8,
46964,1263,771466,3,4,4,7,
46965,2571,771466,3,4,4,8,
46966,5158,771466,13,13,3,7,
46967,2423,771466,3,4,4,8,
46968,9315,771466,3,4,4,8,
46969,5535,771466,3,4,4,8,
46970,28138,771466,23,23,3,9,
46971,1713,771466,3,4,4,9,
46972,1332,771466,3,4,4,9,
46973,27518,771466,15,15,3,9,
46974,27275,771466,3,4,4,8,
46975,1687,771466,3,4,4,9,
46976,29822,771466,21,21,3,9,
46977,43768,771466,33,33,3,8,
46978,32859,771466,23,23,3,9,
46979,20534,771466,3,4,4,8,
46980,33910,771466,27,27,3,8,
46981,9016,771466,15,15,3,9,
46982,10060,771466,3,4,4,9,
46983,2599,771466,3,4,4,9,
46984,2484,771466,3,4,4,8,
46985,8615,771466,15,15,3,9,
46986,2167,771466,3,4,4,8,
46987,9505,771466,3,4,4,9,
46988,11849,771466,25,25,3,8,
46989,2169,771466,3,4,4,8,
46990,11006,771466,21,21,3,8,
46991,20060,771466,31,31,3,8,
46992,11126,771466,3,4,4,9,
46993,12506,771466,25,25,3,9,
46994,3939,771466,3,4,4,9,
46995,2918,771466,3,4,4,8,
46996,2733,771466,3,4,4,8,
46997,9248,771466,15,15,3,8,
46998,10587,771466,17,17,3,8,
46999,8250,771466,3,4,4,8,
47000,10528,771466,3,4,4,9,
47001,14306,771466,29,29,3,8,
47002,13243,771466,23,23,3,9,
47003,13067,771466,27,27,3,8,
47004,13741,771466,3,4,4,9,
47005,7526,771466,3,4,4,8,
47006,2131,771466,3,4,4,9,
47007,2023,771466,3,4,4,8,
47008,4430,771466,3,4,4,8,
47009,3799,771466,3,4,4,8,
47010,18096,771466,23,23,3,8,
47011,21668,771466,21,21,3,8,
47012,18964,771466,23,23,3,8,
47013,16498,771466,3,4,4,8,
47014,15489,771466,19,19,3,8,
47015,17517,771466,19,19,3,9,
47016,2128,771466,3,4,4,8,
47017,1478,771466,3,4,4,8,
47018,1894,771466,3,4,4,8,
47019,12535,771466,19,19,3,8,
47020,1333,771466,3,4,4,8,
47021,13895,771466,19,19,3,8,
47022,1578,771466,3,4,4,9,
47023,30378,771466,29,29,3,9,
47024,12972,771466,23,23,3,9,
47025,22279,771466,31,31,3,8,
47026,13681,771466,15,15,3,9,
47027,22515,771466,33,33,3,8,
47028,16025,771466,25,25,3,8,
47029,13959,771466,15,15,3,8,
47030,18267,771466,19,19,3,9,
47031,11108,771466,3,4,4,8,
47032,5665,771466,15,15,3,9,
47033,11389,771466,17,17,3,8,
47034,16490,771466,33,33,3,8,
47035,11108,771466,17,17,3,8,
47036,11754,771466,29,29,3,9,
47037,5905,771466,3,4,4,9,
47038,10874,771466,3,4,4,8,
47039,14102,771466,21,21,3,9,
47040,8317,771466,15,15,3,8,
47041,11468,771466,3,4,4,9,
47042,22566,771466,29,29,3,7,
47043,14044,771466,23,23,3,9,
47044,14625,771466,3,4,4,8,
47045,2256,771466,3,4,4,8,
47046,11311,771466,17,17,3,8,
47047,18055,771466,31,31,3,9,
47048,12262,771466,19,19,3,8,
47049,9852,771466,3,4,4,8,
47050,16913,771466,3,4,4,8,
47051,2083,771466,3,4,4,9,
47052,6833,771466,13,13,3,8,
47053,13574,771466,17,17,3,8,
47054,2345,771466,3,4,4,9,
47055,2831,771466,3,4,4,8,
47056,2588,771466,3,4,4,9,
47057,3606,771466,3,4,4,7,
47058,3425,771466,3,4,4,8,
47059,9239,771466,3,4,4,8,
47060,6152,771466,3,4,4,9,
47061,3664,771466,3,4,4,8,
47062,16545,771466,23,23,3,9,
47063,15827,771466,3,4,4,7,
47064,2497,771466,3,4,4,7,
47065,3661,771466,3,4,4,7,
47066,14383,771466,17,17,3,7,
47067,3804,771466,3,4,4,7,
47068,15050,771466,23,23,3,8,
47069,13753,771466,3,4,4,7,
47070,10941,771466,19,19,3,6,
47071,12882,771466,27,27,3,7,
47072,12854,771466,3,4,4,8,
47073,7026,771466,13,13,3,8,
47074,15106,771466,3,4,4,8,
47075,2534,771466,3,4,4,8,
47076,6084,771466,3,4,4,8,
47077,13559,771466,15,15,3,8,
47078,16261,771466,25,25,3,7,
47079,15514,771466,23,23,3,7,
47080,17752,771466,3,4,4,7,
47081,16715,771466,3,4,4,8,
47082,43730,771466,33,33,3,8,
47083,12216,771466,19,19,3,8,
47084,11658,771466,15,15,3,8,
47085,9346,771466,3,4,4,8,
47086,9388,771466,17,17,3,8,
47087,32924,771466,23,23,3,8,
47088,3195,771466,3,4,4,8,
47089,32615,771466,3,4,4,8,
47090,30731,771466,3,4,4,8,
47091,23141,771466,3,4,4,8,
47092,30594,771466,17,17,3,8,
47093,772,771466,3,4,4,8,
47094,30760,771466,3,4,4,8,
47095,21823,771466,3,4,4,7,
47096,21116,771466,27,27,3,8,
47097,7556,771466,3,4,4,8,
47098,1657,771466,3,4,4,8,
47099,10597,771466,23,23,3,8,
47100,14456,771466,31,31,3,9,
47101,19504,771466,29,29,3,9,
47102,16454,771466,19,19,3,8,
47103,17668,771466,3,4,4,8,
47104,15165,771466,23,23,3,7,
47105,24342,771466,29,29,3,8,
47106,22563,771466,31,31,3,9,
47107,24707,771466,3,4,4,9,
47108,19584,771466,31,31,3,8,
47109,27454,771466,31,31,3,9,
47110,13085,771466,17,17,3,9,
47111,22116,771466,31,31,3,7,
47112,21254,771466,29,29,3,8,
47113,21365,771466,31,31,3,8,
47114,21251,771466,3,4,4,8,
47115,22371,771466,23,23,3,9,
47116,16595,771466,3,4,4,8,
47117,10400,771466,3,4,4,8,
47118,1849,771466,3,4,4,9,
47119,1893,771466,3,4,4,9,
47120,10129,771466,13,13,3,7,
47121,21099,771466,33,33,3,9,
47122,13827,771466,19,19,3,8,
47123,29743,771466,29,29,3,8,
47124,10731,771466,13,13,3,7,
47125,1429,771466,3,4,4,8,
47126,3175,771466,3,4,4,8,
47127,13996,771466,3,4,4,8,
47128,1974,771466,3,4,4,8,
47129,24542,771466,33,33,3,8,
47130,1829,771466,3,4,4,8,
47131,28246,771466,33,33,3,8,
47132,14147,771466,17,17,3,9,
47133,14834,771466,3,4,4,8,
47134,21126,771466,29,29,3,8,
47135,10954,771466,13,13,3,8,
47136,26887,771466,33,33,3,8,
47137,1736,771466,3,4,4,9,
47138,1968,771466,3,4,4,9,
47139,10336,771466,13,13,3,9,
47140,20965,771466,31,31,3,9,
47141,10375,771466,23,23,3,8,
47142,12163,771466,3,4,4,8,
47143,5814,771466,3,4,4,9,
47144,14657,771466,3,4,4,8,
47145,5506,771466,3,4,4,8,
47146,1953,771466,3,4,4,8,
47147,15839,771466,3,4,4,9,
47148,1983,771466,3,4,4,9,
47149,15355,771466,21,21,3,8,
47150,3022,771466,3,4,4,8,
47151,15644,771466,3,4,4,8,
47152,2418,771466,3,4,4,8,
47153,2692,771466,3,4,4,8,
47154,2422,771466,3,4,4,9,
47155,2214,771466,3,4,4,8,
47156,13473,771466,23,23,3,7,
47157,10924,771466,15,15,3,8,
47158,13735,771466,3,4,4,7,
47159,11058,771466,3,4,4,9,
47160,10520,771466,15,15,3,7,
47161,11698,771466,13,13,3,7,
47162,7154,771466,3,4,4,7,
47163,7729,771466,3,4,4,9,
47164,14380,771466,17,17,3,9,
47165,2698,771466,3,4,4,7,
47166,14074,771466,3,4,4,9,
47167,14912,771466,21,21,3,8,
47168,5991,771466,15,15,3,7,
47169,7073,771466,3,4,4,7,
47170,1503,771466,3,4,4,7,
47171,2550,771466,3,4,4,7,
47172,14635,771466,3,4,4,7,
47173,1797,771466,3,4,4,9,
47174,1891,771466,3,4,4,8,
47175,13193,771466,23,23,3,8,
47176,7869,771466,17,17,3,8,
47177,8246,771466,13,13,3,7,
47178,8941,771466,3,4,4,8,
47179,12645,771466,19,19,3,9,
47180,12701,771466,3,4,4,9,
47181,1560,771466,3,4,4,8,
47182,2693,771466,3,4,4,8,
47183,3570,771466,3,4,4,7,
47184,4420,771466,3,4,4,8,
47185,13135,771466,21,21,3,8,
47186,1287,771466,3,4,4,7,
47187,7471,771466,13,13,3,8,
47188,26010,771466,33,33,3,8,
47189,18134,771466,29,29,3,8,
47190,15205,771466,25,25,3,8,
47191,18796,771466,3,4,4,8,
47192,15618,771466,3,4,4,9,
47193,13206,771466,21,21,3,8,
47194,15725,771466,29,29,3,8,
47195,16317,771466,27,27,3,8,
47196,13137,771466,27,27,3,9,
47197,10311,771466,3,4,4,8,
47198,10776,771466,3,4,4,8,
47199,8048,771466,15,15,3,9,
47200,10060,771466,19,19,3,8,
47201,2903,771466,3,4,4,9,
47202,18582,771466,33,33,3,8,
47203,17326,771466,33,33,3,9,
47204,10028,771466,17,17,3,9,
47205,18946,771466,3,4,4,7,
47206,16885,771466,3,4,4,8,
47207,8958,771466,19,19,3,8,
47208,3074,771466,3,4,4,9,
47209,17272,771466,31,31,3,9,
47210,13335,771466,19,19,3,8,
47211,14605,771466,29,29,3,8,
47212,15286,771466,3,4,4,8,
47213,1767,771466,3,4,4,8,
47214,3027,771466,3,4,4,9,
47215,2043,771466,3,4,4,9,
47216,9370,771466,17,17,3,8,
47217,9910,771466,3,4,4,8,
47218,15923,771466,29,29,3,8,
47219,2510,771466,3,4,4,8,
47220,16017,771466,3,4,4,8,
47221,10123,771466,23,23,3,8,
47222,3526,771466,3,4,4,9,
47223,3807,771466,3,4,4,8,
47224,23340,771466,31,31,3,9,
47225,9284,771466,3,4,4,8,
47226,15278,771466,33,33,3,9,
47227,13123,771466,23,23,3,8,
47228,7329,771466,13,13,3,8,
47229,7469,771466,3,4,4,8,
47230,13234,771466,3,4,4,8,
47231,19022,771466,25,25,3,9,
47232,12238,771466,13,13,3,8,
47233,19199,771466,3,4,4,9,
47234,8424,771466,17,17,3,8,
47235,8265,771466,21,21,3,8,
47236,12691,771466,33,33,3,9,
47237,14829,771466,25,25,3,8,
47238,7926,771466,3,4,4,8,
47239,13819,771466,3,4,4,9,
47240,1709,771466,3,4,4,8,
47241,5676,771466,3,4,4,9,
47242,1447,771466,3,4,4,8,
47243,2716,771466,3,4,4,8,
47244,2119,771466,3,4,4,8,
47245,8198,771466,17,17,3,8,
47246,10064,771466,23,23,3,8,
47247,10274,771466,19,19,3,8,
47248,11177,771466,3,4,4,9,
47249,7801,771466,3,4,4,9,
47250,15979,771466,13,13,3,9,
47251,10544,771466,21,21,3,8,
47252,10673,771466,3,4,4,8,
47253,1932,771466,3,4,4,9,
47254,19000,771466,31,31,3,9,
47255,17554,771466,29,29,3,8,
47256,2069,771466,3,4,4,8,
47257,11000,771466,19,19,3,8,
47258,2754,771466,3,4,4,8,
47259,11639,771466,3,4,4,8,
47260,13116,771466,13,13,3,8,
47261,1038,771466,3,4,4,9,
47262,2575,771466,3,4,4,8,
47263,3074,771466,3,4,4,9,
47264,17904,771466,27,27,3,9,
47265,1774,771466,3,4,4,8,
47266,9052,771466,15,15,3,8,
47267,15179,771466,21,21,3,8,
47268,7807,771466,3,4,4,8,
47269,14855,771466,3,4,4,9,
47270,3049,771466,3,4,4,8,
47271,21543,771466,33,33,3,8,
47272,3125,771466,3,4,4,8,
47273,21631,771466,3,4,4,8,
47274,10773,771466,23,23,3,8,
47275,21775,771466,31,31,3,8,
47276,7846,771466,3,4,4,8,
47277,2511,771466,3,4,4,9,
47278,10753,771466,15,15,3,9,
47279,21612,771466,33,33,3,7,
47280,3475,771466,3,4,4,8,
47281,2329,771466,3,4,4,9,
47282,10292,771466,19,19,3,8,
47283,15994,771466,19,19,3,8,
47284,14541,771466,31,31,3,8,
47285,14360,771466,25,25,3,7,
47286,15014,771466,3,4,4,8,
47287,11952,771466,15,15,3,7,
47288,6931,771467,3,4,4,7,
47289,19800,771467,25,25,3,9,
47290,20930,771467,27,27,3,8,
47291,19472,771467,25,25,3,8,
47292,2697,771467,3,4,4,7,
47293,19599,771467,3,4,4,7,
47294,1590,771467,3,4,4,8,
47295,14352,771467,19,19,3,8,
47296,2065,771467,3,4,4,7,
47297,10916,771467,17,17,3,8,
47298,15350,771467,19,19,3,9,
47299,17200,771467,23,23,3,9,
47300,19131,771467,25,25,3,8,
47301,14924,771467,29,29,3,9,
47302,8406,771467,17,17,3,9,
47303,2930,771467,3,4,4,8,
47304,7157,771467,3,4,4,8,
47305,6659,771467,3,4,4,8,
47306,19530,771467,31,31,3,8,
47307,14834,771467,21,21,3,9,
47308,21942,771467,33,33,3,9,
47309,20494,771467,29,29,3,8,
47310,8213,771467,17,17,3,8,
47311,13240,771467,3,4,4,9,
47312,7742,771467,15,15,3,8,
47313,2019,771467,3,4,4,8,
47314,7527,771467,3,4,4,9,
47315,31327,771467,29,29,3,9,
47316,34737,771467,3,4,4,8,
47317,10983,771467,21,21,3,8,
47318,13482,771467,21,21,3,9,
47319,13443,771467,3,4,4,8,
47320,2132,771467,3,4,4,9,
47321,3105,771467,3,4,4,8,
47322,3177,771467,3,4,4,9,
47323,14160,771467,21,21,3,8,
47324,12457,771467,15,15,3,9,
47325,20434,771467,27,27,3,8,
47326,18489,771467,25,25,3,8,
47327,12985,771467,3,4,4,8,
47328,21834,771467,3,4,4,9,
47329,19620,771467,25,25,3,7,
47330,21191,771467,3,4,4,8,
47331,13367,771467,3,4,4,6,
47332,2492,771467,3,4,4,8,
47333,22670,771467,25,25,3,9,
47334,6026,771467,3,4,4,8,
47335,41244,771467,27,27,3,8,
47336,4437,771467,3,4,4,8,
47337,13956,771467,19,19,3,8,
47338,6589,771467,3,4,4,8,
47339,15262,771467,27,27,3,6,
47340,13545,771467,15,15,3,7,
47341,16026,771467,3,4,4,7,
47342,24200,771467,29,29,3,8,
47343,3717,771467,3,4,4,8,
47344,23799,771467,3,4,4,8,
47345,27069,771467,31,31,3,9,
47346,26198,771467,3,4,4,7,
47347,6776,771467,3,4,4,8,
47348,24361,771467,3,4,4,8,
47349,19414,771467,19,19,3,7,
47350,21456,771467,3,4,4,8,
47351,2002,771467,3,4,4,8,
47352,19407,771467,21,21,3,8,
47353,27903,771467,25,25,3,8,
47354,3159,771467,3,4,4,9,
47355,4020,771467,3,4,4,8,
47356,14632,771467,13,13,3,9,
47357,13289,771467,13,13,3,7,
47358,1614,771467,3,4,4,7,
47359,14457,771467,13,13,3,7,
47360,35517,771467,23,23,3,8,
47361,2991,771467,3,4,4,8,
47362,15641,771467,21,21,3,8,
47363,24769,771467,23,23,3,8,
47364,37957,771467,33,33,3,8,
47365,2382,771467,3,4,4,9,
47366,7172,771467,3,4,4,9,
47367,29512,771467,33,33,3,8,
47368,14179,771467,15,15,3,8,
47369,24647,771467,3,4,4,8,
47370,23141,771467,3,4,4,8,
47371,13733,771467,3,4,4,8,
47372,10422,771467,15,15,3,8,
47373,36680,771467,25,25,3,8,
47374,6324,771467,3,4,4,9,
47375,17951,771467,17,17,3,9,
47376,17409,771467,3,4,4,8,
47377,17875,771467,25,25,3,8,
47378,29031,771467,29,29,3,8,
47379,2469,771467,3,4,4,8,
47380,2825,771467,3,4,4,8,
47381,2388,771467,3,4,4,8,
47382,22674,771467,15,15,3,8,
47383,9584,771467,23,23,3,7,
47384,24092,771467,3,4,4,7,
47385,14724,771467,19,19,3,8,
47386,6995,771467,3,4,4,9,
47387,1219,771467,3,4,4,8,
47388,2535,771467,3,4,4,8,
47389,2400,771467,3,4,4,8,
47390,13625,771467,3,4,4,7,
47391,2350,771467,3,4,4,8,
47392,2688,771467,3,4,4,9,
47393,30559,771467,33,33,3,8,
47394,1215,771467,3,4,4,8,
47395,24125,771467,21,21,3,9,
47396,891,771467,3,4,4,8,
47397,25889,771467,23,23,3,9,
47398,26340,771467,3,4,4,8,
47399,19359,771467,21,21,3,8,
47400,19565,771467,25,25,3,8,
47401,15603,771467,17,17,3,8,
47402,22030,771467,33,33,3,7,
47403,23109,771467,3,4,4,8,
47404,20917,771467,31,31,3,9,
47405,6356,771467,3,4,4,8,
47406,10025,771467,15,15,3,8,
47407,11442,771467,3,4,4,8,
47408,7961,771467,3,4,4,9,
47409,14967,771467,19,19,3,8,
47410,21872,771467,31,31,3,9,
47411,15445,771467,3,4,4,8,
47412,20769,771467,3,4,4,9,
47413,10301,771467,15,15,3,8,
47414,18209,771467,25,25,3,8,
47415,20572,771467,27,27,3,9,
47416,11190,771467,15,15,3,8,
47417,20239,771467,29,29,3,9,
47418,19658,771467,3,4,4,9,
47419,11884,771467,3,4,4,8,
47420,17634,771467,27,27,3,9,
47421,9592,771467,15,15,3,7,
47422,6407,771467,3,4,4,9,
47423,2984,771467,3,4,4,8,
47424,22779,771467,31,31,3,9,
47425,15585,771467,15,15,3,9,
47426,10969,771467,17,17,3,8,
47427,13934,771467,3,4,4,8,
47428,19763,771467,21,21,3,8,
47429,10524,771467,23,23,3,8,
47430,7237,771467,3,4,4,8,
47431,11871,771467,21,21,3,8,
47432,12545,771467,3,4,4,8,
47433,8967,771467,15,15,3,8,
47434,9136,771467,3,4,4,7,
47435,21924,771467,23,23,3,9,
47436,32964,771467,27,27,3,9,
47437,16483,771467,15,15,3,8,
47438,3165,771467,3,4,4,8,
47439,25913,771467,15,15,3,8,
47440,13929,771467,15,15,3,9,
47441,25138,771467,33,33,3,8,
47442,1653,771467,3,4,4,8,
47443,18712,771467,13,13,3,9,
47444,26554,771467,29,29,3,8,
47445,23579,771467,27,27,3,8,
47446,14442,771467,13,13,3,9,
47447,16887,771467,29,29,3,8,
47448,17964,771467,21,21,3,8,
47449,15533,771467,3,4,4,8,
47450,15894,771467,25,25,3,7,
47451,20749,771467,3,4,4,9,
47452,11513,771467,3,4,4,7,
47453,2854,771467,3,4,4,7,
47454,1581,771467,3,4,4,7,
47455,2599,771467,3,4,4,8,
47456,13910,771467,19,19,3,7,
47457,2149,771467,3,4,4,7,
47458,3937,771467,3,4,4,8,
47459,3496,771467,3,4,4,7,
47460,13239,771467,3,4,4,8,
47461,30330,771467,17,17,3,8,
47462,39383,771467,23,23,3,7,
47463,3662,771467,3,4,4,8,
47464,37992,771467,23,23,3,7,
47465,38665,771467,3,4,4,8,
47466,11935,771467,13,13,3,8,
47467,38753,771467,3,4,4,8,
47468,44894,771467,31,31,3,9,
47469,25271,771467,3,4,4,8,
47470,2365,771467,3,4,4,9,
47471,35952,771467,21,21,3,9,
47472,31904,771467,21,21,3,9,
47473,43001,771467,33,33,3,8,
47474,2777,771467,3,4,4,8,
47475,13384,771467,27,27,3,8,
47476,14492,771467,23,23,3,8,
47477,9923,771467,3,4,4,8,
47478,2133,771467,3,4,4,9,
47479,19112,771467,33,33,3,8,
47480,24956,771467,19,19,3,8,
47481,26549,771467,19,19,3,9,
47482,17793,771467,23,23,3,9,
47483,18535,771467,33,33,3,9,
47484,16928,771467,29,29,3,8,
47485,17664,771467,3,4,4,8,
47486,5214,771467,3,4,4,9,
47487,16164,771467,23,23,3,8,
47488,1060,771467,3,4,4,8,
47489,7519,771467,15,15,3,8,
47490,7549,771467,3,4,4,9,
47491,10002,771467,3,4,4,9,
47492,19499,771467,27,27,3,9,
47493,25685,771467,17,17,3,8,
47494,9335,771467,13,13,3,8,
47495,12826,771467,23,23,3,8,
47496,12172,771467,15,15,3,9,
47497,10162,771467,19,19,3,8,
47498,12286,771467,21,21,3,8,
47499,18171,771467,33,33,3,8,
47500,7312,771467,13,13,3,8,
47501,17512,771467,3,4,4,9,
47502,7009,771467,3,4,4,8,
47503,3041,771467,3,4,4,8,
47504,1428,771467,3,4,4,8,
47505,1832,771467,3,4,4,8,
47506,15137,771467,23,23,3,8,
47507,13264,771467,31,31,3,8,
47508,9310,771467,13,13,3,8,
47509,14095,771467,3,4,4,8,
47510,14900,771467,3,4,4,9,
47511,10388,771467,17,17,3,8,
47512,22426,771467,33,33,3,9,
47513,12110,771467,25,25,3,8,
47514,19204,771467,27,28,3,9,
47515,15996,771467,3,4,4,9,
47516,8795,771467,21,21,3,9,
47517,22450,771467,33,33,3,8,
47518,27234,771467,33,33,3,8,
47519,2252,771467,3,4,4,9,
47520,27046,771467,3,4,4,9,
47521,12527,771467,25,25,3,8,
47522,13022,771467,3,4,4,9,
47523,15916,771467,23,23,3,8,
47524,16289,771467,31,31,3,8,
47525,1603,771467,3,4,4,9,
47526,3075,771467,3,4,4,9,
47527,9685,771467,15,15,3,9,
47528,8683,771467,3,4,4,8,
47529,2669,771467,3,4,4,8,
47530,5879,771467,13,13,3,9,
47531,2418,771467,3,4,4,9,
47532,8161,771467,15,15,3,8,
47533,8820,771467,3,4,4,8,
47534,1511,771467,3,4,4,8,
47535,16594,771467,31,31,3,8,
47536,9853,771467,23,23,3,8,
47537,2620,771467,3,4,4,8,
47538,16754,771467,3,4,4,8,
47539,10171,771467,3,4,4,9,
47540,2593,771467,3,4,4,8,
47541,10419,771467,25,25,3,8,
47542,3194,771467,3,4,4,8,
47543,9270,771467,23,23,3,8,
47544,17494,771467,27,27,3,9,
47545,14420,771467,31,31,3,8,
47546,8399,771467,3,4,4,9,
47547,15251,771467,3,4,4,8,
47548,6364,771467,13,13,3,9,
47549,7416,771467,3,4,4,9,
47550,17677,771467,25,25,3,8,
47551,23618,771467,33,33,3,7,
47552,11564,771467,15,15,3,9,
47553,1379,771467,3,4,4,9,
47554,20625,771467,29,29,3,8,
47555,14111,771467,15,15,3,8,
47556,11788,771467,17,17,3,9,
47557,20103,771467,3,4,4,8,
47558,2657,771467,3,4,4,9,
47559,19159,771467,3,4,4,8,
47560,13996,771467,21,21,3,9,
47561,14025,771467,3,4,4,8,
47562,11014,771467,19,19,3,7,
47563,1776,771467,3,4,4,9,
47564,23543,771467,25,25,3,8,
47565,14574,771467,27,27,3,9,
47566,15030,771467,3,4,4,9,
47567,14571,771467,25,25,3,8,
47568,12110,771467,15,15,3,6,
47569,11580,771467,15,15,3,7,
47570,2843,771467,3,4,4,8,
47571,18092,771467,3,4,4,8,
47572,12925,771467,3,4,4,9,
47573,2195,771467,3,4,4,9,
47574,11853,771467,15,15,3,9,
47575,15737,771467,29,29,3,8,
47576,2142,771467,3,4,4,9,
47577,1667,771467,3,4,4,9,
47578,15565,771467,25,25,3,9,
47579,14983,771467,29,29,3,8,
47580,9308,771467,15,15,3,8,
47581,22508,771467,29,29,3,8,
47582,24153,771467,19,19,3,9,
47583,15962,771467,27,27,3,9,
47584,7285,771467,3,4,4,8,
47585,16783,771467,23,23,3,8,
47586,12836,771467,25,25,3,9,
47587,5649,771467,3,4,4,8,
47588,20952,771467,33,33,3,9,
47589,40614,771467,33,33,3,9,
47590,2357,771467,3,4,4,9,
47591,11123,771467,3,4,4,8,
47592,2128,771467,3,4,4,8,
47593,1916,771467,3,4,4,8,
47594,19680,771467,21,21,3,8,
47595,2475,771467,3,4,4,9,
47596,2706,771467,3,4,4,8,
47597,797,771467,3,4,4,8,
47598,10424,771467,17,17,3,8,
47599,9711,771467,15,15,3,8,
47600,10401,771467,15,15,3,9,
47601,17194,771467,3,4,4,8,
47602,11675,771467,3,4,4,8,
47603,1835,771467,3,4,4,9,
47604,2257,771467,3,4,4,9,
47605,25596,771467,25,25,3,9,
47606,26107,771467,31,31,3,9,
47607,23498,771467,31,31,3,8,
47608,2551,771467,3,4,4,7,
47609,4331,771467,3,4,4,9,
47610,14568,771467,21,21,3,8,
47611,28835,771467,19,19,3,8,
47612,1893,771467,3,4,4,9,
47613,9207,771467,13,13,3,9,
47614,24942,771467,31,31,3,8,
47615,3413,771467,3,4,4,9,
47616,1961,771467,3,4,4,9,
47617,21801,771467,33,33,3,8,
47618,16750,771467,23,23,3,9,
47619,17413,771467,3,4,4,8,
47620,26411,771467,29,29,3,9,
47621,3410,771467,3,4,4,8,
47622,24864,771467,33,33,3,8,
47623,17044,771467,27,27,3,8,
47624,15737,771467,3,4,4,8,
47625,13833,771467,27,27,3,9,
47626,6900,771467,13,13,3,9,
47627,3466,771467,3,4,4,9,
47628,15453,771467,29,29,3,8,
47629,19280,771467,31,31,3,8,
47630,11666,771467,15,15,3,9,
47631,17794,771467,3,4,4,7,
47632,13307,771467,21,21,3,8,
47633,9685,771467,19,19,3,8,
47634,7945,771467,3,4,4,9,
47635,20856,771467,21,21,3,8,
47636,6765,771467,19,19,3,8,
47637,7650,771467,3,4,4,8,
47638,2214,771467,3,4,4,8,
47639,5017,771467,3,4,4,8,
47640,3048,771467,3,4,4,8,
47641,3989,771467,3,4,4,8,
47642,14081,771467,3,4,4,8,
47643,20711,771467,27,27,3,8,
47644,9922,771467,13,13,3,8,
47645,6386,771467,17,17,3,8,
47646,14699,771467,21,21,3,7,
47647,27903,771467,33,33,3,8,
47648,15065,771467,25,25,3,7,
47649,7193,771467,3,4,4,9,
47650,24434,771467,27,27,3,9,
47651,1761,771467,3,4,4,8,
47652,3552,771467,3,4,4,8,
47653,3283,771467,3,4,4,8,
47654,9616,771467,15,15,3,8,
47655,18113,771467,3,4,4,8,
47656,8689,771467,3,4,4,8,
47657,1962,771467,3,4,4,8,
47658,23432,771467,27,27,3,9,
47659,23464,771467,3,4,4,8,
47660,19843,771467,21,21,3,8,
47661,27012,771467,27,27,3,9,
47662,14279,771467,15,15,3,9,
47663,2976,771467,3,4,4,9,
47664,13643,771467,15,15,3,8,
47665,25917,771467,31,31,3,8,
47666,18952,771467,31,31,3,8,
47667,835,771467,3,4,4,8,
47668,1141,771467,3,4,4,8,
47669,18017,771467,19,19,3,7,
47670,16962,771467,17,17,3,8,
47671,9353,771467,3,4,4,9,
47672,11668,771467,3,4,4,9,
47673,16556,771467,3,4,4,9,
47674,18176,771467,19,19,3,9,
47675,6922,771467,13,13,3,8,
47676,1226,771467,3,4,4,9,
47677,1855,771467,3,4,4,9,
47678,1753,771467,3,4,4,8,
47679,2830,771467,3,4,4,8,
47680,2005,771467,3,4,4,8,
47681,10295,771467,3,4,4,9,
47682,23347,771467,27,27,3,8,
47683,2509,771467,3,4,4,7,
47684,2433,771467,3,4,4,8,
47685,18935,771467,21,21,3,8,
47686,12408,771467,13,13,3,7,
47687,16504,771467,23,23,3,7,
47688,15922,771467,15,15,3,8,
47689,35438,771467,33,33,3,7,
47690,23572,771467,23,23,3,8,
47691,33744,771467,19,19,3,8,
47692,19432,771467,29,29,3,8,
47693,18624,771467,27,27,3,8,
47694,21149,771467,21,21,3,9,
47695,18113,771467,3,4,4,8,
47696,23180,771467,27,27,3,8,
47697,3163,771467,3,4,4,9,
47698,11820,771467,13,13,3,9,
47699,10348,771467,3,4,4,8,
47700,14900,771467,3,4,4,8,
47701,18322,771467,21,21,3,8,
47702,11098,771467,15,15,3,7,
47703,2731,771467,3,4,4,7,
47704,2085,771467,3,4,4,6,
47705,3430,771467,3,4,4,8,
47706,14078,771467,15,15,3,7,
47707,5051,771467,3,4,4,7,
47708,4558,771467,3,4,4,7,
47709,3587,771467,3,4,4,8,
47710,12523,771467,3,4,4,8,
47711,6784,771467,13,13,3,8,
47712,26619,771467,31,31,3,8,
47713,1610,771467,3,4,4,8,
47714,2255,771467,3,4,4,9,
47715,25593,771467,3,4,4,8,
47716,1533,771467,3,4,4,7,
47717,11384,771467,17,17,3,8,
47718,21384,771467,29,29,3,9,
47719,3710,771467,3,4,4,8,
47720,8561,771467,17,17,3,8,
47721,21057,771467,3,4,4,8,
47722,1668,771467,3,4,4,8,
47723,8004,771467,15,15,3,8,
47724,23822,771467,23,23,3,9,
47725,18224,771467,23,23,3,8,
47726,19171,771467,3,4,4,8,
47727,14182,771467,19,19,3,8,
47728,14700,771467,3,4,4,8,
47729,8738,771467,21,21,3,9,
47730,2855,771467,3,4,4,8,
47731,8891,771467,3,4,4,8,
47732,3771,771467,3,4,4,8,
47733,12000,771467,23,23,3,9,
47734,13373,771467,3,4,4,8,
47735,3531,771467,3,4,4,7,
47736,3432,771467,3,4,4,7,
47737,2451,771467,3,4,4,7,
47738,2727,771467,3,4,4,8,
47739,17558,771467,15,15,3,8,
47740,14198,771467,19,19,3,9,
47741,11364,771467,15,15,3,7,
47742,13354,771467,23,23,3,8,
47743,17793,771467,33,33,3,8,
47744,18968,771467,33,33,3,8,
47745,12435,771467,3,4,4,8,
47746,16641,771467,25,25,3,9,
47747,8735,771467,17,17,3,8,
47748,8171,771467,3,4,4,8,
47749,14380,771467,17,17,3,9,
47750,6716,771467,3,4,4,8,
47751,12724,771467,31,31,3,8,
47752,12523,771467,3,4,4,8,
47753,3383,771467,3,4,4,7,
47754,10694,771467,27,27,3,8,
47755,8145,771467,15,15,3,8,
47756,11018,771467,29,29,3,9,
47757,7560,771467,3,4,4,8,
47758,10536,771467,3,4,4,8,
47759,10962,771467,3,4,4,7,
47760,7020,771467,3,4,4,8,
47761,9380,771467,19,19,3,8,
47762,1622,771467,3,4,4,8,
47763,10946,771467,3,4,4,8,
47764,3477,771467,3,4,4,7,
47765,5086,771467,3,4,4,7,
47766,4365,771467,3,4,4,8,
47767,13970,771467,25,25,3,9,
47768,22512,771467,23,23,3,8,
47769,2326,771467,3,4,4,8,
47770,11584,771467,29,29,3,8,
47771,4253,771467,3,4,4,8,
47772,3269,771467,3,4,4,9,
47773,17878,771467,19,19,3,8,
47774,6053,771467,3,4,4,8,
47775,20334,771467,33,33,3,9,
47776,16716,771467,3,4,4,8,
47777,3435,771467,3,4,4,8,
47778,4111,771467,3,4,4,9,
47779,16949,771467,29,29,3,8,
47780,2104,771467,3,4,4,8,
47781,16820,771467,3,4,4,9,
47782,1789,771467,3,4,4,8,
47783,9813,771467,3,4,4,8,
47784,12501,771467,21,21,3,9,
47785,9214,771467,17,17,3,7,
47786,19627,771467,25,25,3,9,
47787,16735,771467,33,33,3,8,
47788,10093,771467,15,15,3,9,
47789,16927,771467,3,4,4,8,
47790,14957,771467,13,13,3,8,
47791,11550,771467,19,19,3,9,
47792,11240,771467,3,4,4,9,
47793,14468,771467,31,31,3,8,
47794,7368,771467,13,13,3,8,
47795,8151,771467,3,4,4,8,
47796,6158,771467,3,4,4,9,
47797,9693,771467,3,4,4,8,
47798,10807,771467,19,19,3,8,
47799,1545,771467,3,4,4,9,
47800,12137,771467,17,17,3,7,
47801,10926,771467,3,4,4,8,
47802,14934,771467,3,4,4,9,
47803,2576,771467,3,4,4,8,
47804,2086,771467,3,4,4,8,
47805,18779,771467,31,31,3,8,
47806,10367,771467,17,17,3,8,
47807,4151,771467,3,4,4,8,
47808,4573,771467,15,15,3,8,
47809,17048,771467,25,25,3,8,
47810,2170,771467,3,4,4,9,
47811,2214,771467,3,4,4,7,
47812,39997,771467,33,33,3,9,
47813,12401,771467,19,19,3,8,
47814,2447,771467,3,4,4,8,
47815,9749,771467,17,17,3,7,
47816,17577,771467,25,25,3,8,
47817,43594,771467,21,21,3,9,
47818,16745,771467,3,4,4,8,
47819,9595,771467,3,4,4,9,
47820,36808,771467,25,25,3,8,
47821,29445,771467,17,17,3,7,
47822,1237,771467,3,4,4,8,
47823,2329,771467,3,4,4,8,
47824,2629,771467,3,4,4,8,
47825,38205,771467,31,31,3,9,
47826,2868,771467,3,4,4,9,
47827,27425,771467,13,13,3,8,
47828,31993,771467,23,23,3,9,
47829,31958,771467,3,4,4,9,
47830,21100,771467,13,13,3,8,
47831,32846,771467,29,29,3,8,
47832,22751,771467,33,33,3,8,
47833,23942,771467,3,4,4,8,
47834,19082,771467,23,23,3,8,
47835,9277,771467,17,17,3,8,
47836,9166,771467,3,4,4,8,
47837,9102,771467,3,4,4,8,
47838,21493,771467,29,29,3,8,
47839,22640,771467,3,4,4,9,
47840,1913,771467,3,4,4,7,
47841,2918,771467,3,4,4,7,
47842,7804,771467,3,4,4,7,
47843,14133,771467,15,15,3,8,
47844,3412,771467,3,4,4,8,
47845,27069,771467,33,33,3,8,
47846,22675,771467,29,29,3,8,
47847,27928,771467,3,4,4,7,
47848,1825,771467,3,4,4,8,
47849,2226,771467,3,4,4,8,
47850,20291,771467,31,31,3,7,
47851,1182,771467,3,4,4,8,
47852,16941,771467,33,33,3,7,
47853,19939,771467,3,4,4,8,
47854,17222,771467,3,4,4,8,
47855,2455,771467,3,4,4,8,
47856,7974,771467,13,13,3,9,
47857,2527,771467,3,4,4,9,
47858,10066,771467,19,19,3,7,
47859,12064,771467,3,4,4,7,
47860,1427,771467,3,4,4,8,
47861,2442,771467,3,4,4,9,
47862,2979,771467,3,4,4,7,
47863,3494,771467,3,4,4,7,
47864,3028,771467,3,4,4,8,
47865,17329,771467,27,27,3,7,
47866,4302,771467,3,4,4,7,
47867,1710,771467,3,4,4,7,
47868,20311,771467,29,29,3,7,
47869,20479,771467,33,33,3,7,
47870,9170,771467,17,17,3,8,
47871,12918,771467,29,29,3,7,
47872,2694,771467,3,4,4,7,
47873,14051,771467,3,4,4,7,
47874,15379,771467,3,4,4,7,
47875,25375,771467,17,17,3,8,
47876,18688,771467,25,25,3,8,
47877,19181,771467,3,4,4,8,
47878,11663,771467,15,15,3,8,
47879,17267,771467,17,17,3,9,
47880,1093,771467,3,4,4,7,
47881,15932,771467,3,4,4,7,
47882,1343,771467,3,4,4,7,
47883,9060,771467,3,4,4,8,
47884,23896,771467,33,33,3,8,
47885,19077,771467,25,25,3,9,
47886,10877,771467,17,17,3,8,
47887,24550,771467,29,29,3,9,
47888,2391,771467,3,4,4,8,
47889,10861,771467,13,13,3,8,
47890,11508,771467,3,4,4,8,
47891,36389,771467,33,33,3,9,
47892,38370,771467,3,4,4,8,
47893,2969,771467,3,4,4,8,
47894,15874,771467,17,17,3,8,
47895,3525,771467,3,4,4,8,
47896,13222,771467,13,13,3,9,
47897,13724,771467,17,17,3,8,
47898,9040,771467,3,4,4,8,
47899,10908,771467,3,4,4,7,
47900,10551,771467,3,4,4,8,
47901,15212,771467,25,25,3,9,
47902,2614,771467,3,4,4,8,
47903,2647,771467,3,4,4,8,
47904,24382,771467,23,23,3,8,
47905,3142,771467,3,4,4,8,
47906,13225,771467,13,13,3,7,
47907,9725,771467,13,13,3,8,
47908,3128,771467,3,4,4,8,
47909,28889,771467,31,32,3,8,
47910,22286,771467,3,4,4,8,
47911,7944,771467,15,15,3,9,
47912,32083,771467,33,33,3,8,
47913,9535,771467,3,4,4,8,
47914,19919,771467,3,4,4,8,
47915,16393,771467,19,19,3,8,
47916,11409,771467,15,15,3,7,
47917,1889,771467,3,4,4,8,
47918,5497,771467,3,4,4,9,
47919,25900,771467,29,29,3,8,
47920,3618,771467,3,4,4,9,
47921,2192,771467,3,4,4,8,
47922,1080,771467,3,4,4,8,
47923,1313,771467,3,4,4,7,
47924,12790,771467,15,15,3,8,
47925,2341,771467,3,4,4,9,
47926,16831,771467,3,4,4,8,
47927,2743,771467,3,4,4,8,
47928,19522,771467,3,4,4,8,
47929,45808,771467,29,29,3,9,
47930,12403,771467,3,4,4,8,
47931,46686,771467,29,29,3,8,
47932,793,771467,3,4,4,8,
47933,597,771467,3,4,4,8,
47934,2659,771467,3,4,4,8,
47935,41011,771467,25,25,3,8,
47936,48214,771467,27,27,3,8,
47937,43663,771467,29,29,3,8,
47938,50471,771467,19,19,3,9,
47939,40776,771467,3,4,4,8,
47940,50645,771467,3,4,4,9,
47941,45933,771467,29,29,3,8,
47942,31044,771467,25,25,3,9,
47943,20448,771467,17,17,3,7,
47944,11356,771467,3,4,4,9,
47945,21673,771467,25,25,3,9,
47946,16963,771467,3,4,4,8,
47947,13312,771467,15,15,3,7,
47948,13716,771467,13,13,3,8,
47949,2991,771467,3,4,4,8,
47950,6451,771467,3,4,4,8,
47951,81489,771467,31,31,3,8,
47952,10750,771467,3,4,4,8,
47953,3622,771467,3,4,4,7,
47954,6135,771467,3,4,4,6,
47955,77923,771467,3,4,4,7,
47956,16461,771467,13,13,3,8,
47957,3720,771467,3,4,4,7,
47958,34090,771467,19,19,3,8,
47959,4671,771467,3,4,4,9,
47960,25200,771467,19,19,3,9,
47961,17365,771467,3,4,4,8,
47962,2831,771467,3,4,4,7,
47963,2143,771467,3,4,4,8,
47964,18421,771467,15,15,3,9,
47965,20667,771467,25,25,3,8,
47966,17408,771467,3,4,4,8,
47967,82993,771467,33,33,3,9,
47968,13008,771467,23,23,3,9,
47969,12664,771467,3,4,4,8,
47970,890,771467,3,4,4,8,
47971,1554,771467,3,4,4,8,
47972,4145,771467,3,4,4,9,
47973,53263,771467,29,29,3,8,
47974,73083,771468,31,31,3,8,
47975,64356,771468,3,4,4,9,
47976,71606,771468,3,4,4,9,
47977,2019,771468,3,4,4,8,
47978,46406,771468,3,4,4,8,
47979,37518,771468,3,4,4,8,
47980,3872,771468,3,4,4,8,
47981,3459,771468,3,4,4,8,
47982,26455,771468,19,19,3,8,
47983,11450,771468,13,13,3,8,
47984,29077,771468,25,25,3,9,
47985,29954,771468,27,27,3,8,
47986,30785,771468,29,29,3,9,
47987,35799,771468,27,27,3,8,
47988,27405,771468,19,20,3,9,
47989,3310,771468,3,4,4,9,
47990,34604,771468,31,31,3,9,
47991,33602,771468,3,4,4,8,
47992,16289,771468,15,15,3,8,
47993,6159,771468,3,4,4,9,
47994,15409,771468,3,4,4,8,
47995,25295,771468,29,29,3,8,
47996,6931,771468,3,4,4,8,
47997,21796,771468,3,4,4,9,
47998,8011,771468,3,4,4,8,
47999,2781,771468,3,4,4,9,
48000,3044,771468,3,4,4,8,
48001,3176,771468,3,4,4,7,
48002,35456,771468,33,33,3,7,
48003,2409,771468,3,4,4,7,
48004,6624,771468,3,4,4,9,
48005,17871,771468,23,23,3,7,
48006,23191,771468,31,31,3,8,
48007,19614,771468,29,29,3,8,
48008,23421,771468,33,33,3,8,
48009,24029,771468,3,4,4,9,
48010,645,771468,3,4,4,8,
48011,27640,771468,33,33,3,7,
48012,29634,771468,3,4,4,8,
48013,15548,771468,17,17,3,9,
48014,15937,771468,27,27,3,8,
48015,8679,771468,3,4,4,8,
48016,8671,771468,25,25,3,7,
48017,4083,771468,3,4,4,8,
48018,4253,771468,3,4,4,7,
48019,2749,771468,3,4,4,8,
48020,4864,771468,3,4,4,6,
48021,1575,771468,3,4,4,7,
48022,33254,771468,33,33,3,8,
48023,17150,771468,15,15,3,7,
48024,1238,771468,3,4,4,5,
48025,29920,771468,29,29,3,6,
48026,3243,771468,3,4,4,5,
48027,20378,771468,21,21,3,6,
48028,20137,771468,17,17,3,6,
48029,26651,771468,29,29,3,7,
48030,20835,771468,3,4,4,7,
48031,17158,771468,15,15,3,8,
48032,26760,771468,3,4,4,8,
48033,18967,771468,27,27,3,8,
48034,5557,771468,3,4,4,9,
48035,4382,771468,3,4,4,8,
48036,12799,771468,15,15,3,8,
48037,6442,771468,3,4,4,7,
48038,10496,771468,29,29,3,8,
48039,7458,771468,13,13,3,7,
48040,7902,771468,3,4,4,8,
48041,9706,771468,3,4,4,8,
48042,3520,771468,3,4,4,8,
48043,16989,771468,29,29,3,8,
48044,5791,771468,3,4,4,7,
48045,3874,771468,3,4,4,8,
48046,16516,771468,3,4,4,8,
48047,22487,771468,21,21,3,9,
48048,2128,771468,3,4,4,7,
48049,19189,771468,27,27,3,8,
48050,4155,771468,3,4,4,8,
48051,13657,771468,21,21,3,8,
48052,3685,771468,3,4,4,8,
48053,4058,771468,3,4,4,8,
48054,4366,771468,3,4,4,8,
48055,11809,771468,3,4,4,8,
48056,11445,771468,15,15,3,8,
48057,2295,771468,3,4,4,8,
48058,10168,771468,3,4,4,8,
48059,565,771468,3,4,4,8,
48060,18509,771468,23,23,3,9,
48061,20781,771468,3,4,4,9,
48062,18384,771468,27,27,3,7,
48063,19086,771468,3,4,4,7,
48064,10604,771468,25,25,3,8,
48065,26915,771468,29,29,3,8,
48066,1838,771468,3,4,4,8,
48067,12220,771468,21,21,3,8,
48068,4631,771468,3,4,4,8,
48069,19851,771468,27,27,3,9,
48070,2205,771468,3,4,4,8,
48071,1436,771468,3,4,4,8,
48072,21734,771468,31,31,3,9,
48073,18382,771468,3,4,4,8,
48074,16828,771468,27,27,3,8,
48075,30380,771468,33,33,3,8,
48076,12145,771468,19,19,3,6,
48077,27827,771468,3,4,4,8,
48078,8772,771468,13,13,3,8,
48079,30341,771468,27,27,3,9,
48080,5009,771468,3,4,4,8,
48081,21548,771468,3,4,4,8,
48082,23553,771468,23,23,3,8,
48083,3727,771468,3,4,4,8,
48084,1057,771468,3,4,4,8,
48085,23834,771468,3,4,4,8,
48086,5613,771468,15,15,3,9,
48087,7939,771468,3,4,4,9,
48088,17012,771468,27,27,3,8,
48089,24425,771468,33,33,3,9,
48090,1594,771468,3,4,4,8,
48091,2242,771468,3,4,4,8,
48092,11459,771468,17,17,3,8,
48093,18551,771468,21,21,3,7,
48094,16969,771468,29,29,3,8,
48095,17170,771468,3,4,4,6,
48096,11349,771468,27,27,3,8,
48097,20574,771468,15,15,3,8,
48098,9195,771468,3,4,4,9,
48099,9727,771468,3,4,4,6,
48100,14031,771468,19,19,3,8,
48101,28216,771468,29,29,3,9,
48102,24444,771468,29,29,3,8,
48103,21231,771468,3,4,4,6,
48104,3559,771468,3,4,4,7,
48105,4944,771468,3,4,4,7,
48106,7286,771468,3,4,4,8,
48107,39103,771468,33,33,3,8,
48108,39889,771468,3,4,4,9,
48109,23428,771468,29,29,3,8,
48110,29746,771468,27,27,3,9,
48111,32083,771468,13,13,3,8,
48112,29940,771468,27,27,3,9,
48113,27433,771468,27,27,3,9,
48114,33157,771468,33,33,3,8,
48115,3557,771468,3,4,4,9,
48116,7973,771468,3,4,4,8,
48117,18334,771468,23,23,3,9,
48118,23214,771468,17,17,3,8,
48119,17487,771468,15,15,3,9,
48120,14175,771468,13,13,3,9,
48121,1791,771468,3,4,4,9,
48122,1756,771468,3,4,4,8,
48123,16466,771468,3,4,4,7,
48124,25122,771468,27,27,3,8,
48125,29266,771468,27,27,3,8,
48126,1040,771468,3,4,4,8,
48127,2174,771468,3,4,4,8,
48128,11640,771468,13,13,3,8,
48129,11565,771468,3,4,4,8,
48130,14233,771468,21,21,3,8,
48131,40295,771468,23,23,3,9,
48132,5499,771468,3,4,4,8,
48133,2729,771468,3,4,4,7,
48134,4983,771468,3,4,4,8,
48135,2451,771468,3,4,4,8,
48136,29392,771468,21,21,3,8,
48137,1601,771468,3,4,4,8,
48138,37882,771468,29,29,3,7,
48139,28771,771468,3,4,4,7,
48140,36954,771468,27,27,3,9,
48141,36508,771468,3,4,4,7,
48142,27127,771468,21,21,3,8,
48143,30185,771468,3,4,4,9,
48144,17419,771468,3,4,4,9,
48145,52126,771468,33,33,3,9,
48146,37125,771468,3,4,4,8,
48147,29184,771468,19,19,3,8,
48148,29355,771468,3,4,4,8,
48149,11506,771468,3,4,4,8,
48150,10570,771468,19,19,3,8,
48151,23079,771468,17,17,3,8,
48152,26872,771468,23,24,3,7,
48153,3300,771468,3,4,4,8,
48154,28676,771468,25,25,3,8,
48155,27824,771468,3,4,4,8,
48156,16525,771468,3,4,4,9,
48157,30204,771468,3,4,4,7,
48158,2032,771468,3,4,4,8,
48159,23478,771468,13,13,3,6,
48160,17311,771468,19,19,3,7,
48161,26631,771468,3,4,4,7,
48162,17759,771468,3,4,4,6,
48163,7430,771468,3,4,4,9,
48164,1818,771468,3,4,4,8,
48165,1872,771468,3,4,4,8,
48166,60957,771468,23,23,3,8,
48167,5306,771468,3,4,4,7,
48168,5207,771468,3,4,4,5,
48169,60735,771468,23,23,3,6,
48170,868,771468,3,4,4,5,
48171,51124,771468,17,17,3,7,
48172,61113,771468,29,29,3,6,
48173,53257,771468,23,23,3,7,
48174,61020,771468,3,4,4,7,
48175,51342,771468,17,17,3,8,
48176,62534,771468,31,31,3,7,
48177,53088,771468,27,27,3,8,
48178,52464,771468,3,4,4,8,
48179,7486,771468,3,4,4,8,
48180,27592,771468,33,33,3,7,
48181,18056,771468,3,4,4,8,
48182,1986,771468,3,4,4,8,
48183,52506,771468,13,13,3,8,
48184,11182,771468,27,27,3,7,
48185,2751,771468,3,4,4,8,
48186,55309,771468,3,4,4,7,
48187,49879,771468,17,17,3,8,
48188,2044,771468,3,4,4,8,
48189,53748,771468,21,21,3,6,
48190,3021,771468,3,4,4,8,
48191,54443,771468,23,23,3,8,
48192,53296,771468,3,4,4,7,
48193,13433,771468,3,4,4,6,
48194,13296,771468,3,4,4,6,
48195,28304,771468,27,27,3,8,
48196,43446,771468,23,23,3,9,
48197,2629,771468,3,4,4,6,
48198,30575,771468,3,4,4,6,
48199,3606,771468,3,4,4,7,
48200,15358,771468,3,4,4,7,
48201,15028,771468,19,19,3,8,
48202,19942,771468,21,21,3,8,
48203,13385,771468,15,15,3,8,
48204,13383,771468,3,4,4,8,
48205,12179,771468,13,13,3,9,
48206,11124,771468,3,4,4,9,
48207,14971,771468,25,25,3,9,
48208,27436,771468,21,21,3,7,
48209,14432,771468,3,4,4,7,
48210,8616,771468,15,15,3,9,
48211,26237,771468,3,4,4,8,
48212,32378,771468,21,21,3,7,
48213,29382,771468,27,27,3,8,
48214,16400,771468,21,21,3,9,
48215,24564,771468,27,27,3,8,
48216,3436,771468,3,4,4,8,
48217,753,771468,3,4,4,7,
48218,1274,771468,3,4,4,7,
48219,2521,771468,3,4,4,7,
48220,10015,771468,17,17,3,8,
48221,9068,771468,15,15,3,8,
48222,9457,771468,3,4,4,8,
48223,15162,771468,19,19,3,8,
48224,27274,771468,31,31,3,9,
48225,2204,771468,3,4,4,8,
48226,8861,771468,3,4,4,7,
48227,29953,771468,31,31,3,8,
48228,1817,771468,3,4,4,8,
48229,30623,771468,3,4,4,9,
48230,2965,771468,3,4,4,9,
48231,3202,771468,3,4,4,7,
48232,48810,771468,23,23,3,9,
48233,17429,771468,33,33,3,7,
48234,17922,771468,3,4,4,7,
48235,17337,771468,3,4,4,7,
48236,29890,771468,33,33,3,7,
48237,30981,771468,3,4,4,7,
48238,28237,771468,31,31,3,9,
48239,34676,771468,25,25,3,8,
48240,34495,771468,29,29,3,8,
48241,32226,771468,3,4,4,8,
48242,47342,771468,31,31,3,8,
48243,2361,771468,3,4,4,8,
48244,21208,771468,17,17,3,8,
48245,22482,771468,3,4,4,9,
48246,23114,771468,19,19,3,8,
48247,28036,771468,23,23,3,8,
48248,29351,771468,3,4,4,9,
48249,10591,771468,3,4,4,9,
48250,1802,771468,3,4,4,8,
48251,2639,771468,3,4,4,7,
48252,2319,771468,3,4,4,8,
48253,17306,771468,3,4,4,7,
48254,17911,771468,19,19,3,7,
48255,33609,771468,27,27,3,8,
48256,24787,771468,25,25,3,8,
48257,13894,771468,13,13,3,8,
48258,24955,771468,23,23,3,8,
48259,27325,771468,29,29,3,9,
48260,2228,771468,3,4,4,9,
48261,3710,771468,3,4,4,9,
48262,3861,771468,3,4,4,8,
48263,37940,771468,31,31,3,8,
48264,32160,771468,33,33,3,7,
48265,22785,771468,19,19,3,8,
48266,27884,771468,21,21,3,7,
48267,28103,771468,3,4,4,8,
48268,6065,771468,3,4,4,8,
48269,2163,771468,3,4,4,8,
48270,16466,771468,17,17,3,8,
48271,7631,771468,3,4,4,9,
48272,15961,771468,3,4,4,8,
48273,21958,771468,27,27,3,8,
48274,26274,771468,21,21,3,9,
48275,21514,771468,29,29,3,9,
48276,29625,771468,31,31,3,9,
48277,2827,771468,3,4,4,9,
48278,3123,771468,3,4,4,7,
48279,2804,771468,3,4,4,7,
48280,10780,771468,13,13,3,8,
48281,8562,771468,13,13,3,7,
48282,2066,771468,3,4,4,7,
48283,8283,771468,3,4,4,8,
48284,25161,771468,31,31,3,9,
48285,43091,771468,32,33,3,7,
48286,30046,771468,3,4,4,8,
48287,5204,771468,3,4,4,9,
48288,4588,771468,3,4,4,8,
48289,11460,771468,21,21,3,8,
48290,25168,771468,21,21,3,8,
48291,26469,771468,3,4,4,8,
48292,31333,771468,25,25,3,8,
48293,3823,771468,3,4,4,9,
48294,31476,771468,29,29,3,8,
48295,20046,771468,15,15,3,8,
48296,10121,771468,13,13,3,8,
48297,22271,771468,3,4,4,9,
48298,17796,771468,21,21,3,7,
48299,14370,771468,3,4,4,7,
48300,13699,771468,3,4,4,7,
48301,25397,771468,33,33,3,9,
48302,8349,771468,17,17,3,7,
48303,12519,771468,17,17,3,9,
48304,2533,771468,3,4,4,9,
48305,2799,771468,3,4,4,9,
48306,3259,771468,3,4,4,8,
48307,20890,771468,29,29,3,8,
48308,3670,771468,3,4,4,8,
48309,13783,771468,21,21,3,8,
48310,20455,771468,31,31,3,7,
48311,10831,771468,15,15,3,8,
48312,3266,771468,3,4,4,8,
48313,13976,771468,3,4,4,9,
48314,20138,771468,3,4,4,8,
48315,28033,771468,31,31,3,8,
48316,2867,771468,3,4,4,9,
48317,20000,771468,27,27,3,9,
48318,21607,771468,3,4,4,8,
48319,20870,771468,3,4,4,8,
48320,3269,771468,3,4,4,8,
48321,6229,771468,13,13,3,8,
48322,7552,771468,15,15,3,9,
48323,8197,771468,3,4,4,8,
48324,1503,771468,3,4,4,8,
48325,7280,771468,13,13,3,8,
48326,16954,771468,27,27,3,8,
48327,6452,771468,3,4,4,8,
48328,24202,771468,3,4,4,8,
48329,4616,771468,3,4,4,8,
48330,20185,771468,17,17,3,8,
48331,49842,771468,31,31,3,8,
48332,26315,771468,19,19,3,8,
48333,21098,771468,3,4,4,7,
48334,34221,771468,31,31,3,8,
48335,28571,771468,25,25,3,8,
48336,5731,771468,3,4,4,8,
48337,58363,771468,27,27,3,9,
48338,10060,771468,3,4,4,8,
48339,67685,771468,3,4,4,7,
48340,18884,771468,15,15,3,8,
48341,19580,771468,13,13,3,9,
48342,62133,771468,19,19,3,8,
48343,26926,771468,27,27,3,8,
48344,86272,771468,23,23,3,9,
48345,63955,771468,25,25,3,9,
48346,89120,771468,23,23,3,9,
48347,13689,771468,3,4,4,9,
48348,58238,771468,17,17,3,8,
48349,13035,771468,13,13,3,8,
48350,17524,771468,17,17,3,7,
48351,27864,771468,3,4,4,8,
48352,76964,771468,33,33,3,7,
48353,87354,771468,32,33,3,8,
48354,62208,771468,13,13,3,8,
48355,34174,771468,21,21,3,9,
48356,10807,771468,3,4,4,7,
48357,49093,771468,33,33,3,9,
48358,23526,771468,21,21,3,7,
48359,45991,771468,31,31,3,8,
48360,37058,771468,15,15,3,9,
48361,39179,771468,19,19,3,9,
48362,53313,771468,3,4,4,9,
48363,26129,771468,23,23,3,8,
48364,24086,771468,3,4,4,9,
48365,3299,771468,3,4,4,8,
48366,37724,771468,21,21,3,7,
48367,29231,771468,25,25,3,9,
48368,20394,771468,15,15,3,9,
48369,45261,771468,27,27,3,8,
48370,8351,771468,3,4,4,9,
48371,38093,771468,27,27,3,9,
48372,14120,771468,15,15,3,8,
48373,1900,771468,3,4,4,8,
48374,40060,771468,29,29,3,8,
48375,45001,771468,3,4,4,8,
48376,7831,771468,3,4,4,8,
48377,2290,771468,3,4,4,9,
48378,3353,771468,3,4,4,9,
48379,2579,771468,3,4,4,7,
48380,7470,771468,3,4,4,7,
48381,6170,771468,3,4,4,5,
48382,11362,771468,21,21,3,7,
48383,7178,771468,3,4,4,7,
48384,5273,771468,3,4,4,7,
48385,24561,771468,3,4,4,7,
48386,13530,771468,21,21,3,7,
48387,7011,771468,3,4,4,8,
48388,24992,771468,23,23,3,8,
48389,51233,771468,21,21,3,8,
48390,26426,771468,19,19,3,8,
48391,26077,771468,3,4,4,8,
48392,18704,771468,3,4,4,6,
48393,73109,771468,19,19,3,8,
48394,40288,771468,3,4,4,9,
48395,70351,771468,33,33,3,8,
48396,71200,771468,3,4,4,7,
48397,70557,771468,31,31,3,8,
48398,1283,771468,3,4,4,6,
48399,3349,771468,3,4,4,6,
48400,1060,771468,3,4,4,7,
48401,41211,771468,23,23,3,7,
48402,1601,771468,3,4,4,7,
48403,4316,771468,3,4,4,8,
48404,91003,771468,33,33,3,8,
48405,24223,771468,3,4,4,8,
48406,6228,771468,3,4,4,8,
48407,36276,771468,19,19,3,8,
48408,2861,771469,3,4,4,8,
48409,2974,771469,3,4,4,8,
48410,16017,771469,23,23,3,8,
48411,1346,771469,3,4,4,8,
48412,13702,771469,25,25,3,8,
48413,48929,771469,3,4,4,9,
48414,7306,771469,3,4,4,9,
48415,2839,771469,3,4,4,7,
48416,47824,771469,23,23,3,8,
48417,54070,771469,3,4,4,7,
48418,2863,771469,3,4,4,8,
48419,48128,771469,25,25,3,8,
48420,46200,771469,23,23,3,8,
48421,47827,771469,3,4,4,9,
48422,47587,771469,25,25,3,7,
48423,20017,771469,23,23,3,8,
48424,4440,771469,3,4,4,9,
48425,2611,771469,3,4,4,9,
48426,18621,771469,33,33,3,9,
48427,19111,771469,3,4,4,9,
48428,10395,771469,3,4,4,9,
48429,4716,771469,3,4,4,8,
48430,27310,771469,31,31,3,9,
48431,18582,771469,25,25,3,7,
48432,16757,771469,27,27,3,8,
48433,18547,771469,21,21,3,8,
48434,19071,771469,3,4,4,8,
48435,12873,771469,21,21,3,9,
48436,20007,771469,27,27,3,9,
48437,20537,771469,3,4,4,9,
48438,2610,771469,3,4,4,9,
48439,24408,771469,15,15,3,9,
48440,16075,771469,23,23,3,9,
48441,1811,771469,3,4,4,9,
48442,1513,771469,3,4,4,8,
48443,21233,771469,33,33,3,7,
48444,14841,771469,27,27,3,8,
48445,19877,771469,31,31,3,8,
48446,17480,771469,21,21,3,8,
48447,6501,771469,13,13,3,8,
48448,9466,771469,3,4,4,9,
48449,2179,771469,3,4,4,9,
48450,1469,771469,3,4,4,8,
48451,1900,771469,3,4,4,9,
48452,6732,771469,3,4,4,8,
48453,2833,771469,3,4,4,8,
48454,10630,771469,3,4,4,8,
48455,2481,771469,3,4,4,8,
48456,12446,771469,21,21,3,8,
48457,13057,771469,3,4,4,8,
48458,19436,771469,29,29,3,9,
48459,20437,771469,3,4,4,8,
48460,1624,771469,3,4,4,9,
48461,1469,771469,3,4,4,8,
48462,36280,771469,33,33,3,8,
48463,39095,771469,25,25,3,9,
48464,2457,771469,3,4,4,8,
48465,12184,771469,23,23,3,8,
48466,13724,771469,17,17,3,8,
48467,10139,771469,15,15,3,9,
48468,57367,771469,29,29,3,9,
48469,88475,771469,29,29,3,8,
48470,96016,771469,33,33,3,8,
48471,48681,771469,3,4,4,8,
48472,84109,771469,19,19,3,9,
48473,2206,771469,3,4,4,8,
48474,82990,771469,17,17,3,8,
48475,18939,771469,3,4,4,8,
48476,20340,771469,3,4,4,9,
48477,3646,771469,3,4,4,8,
48478,2162,771469,3,4,4,8,
48479,2189,771469,3,4,4,8,
48480,73550,771469,33,33,3,7,
48481,622,771469,3,4,4,7,
48482,69764,771469,33,33,3,8,
48483,60884,771469,15,15,3,8,
48484,47398,771469,27,27,3,8,
48485,48745,771469,33,33,3,8,
48486,17018,771469,3,4,4,9,
48487,7805,771469,3,4,4,9,
48488,14990,771469,27,27,3,9,
48489,45419,771469,19,19,3,8,
48490,31572,771469,17,17,3,8,
48491,2338,771469,3,4,4,9,
48492,34833,771469,23,23,3,8,
48493,33037,771469,3,4,4,8,
48494,26683,771469,17,17,3,9,
48495,29386,771469,21,21,3,9,
48496,1863,771469,3,4,4,8,
48497,51069,771469,25,25,3,8,
48498,32762,771469,25,25,3,8,
48499,51036,771469,3,4,4,8,
48500,23526,771469,15,15,3,9,
48501,32219,771469,27,27,3,8,
48502,8145,771469,17,17,3,9,
48503,32131,771469,21,21,3,7,
48504,1792,771469,3,4,4,9,
48505,30593,771469,29,29,3,8,
48506,1790,771469,3,4,4,9,
48507,1876,771469,3,4,4,8,
48508,25405,771469,15,15,3,9,
48509,24877,771469,3,4,4,8,
48510,25631,771469,3,4,4,9,
48511,10224,771469,3,4,4,8,
48512,8127,771469,15,15,3,8,
48513,7985,771469,3,4,4,7,
48514,8060,771469,3,4,4,8,
48515,16507,771469,29,29,3,8,
48516,1666,771469,3,4,4,8,
48517,32023,771469,29,29,3,9,
48518,1882,771469,3,4,4,8,
48519,3041,771469,3,4,4,8,
48520,17490,771469,27,27,3,7,
48521,24127,771469,31,31,3,8,
48522,22439,771469,33,33,3,8,
48523,15895,771469,25,25,3,8,
48524,2828,771469,3,4,4,8,
48525,10317,771469,19,19,3,9,
48526,15341,771469,19,19,3,8,
48527,21995,771469,31,31,3,9,
48528,14955,771469,21,21,3,9,
48529,13196,771469,33,33,3,8,
48530,17464,771469,3,4,4,9,
48531,9970,771469,19,19,3,8,
48532,6087,771469,3,4,4,8,
48533,33062,771469,33,33,3,9,
48534,6730,771469,3,4,4,9,
48535,26582,771469,23,23,3,9,
48536,27613,771469,3,4,4,8,
48537,31022,771469,19,19,3,9,
48538,31061,771469,25,25,3,9,
48539,125311,771469,29,29,3,7,
48540,28865,771469,25,25,3,8,
48541,24266,771469,3,4,4,8,
48542,109496,771469,25,26,3,8,
48543,48625,771469,21,21,3,9,
48544,84400,771469,25,25,3,9,
48545,1871,771469,3,4,4,9,
48546,86893,771469,3,4,4,8,
48547,92881,771469,31,31,3,8,
48548,94467,771469,3,4,4,8,
48549,98195,771469,3,4,4,8,
48550,1602,771469,3,4,4,9,
48551,138889,771469,19,19,3,8,
48552,86936,771469,21,21,3,8,
48553,14028,771469,3,4,4,8,
48554,5893,771469,3,4,4,8,
48555,7310,771469,3,4,4,8,
48556,7237,771469,3,4,4,8,
48557,5843,771469,3,4,4,6,
48558,104406,771469,19,19,3,8,
48559,99336,771469,27,27,3,8,
48560,6281,771469,3,4,4,8,
48561,321548,771469,33,33,3,8,
48562,1897,771469,3,4,4,6,
48563,113060,771469,23,23,3,8,
48564,2909,771469,3,4,4,7,
48565,41854,771469,3,4,4,8,
48566,91508,771469,27,27,3,7,
48567,48079,771469,13,13,3,6,
48568,40325,771469,3,4,4,7,
48569,59175,771469,25,25,3,8,
48570,1363,771469,3,4,4,7,
48571,50321,771469,19,19,3,7,
48572,1682,771469,3,4,4,8,
48573,48044,771469,19,19,3,8,
48574,15488,771469,15,15,3,9,
48575,43146,771469,3,4,4,8,
48576,230293,771469,33,33,3,8,
48577,92881,771469,17,17,3,8,
48578,198179,771469,29,29,3,8,
48579,78140,771469,21,21,3,8,
48580,67527,771469,23,23,3,9,
48581,187401,771469,29,29,3,8,
48582,105151,771469,17,17,3,8,
48583,107824,771469,15,15,3,8,
48584,276988,771469,33,33,3,8,
48585,271449,771469,31,31,3,8,
48586,137733,771469,3,4,4,8,
48587,86292,771469,3,4,4,9,
48588,164620,771469,15,15,3,8,
48589,106979,771469,27,27,3,8,
48590,85662,771469,3,4,4,7,
48591,128637,771469,21,21,3,8,
48592,135143,771469,21,21,3,8,
48593,71520,771469,13,13,3,8,
48594,114882,771469,27,27,3,8,
48595,82373,771469,21,21,3,7,
48596,35672,771469,3,4,4,8,
48597,47674,771469,3,4,4,7,
48598,55163,771469,21,21,3,8,
48599,50338,771469,19,19,3,8,
48600,46490,771469,3,4,4,7,
48601,50553,771469,3,4,4,7,
48602,10753,771469,3,4,4,8,
48603,1457,771469,3,4,4,7,
48604,2802,771469,3,4,4,8,
48605,12921,771469,25,25,3,8,
48606,17661,771469,31,31,3,8,
48607,2427,771469,3,4,4,7,
48608,1038,771469,3,4,4,6,
48609,24020,771469,29,29,3,7,
48610,8890,771469,3,4,4,8,
48611,25549,771469,3,4,4,8,
48612,2031,771469,3,4,4,8,
48613,13722,771469,15,15,3,8,
48614,1718,771469,3,4,4,8,
48615,12685,771469,3,4,4,8,
48616,19278,771469,33,33,3,8,
48617,10248,771469,13,13,3,9,
48618,1571,771469,3,4,4,8,
48619,6399,771469,3,4,4,9,
48620,16918,771469,27,27,3,8,
48621,19433,771469,3,4,4,8,
48622,14839,771469,19,19,3,9,
48623,15844,771469,3,4,4,8,
48624,19699,771469,23,23,3,9,
48625,12710,771469,27,27,3,7,
48626,5989,771469,13,13,3,9,
48627,13890,771469,3,4,4,8,
48628,2983,771469,3,4,4,8,
48629,10481,771469,23,23,3,7,
48630,51283,771469,29,29,3,9,
48631,8922,771469,13,13,3,8,
48632,52844,771469,3,4,4,9,
48633,124874,771469,31,31,3,8,
48634,8088,771469,3,4,4,7,
48635,8170,771469,19,19,3,9,
48636,123694,771469,3,4,4,9,
48637,36896,771469,3,4,4,7,
48638,131611,771469,29,29,3,8,
48639,721,771469,3,4,4,7,
48640,37481,771469,3,4,4,8,
48641,79530,771469,15,15,3,9,
48642,96833,771469,3,4,4,8,
48643,4347,771469,3,4,4,8,
48644,92382,771469,27,27,3,8,
48645,2970,771469,3,4,4,8,
48646,3645,771469,3,4,4,8,
48647,2238,771469,3,4,4,8,
48648,3490,771469,3,4,4,8,
48649,80487,771469,17,17,3,9,
48650,35186,771469,3,4,4,7,
48651,55448,771470,27,27,3,8,
48652,57797,771470,23,23,3,8,
48653,56878,771470,31,31,3,8,
48654,43814,771470,17,17,3,9,
48655,1658,771470,3,4,4,9,
48656,15036,771470,25,25,3,9,
48657,7989,771470,17,17,3,9,
48658,14081,771470,21,21,3,9,
48659,6218,771470,3,4,4,9,
48660,9050,771470,13,13,3,9,
48661,3225,771470,3,4,4,8,
48662,11054,771470,17,17,3,8,
48663,18154,771470,27,27,3,8,
48664,2883,771470,3,4,4,9,
48665,19224,771470,33,33,3,9,
48666,15257,771470,31,32,3,8,
48667,5094,771470,3,4,4,8,
48668,14361,771470,3,4,4,8,
48669,16304,771470,3,4,4,8,
48670,2028,771470,3,4,4,9,
48671,20638,771470,27,27,3,9,
48672,6674,771470,15,15,3,9,
48673,19983,771470,3,4,4,8,
48674,7159,771470,3,4,4,9,
48675,8652,771470,3,4,4,8,
48676,17620,771470,21,21,3,9,
48677,18152,771470,3,4,4,8,
48678,22763,771470,33,33,3,8,
48679,14719,771470,19,19,3,7,
48680,13568,771470,13,13,3,8,
48681,14035,771470,3,4,4,9,
48682,20967,771470,25,25,3,9,
48683,25566,771470,27,27,3,8,
48684,16308,771470,31,31,3,9,
48685,16445,771470,3,4,4,9,
48686,2470,771470,3,4,4,7,
48687,19364,771470,29,29,3,8,
48688,1694,771470,3,4,4,9,
48689,2422,771470,3,4,4,8,
48690,19264,771470,15,15,3,9,
48691,16261,771470,21,21,3,8,
48692,22740,771470,3,4,4,9,
48693,15697,771470,3,4,4,8,
48694,15010,771470,3,4,4,8,
48695,12167,771470,15,16,3,8,
48696,1121,771470,3,4,4,8,
48697,1944,771470,3,4,4,8,
48698,2562,771470,3,4,4,8,
48699,9959,771470,3,4,4,9,
48700,14328,771470,27,27,3,8,
48701,14768,771470,3,4,4,8,
48702,23824,771470,29,29,3,9,
48703,30330,771470,33,33,3,8,
48704,26477,771470,33,33,3,9,
48705,3347,771470,3,4,4,8,
48706,17341,771470,25,25,3,8,
48707,8105,771470,13,13,3,8,
48708,12691,771470,13,13,3,9,
48709,25891,771470,21,21,3,8,
48710,25207,771470,3,4,4,8,
48711,1239,771470,3,4,4,8,
48712,20107,771470,3,4,4,8,
48713,559,771470,3,4,4,8,
48714,17562,771470,21,21,3,7,
48715,13607,771470,21,21,3,8,
48716,2931,771470,3,4,4,9,
48717,1851,771470,3,4,4,8,
48718,2255,771470,3,4,4,8,
48719,2987,771470,3,4,4,7,
48720,17126,771470,21,21,3,8,
48721,18339,771470,3,4,4,9,
48722,4904,771470,3,4,4,8,
48723,6387,771470,3,4,4,8,
48724,24219,771470,29,29,3,8,
48725,3325,771470,3,4,4,9,
48726,24194,771470,3,4,4,7,
48727,2303,771470,3,4,4,8,
48728,12449,771470,15,15,3,8,
48729,4313,771470,3,4,4,8,
48730,1802,771470,3,4,4,8,
48731,21500,771470,27,27,3,8,
48732,7034,771470,15,15,3,8,
48733,23518,771470,3,4,4,8,
48734,2420,771470,3,4,4,9,
48735,2423,771470,3,4,4,9,
48736,2758,771470,3,4,4,9,
48737,14253,771470,19,19,3,7,
48738,5188,771470,3,4,4,8,
48739,27490,771470,33,33,3,8,
48740,15028,771470,3,4,4,9,
48741,25901,771470,29,29,3,8,
48742,26667,771470,33,33,3,8,
48743,27534,771470,3,4,4,9,
48744,12349,771470,19,19,3,9,
48745,33407,771470,29,29,3,8,
48746,2855,771470,3,4,4,8,
48747,23539,771470,21,21,3,9,
48748,1843,771470,3,4,4,8,
48749,32203,771470,3,4,4,8,
48750,15789,771470,25,25,3,8,
48751,11453,771470,21,21,3,9,
48752,30802,771470,27,27,3,8,
48753,16166,771470,19,19,3,8,
48754,18796,771470,31,31,3,8,
48755,22875,771470,15,15,3,9,
48756,11540,771470,21,21,3,9,
48757,16913,771470,17,17,3,9,
48758,13557,771470,13,13,3,8,
48759,18601,771470,3,4,4,9,
48760,7600,771470,3,4,4,8,
48761,19988,771470,25,25,3,8,
48762,3586,771470,3,4,4,8,
48763,25067,771470,29,29,3,8,
48764,4151,771470,3,4,4,8,
48765,19540,771470,23,23,3,9,
48766,3547,771470,3,4,4,8,
48767,18735,771470,3,4,4,9,
48768,18446,771470,23,23,3,8,
48769,13220,771470,13,13,3,8,
48770,16298,771470,17,17,3,8,
48771,7807,771470,15,15,3,8,
48772,20455,771470,23,23,3,9,
48773,25853,771470,33,33,3,8,
48774,18804,771470,25,25,3,8,
48775,21455,771470,17,17,3,9,
48776,14630,771470,21,21,3,9,
48777,1685,771470,3,4,4,8,
48778,1501,771470,3,4,4,8,
48779,18804,771470,13,13,3,7,
48780,16778,771470,25,25,3,8,
48781,2315,771470,3,4,4,8,
48782,15100,771470,17,17,3,9,
48783,21655,771470,27,27,3,9,
48784,28086,771470,19,19,3,9,
48785,6460,771470,3,4,4,9,
48786,9760,771470,3,4,4,8,
48787,28614,771470,29,29,3,9,
48788,7372,771470,3,4,4,9,
48789,15776,771470,29,29,3,9,
48790,12632,771470,3,4,4,9,
48791,16584,771470,3,4,4,9,
48792,14760,771470,15,15,3,8,
48793,14635,771470,17,17,3,8,
48794,13888,771470,3,4,4,7,
48795,24315,771470,25,25,3,8,
48796,29976,771470,31,31,3,9,
48797,29155,771470,3,4,4,9,
48798,10246,771470,3,4,4,9,
48799,13593,771470,21,21,3,9,
48800,11397,771470,3,4,4,6,
48801,11005,771470,3,4,4,7,
48802,913,771470,3,4,4,8,
48803,14821,771470,25,25,3,8,
48804,13673,771470,23,23,3,9,
48805,23882,771470,25,25,3,8,
48806,24834,771470,3,4,4,9,
48807,1052,771470,3,4,4,7,
48808,2297,771470,3,4,4,8,
48809,3278,771470,3,4,4,8,
48810,11897,771470,19,19,3,8,
48811,19226,771470,17,17,3,9,
48812,10283,771470,17,17,3,8,
48813,10893,771470,3,4,4,8,
48814,36484,771470,31,31,3,8,
48815,8627,771470,15,15,3,8,
48816,22143,771470,25,25,3,9,
48817,29582,771470,29,29,3,9,
48818,9313,771470,3,4,4,8,
48819,2180,771470,3,4,4,8,
48820,26791,771470,31,31,3,8,
48821,26029,771470,29,29,3,9,
48822,14432,771470,15,15,3,8,
48823,10661,771470,13,13,3,8,
48824,9142,771470,23,23,3,9,
48825,26391,771470,25,25,3,8,
48826,26102,771470,3,4,4,9,
48827,1348,771470,3,4,4,8,
48828,22439,771470,29,29,3,9,
48829,23875,771470,33,33,3,9,
48830,16644,771470,19,19,3,9,
48831,15970,771470,25,25,3,8,
48832,6363,771470,13,13,3,8,
48833,1253,771470,3,4,4,8,
48834,2380,771470,3,4,4,9,
48835,15403,771470,27,27,3,8,
48836,2348,771470,3,4,4,8,
48837,15766,771470,31,31,3,8,
48838,16542,771470,3,4,4,8,
48839,3104,771470,3,4,4,9,
48840,10279,771470,3,4,4,8,
48841,12349,771470,29,29,3,8,
48842,2701,771470,3,4,4,8,
48843,13661,771470,3,4,4,7,
48844,16541,771470,23,23,3,9,
48845,9423,771470,25,26,3,8,
48846,15475,771470,3,4,4,8,
48847,7867,771470,3,4,4,8,
48848,11297,771470,25,25,3,8,
48849,12635,771470,3,4,4,9,
48850,1948,771470,3,4,4,8,
48851,3682,771470,3,4,4,8,
48852,15183,771470,25,25,3,6,
48853,601,771470,3,4,4,6,
48854,14382,771470,3,4,4,5,
48855,1650,771470,3,4,4,8,
48856,8373,771470,17,17,3,8,
48857,2742,771470,3,4,4,9,
48858,10643,771470,3,4,4,8,
48859,2873,771470,3,4,4,8,
48860,13887,771470,17,17,3,6,
48861,1620,771470,3,4,4,8,
48862,44814,771470,33,33,3,6,
48863,10038,771470,19,19,3,6,
48864,2836,771470,3,4,4,9,
48865,11316,771470,3,4,4,5,
48866,2740,771470,3,4,4,8,
48867,3551,771470,3,4,4,7,
48868,3221,771470,3,4,4,3,
48869,2857,771470,3,4,4,4,
48870,32219,771470,3,4,4,3,
48871,16085,771470,3,4,4,4,
48872,76802,771470,25,25,3,6,
48873,12393,771470,3,4,4,6,
48874,12530,771470,3,4,4,6,
48875,22164,771470,3,4,4,6,
48876,87152,771470,33,33,3,8,
48877,71853,771470,19,19,3,8,
48878,55186,771470,3,4,4,7,
48879,7058,771470,3,4,4,5,
48880,5252,771470,3,4,4,5,
48881,35969,771470,3,4,4,6,
48882,50099,771470,3,4,4,7,
48883,7319,771470,3,4,4,7,
48884,189789,771470,25,25,3,7,
48885,173712,771470,31,31,3,8,
48886,5578,771470,3,4,4,8,
48887,65225,771470,23,23,3,8,
48888,57077,771470,3,4,4,8,
48889,4292,771470,3,4,4,8,
48890,152505,771470,23,23,3,8,
48891,151826,771470,27,27,3,7,
48892,148634,771470,3,4,4,7,
48893,156650,771470,3,4,4,7,
48894,29357,771470,13,13,3,9,
48895,49581,771470,3,4,4,8,
48896,154358,771470,29,29,3,8,
48897,96813,771470,21,21,3,8,
48898,88430,771470,17,17,3,6,
48899,121592,771470,3,4,4,9,
48900,12196,771470,3,4,4,8,
48901,35859,771470,19,19,3,9,
48902,69597,771470,17,17,3,7,
48903,27066,771470,3,4,4,7,
48904,27604,771470,3,4,4,7,
48905,71730,771470,31,31,3,8,
48906,5375,771470,3,4,4,7,
48907,42692,771470,27,27,3,8,
48908,3958,771470,3,4,4,8,
48909,57241,771470,29,29,3,8,
48910,37415,771470,29,29,3,8,
48911,37932,771470,25,25,3,8,
48912,1871,771470,3,4,4,8,
48913,51367,771470,29,29,3,8,
48914,50789,771470,3,4,4,8,
48915,28035,771470,21,21,3,8,
48916,21482,771470,3,4,4,8,
48917,7615,771470,3,4,4,8,
48918,8887,771470,13,13,3,8,
48919,7739,771470,3,4,4,8,
48920,2066,771470,3,4,4,8,
48921,4719,771470,3,4,4,8,
48922,3531,771470,3,4,4,7,
48923,17868,771470,29,29,3,8,
48924,42198,771470,29,29,3,8,
48925,3428,771470,3,4,4,8,
48926,15851,771470,13,13,3,8,
48927,2290,771470,3,4,4,7,
48928,8809,771470,15,15,3,8,
48929,15921,771470,3,4,4,7,
48930,20096,771470,15,15,3,9,
48931,12863,771470,3,4,4,7,
48932,22118,771470,3,4,4,9,
48933,1053,771470,3,4,4,8,
48934,42648,771470,31,31,3,9,
48935,14944,771470,17,17,3,8,
48936,18167,771470,29,29,3,9,
48937,945,771470,3,4,4,7,
48938,41838,771470,21,21,3,7,
48939,43588,771470,3,4,4,7,
48940,1220,771470,3,4,4,8,
48941,16602,771470,27,27,3,9,
48942,16780,771470,3,4,4,8,
48943,27787,771470,31,31,3,8,
48944,18469,771470,15,15,3,9,
48945,38058,771470,31,31,3,9,
48946,13092,771470,3,4,4,9,
48947,1331,771470,3,4,4,8,
48948,20854,771470,13,13,3,8,
48949,20832,771470,3,4,4,8,
48950,5558,771470,3,4,4,9,
48951,24948,771470,19,19,3,8,
48952,9496,771470,3,4,4,8,
48953,37859,771470,27,27,3,8,
48954,12447,771470,3,4,4,8,
48955,30490,771470,23,23,3,8,
48956,27421,771470,3,4,4,7,
48957,27774,771470,27,27,3,7,
48958,3113,771470,3,4,4,8,
48959,29102,771470,3,4,4,8,
48960,2803,771470,3,4,4,8,
48961,4812,771470,3,4,4,8,
48962,34212,771470,27,27,3,8,
48963,29192,771470,27,27,3,9,
48964,16414,771470,13,13,3,8,
48965,18430,771470,3,4,4,8,
48966,29307,771470,3,4,4,9,
48967,15842,771470,3,4,4,8,
48968,32145,771470,33,33,3,8,
48969,2259,771470,3,4,4,8,
48970,31893,771470,3,4,4,8,
48971,18816,771470,29,29,3,8,
48972,19243,771470,27,27,3,8,
48973,19200,771470,3,4,4,8,
48974,21419,771470,29,29,3,8,
48975,2870,771470,3,4,4,9,
48976,11510,771470,19,19,3,8,
48977,41259,771470,33,33,3,8,
48978,10838,771470,3,4,4,8,
48979,44010,771470,3,4,4,8,
48980,2020,771470,3,4,4,9,
48981,31265,771470,19,19,3,8,
48982,55418,771470,27,27,3,9,
48983,2637,771470,3,4,4,8,
48984,55181,771470,3,4,4,8,
48985,7610,771470,13,13,3,8,
48986,1805,771470,3,4,4,9,
48987,41700,771470,29,29,3,9,
48988,39901,771470,21,21,3,8,
48989,34011,771470,15,15,3,7,
48990,38653,771470,21,21,3,8,
48991,39295,771470,25,25,3,9,
48992,4785,771470,3,4,4,7,
48993,81980,771470,31,31,3,7,
48994,19541,771470,15,15,3,8,
48995,9468,771470,13,13,3,8,
48996,1819,771470,3,4,4,7,
48997,2392,771470,3,4,4,7,
48998,77199,771470,33,33,3,8,
48999,6507,771470,3,4,4,8,
49000,3367,771470,3,4,4,9,
49001,76251,771470,31,31,3,8,
49002,4607,771470,3,4,4,9,
49003,3133,771470,3,4,4,7,
49004,3451,771470,3,4,4,8,
49005,3859,771470,3,4,4,8,
49006,2862,771470,3,4,4,7,
49007,3184,771470,3,4,4,7,
49008,2848,771470,3,4,4,7,
49009,56622,771470,33,33,3,9,
49010,63744,771470,23,23,3,7,
49011,59704,771470,3,4,4,7,
49012,1807,771470,3,4,4,8,
49013,68507,771470,27,27,3,7,
49014,3918,771470,3,4,4,9,
49015,63919,771470,23,23,3,8,
49016,65180,771470,21,21,3,8,
49017,61422,771470,15,15,3,8,
49018,3106,771470,3,4,4,9,
49019,2429,771470,3,4,4,9,
49020,17038,771470,17,17,3,8,
49021,8366,771470,3,4,4,9,
49022,16337,771470,3,4,4,8,
49023,2381,771470,3,4,4,7,
49024,21649,771470,21,21,3,9,
49025,1495,771470,3,4,4,8,
49026,20447,771470,31,31,3,7,
49027,21905,771470,3,4,4,7,
49028,4369,771470,15,15,3,7,
49029,5470,771470,3,4,4,8,
49030,20209,771470,31,31,3,8,
49031,1423,771470,3,4,4,9,
49032,2482,771470,3,4,4,8,
49033,2936,771470,3,4,4,8,
49034,10824,771470,17,17,3,8,
49035,15705,771470,29,29,3,8,
49036,10487,771470,3,4,4,8,
49037,37982,771470,19,19,3,9,
49038,8736,771470,13,13,3,8,
49039,8664,771470,3,4,4,8,
49040,1540,771470,3,4,4,8,
49041,10395,771470,3,4,4,8,
49042,18418,771470,21,21,3,8,
49043,1853,771470,3,4,4,8,
49044,19349,771470,3,4,4,8,
49045,7401,771470,13,13,3,8,
49046,3591,771470,3,4,4,8,
49047,16485,771470,13,13,3,8,
49048,25469,771470,3,4,4,8,
49049,30586,771470,29,29,3,8,
49050,25927,771470,31,31,3,9,
49051,7261,771470,13,13,3,9,
49052,32256,771470,17,17,3,8,
49053,10893,771470,17,17,3,8,
49054,2225,771470,3,4,4,9,
49055,3007,771470,3,4,4,7,
49056,1457,771470,3,4,4,8,
49057,24237,771470,33,33,3,8,
49058,13798,771470,23,23,3,8,
49059,14025,771470,3,4,4,6,
49060,12728,771470,3,4,4,7,
49061,12706,771470,27,27,3,8,
49062,15350,771470,21,21,3,8,
49063,14312,771470,3,4,4,8,
49064,19933,771470,29,29,3,9,
49065,2461,771470,3,4,4,7,
49066,2793,771470,3,4,4,7,
49067,2879,771470,3,4,4,8,
49068,26276,771470,27,27,3,7,
49069,20879,771470,27,27,3,9,
49070,26849,771470,3,4,4,8,
49071,15178,771470,25,25,3,9,
49072,32168,771470,21,21,3,8,
49073,24144,771470,33,33,3,8,
49074,18510,771470,29,29,3,8,
49075,14345,771470,19,19,3,8,
49076,14590,771470,3,4,4,8,
49077,17488,771470,19,19,3,9,
49078,55157,771470,29,29,3,8,
49079,1799,771470,3,4,4,7,
49080,1470,771470,3,4,4,8,
49081,2098,771470,3,4,4,7,
49082,9929,771470,19,19,3,9,
49083,51047,771470,15,15,3,8,
49084,1061,771470,3,4,4,8,
49085,2334,771470,3,4,4,7,
49086,1810,771470,3,4,4,8,
49087,3316,771471,3,4,4,8,
49088,1537,771471,3,4,4,9,
49089,44131,771471,15,15,3,7,
49090,5372,771471,3,4,4,8,
49091,42743,771471,15,15,3,9,
49092,43136,771471,3,4,4,9,
49093,43062,771471,3,4,4,8,
49094,48693,771471,23,23,3,9,
49095,41053,771471,17,17,3,8,
49096,49123,771471,3,4,4,8,
49097,38823,771471,3,4,4,8,
49098,2255,771471,3,4,4,7,
49099,2723,771471,3,4,4,8,
49100,14978,771471,29,29,3,8,
49101,1904,771471,3,4,4,7,
49102,2112,771471,3,4,4,8,
49103,16030,771471,3,4,4,8,
49104,9781,771471,15,15,3,8,
49105,5502,771471,13,13,3,8,
49106,2009,771471,3,4,4,8,
49107,9472,771471,3,4,4,8,
49108,7864,771471,15,16,3,8,
49109,9893,771471,23,23,3,9,
49110,9375,771471,3,4,4,8,
49111,4279,771471,3,4,4,8,
49112,2329,771471,3,4,4,8,
49113,1957,771471,3,4,4,8,
49114,2804,771471,3,4,4,8,
49115,11915,771471,27,27,3,8,
49116,3473,771471,3,4,4,8,
49117,15637,771471,3,4,4,7,
49118,18638,771471,31,31,3,8,
49119,11548,771471,15,15,3,8,
49120,3174,771471,3,4,4,8,
49121,19543,771471,3,4,4,7,
49122,18298,771471,23,23,3,8,
49123,3239,771471,3,4,4,9,
49124,10370,771471,15,15,3,8,
49125,2604,771471,3,4,4,8,
49126,16551,771471,3,4,4,8,
49127,9905,771471,19,19,3,9,
49128,10850,771471,3,4,4,8,
49129,15489,771471,19,19,3,8,
49130,2912,771471,3,4,4,8,
49131,1893,771471,3,4,4,8,
49132,9595,771471,15,15,3,8,
49133,3030,771471,3,4,4,8,
49134,15223,771471,17,17,3,8,
49135,29232,771471,33,33,3,9,
49136,12547,771471,19,19,3,8,
49137,3361,771471,3,4,4,8,
49138,35053,771471,3,4,4,8,
49139,10380,771471,21,21,3,7,
49140,2535,771471,3,4,4,8,
49141,10973,771471,3,4,4,8,
49142,1463,771471,3,4,4,9,
49143,1281,771471,3,4,4,9,
49144,2279,771471,3,4,4,8,
49145,29901,771471,27,27,3,8,
49146,33084,771471,31,31,3,8,
49147,27888,771471,17,17,3,8,
49148,34685,771471,3,4,4,8,
49149,1142,771471,3,4,4,7,
49150,2105,771471,3,4,4,8,
49151,71898,771471,31,31,3,8,
49152,40968,771471,33,33,3,8,
49153,39905,771471,3,4,4,8,
49154,32567,771471,13,13,3,9,
49155,49665,771471,31,31,3,9,
49156,1527,771471,3,4,4,7,
49157,39542,771471,17,17,3,8,
49158,2825,771471,3,4,4,8,
49159,3477,771471,3,4,4,7,
49160,3783,771471,3,4,4,8,
49161,1546,771471,3,4,4,8,
49162,1834,771471,3,4,4,8,
49163,7982,771471,15,15,3,8,
49164,54656,771471,21,21,3,9,
49165,54408,771471,31,31,3,8,
49166,54623,771471,3,4,4,8,
49167,35861,771471,3,4,4,9,
49168,55533,771471,29,29,3,9,
49169,1254,771471,3,4,4,8,
49170,46550,771471,19,19,3,8,
49171,24280,771471,17,17,3,8,
49172,3286,771471,3,4,4,9,
49173,3696,771471,3,4,4,9,
49174,1718,771471,3,4,4,8,
49175,41220,771471,33,33,3,8,
49176,42663,771471,31,31,3,7,
49177,53999,771471,19,19,3,9,
49178,23646,771471,23,23,3,8,
49179,31799,771471,29,29,3,8,
49180,27647,771471,25,25,3,7,
49181,9074,771471,3,4,4,8,
49182,26740,771471,21,21,3,8,
49183,20410,771471,3,4,4,8,
49184,3024,771471,3,4,4,8,
49185,3671,771471,3,4,4,9,
49186,3540,771471,3,4,4,9,
49187,12696,771471,21,21,3,8,
49188,10307,771471,13,13,3,8,
49189,11008,771471,3,4,4,9,
49190,31258,771471,27,27,3,8,
49191,37736,771471,21,21,3,9,
49192,30912,771471,3,4,4,8,
49193,1256,771471,3,4,4,6,
49194,26293,771471,23,23,3,8,
49195,4675,771471,3,4,4,7,
49196,37757,771471,25,25,3,8,
49197,5958,771471,3,4,4,8,
49198,25236,771471,3,4,4,8,
49199,27014,771471,17,17,3,8,
49200,32192,771471,23,23,3,8,
49201,24060,771471,23,23,3,9,
49202,35926,771471,29,29,3,9,
49203,29094,771471,25,25,3,8,
49204,29948,771471,3,4,4,8,
49205,19021,771471,23,23,3,8,
49206,3832,771471,3,4,4,8,
49207,20348,771471,3,4,4,9,
49208,14386,771471,17,17,3,7,
49209,15095,771471,3,4,4,9,
49210,16699,771471,25,25,3,9,
49211,6224,771471,3,4,4,9,
49212,6483,771471,3,4,4,8,
49213,27615,771471,31,31,3,9,
49214,6036,771471,3,4,4,8,
49215,10734,771471,15,15,3,8,
49216,21121,771471,19,19,3,8,
49217,12947,771471,19,19,3,9,
49218,21646,771471,3,4,4,9,
49219,20622,771471,15,15,3,9,
49220,1455,771471,3,4,4,8,
49221,1409,771471,3,4,4,8,
49222,3288,771471,3,4,4,8,
49223,2632,771471,3,4,4,8,
49224,5629,771471,3,4,4,8,
49225,4165,771471,3,4,4,8,
49226,21388,771471,27,27,3,7,
49227,30360,771471,33,33,3,8,
49228,27371,771471,25,25,3,9,
49229,13548,771471,23,23,3,8,
49230,20255,771471,27,27,3,8,
49231,24549,771471,3,4,4,8,
49232,8761,771471,13,13,3,8,
49233,15370,771471,23,23,3,8,
49234,5901,771471,3,4,4,8,
49235,7008,771471,3,4,4,9,
49236,3119,771471,3,4,4,8,
49237,32015,771471,31,31,3,8,
49238,9441,771471,3,4,4,8,
49239,31371,771471,3,4,4,8,
49240,21786,771471,21,21,3,9,
49241,13087,771471,15,15,3,7,
49242,11053,771471,3,4,4,9,
49243,25888,771471,31,31,3,8,
49244,2020,771471,3,4,4,8,
49245,23479,771471,23,23,3,8,
49246,1725,771471,3,4,4,8,
49247,9551,771471,13,13,3,8,
49248,1865,771471,3,4,4,8,
49249,12463,771471,15,15,3,9,
49250,12609,771471,3,4,4,8,
49251,25618,771471,25,25,3,8,
49252,28916,771471,21,21,3,7,
49253,20433,771471,23,23,3,8,
49254,20920,771471,21,21,3,8,
49255,2565,771471,3,4,4,9,
49256,29697,771471,27,27,3,9,
49257,30193,771471,3,4,4,9,
49258,34696,771471,29,29,3,8,
49259,30930,771471,27,27,3,8,
49260,1416,771471,3,4,4,8,
49261,2414,771471,3,4,4,9,
49262,28874,771471,29,29,3,9,
49263,27141,771471,3,4,4,8,
49264,1823,771471,3,4,4,7,
49265,2655,771471,3,4,4,8,
49266,5919,771471,3,4,4,8,
49267,2976,771471,3,4,4,9,
49268,7512,771471,3,4,4,9,
49269,55388,771471,23,23,3,9,
49270,51410,771471,3,4,4,8,
49271,52753,771471,31,31,3,8,
49272,51308,771471,3,4,4,9,
49273,1948,771471,3,4,4,8,
49274,2228,771471,3,4,4,8,
49275,53110,771471,33,33,3,8,
49276,50783,771471,23,23,3,8,
49277,4020,771471,3,4,4,8,
49278,1876,771471,3,4,4,8,
49279,48650,771471,21,21,3,8,
49280,46336,771471,15,15,3,8,
49281,44506,771471,21,21,3,9,
49282,45426,771471,3,4,4,9,
49283,1462,771471,3,4,4,9,
49284,12281,771471,17,17,3,9,
49285,11818,771471,3,4,4,8,
49286,2501,771471,3,4,4,9,
49287,22483,771471,27,27,3,9,
49288,22393,771471,31,31,3,8,
49289,20175,771471,25,25,3,8,
49290,11448,771471,19,19,3,9,
49291,18524,771471,29,29,3,8,
49292,2257,771471,3,4,4,8,
49293,18656,771471,3,4,4,8,
49294,20975,771471,29,29,3,9,
49295,14371,771471,25,25,3,8,
49296,22517,771471,25,25,3,9,
49297,8501,771471,19,19,3,9,
49298,25685,771471,19,19,3,9,
49299,14742,771471,3,4,4,9,
49300,21103,771471,25,25,3,8,
49301,25094,771471,31,31,3,8,
49302,2730,771471,3,4,4,8,
49303,27329,771471,27,27,3,7,
49304,26110,771471,21,21,3,7,
49305,20352,771471,21,21,3,8,
49306,21269,771471,3,4,4,9,
49307,14933,771471,17,17,3,9,
49308,4493,771471,3,4,4,9,
49309,1418,771471,3,4,4,9,
49310,2234,771471,3,4,4,9,
49311,2969,771471,3,4,4,9,
49312,7538,771471,13,13,3,9,
49313,11181,771471,3,4,4,8,
49314,7457,771471,3,4,4,8,
49315,12332,771471,23,23,3,9,
49316,3544,771471,3,4,4,8,
49317,2674,771471,3,4,4,9,
49318,4008,771471,3,4,4,7,
49319,2789,771471,3,4,4,9,
49320,2739,771471,3,4,4,9,
49321,22077,771471,33,33,3,8,
49322,15528,771471,25,25,3,8,
49323,8739,771471,19,19,3,8,
49324,16608,771471,3,4,4,9,
49325,9006,771471,3,4,4,8,
49326,1759,771471,3,4,4,8,
49327,21181,771471,3,4,4,8,
49328,4084,771471,3,4,4,8,
49329,18919,771471,29,29,3,8,
49330,18493,771471,3,4,4,9,
49331,28635,771471,31,31,3,8,
49332,17192,771471,25,25,3,8,
49333,2753,771471,3,4,4,9,
49334,1749,771471,3,4,4,9,
49335,1810,771471,3,4,4,9,
49336,31614,771471,27,27,3,8,
49337,32280,771471,29,29,3,8,
49338,3184,771471,3,4,4,9,
49339,14229,771471,19,19,3,9,
49340,25504,771471,27,27,3,8,
49341,2535,771471,3,4,4,8,
49342,13903,771471,21,21,3,9,
49343,20727,771471,23,24,3,8,
49344,2183,771471,3,4,4,9,
49345,3608,771471,3,4,4,9,
49346,19865,771471,25,25,3,8,
49347,11592,771471,3,4,4,9,
49348,17804,771471,3,4,4,8,
49349,13605,771471,3,4,4,8,
49350,17952,771471,19,19,3,8,
49351,1654,771471,3,4,4,9,
49352,1766,771471,3,4,4,9,
49353,3089,771471,3,4,4,9,
49354,3221,771471,3,4,4,8,
49355,7952,771471,15,15,3,8,
49356,12704,771471,3,4,4,9,
49357,8599,771471,3,4,4,8,
49358,3485,771471,3,4,4,9,
49359,13905,771471,27,27,3,9,
49360,1703,771471,3,4,4,7,
49361,2937,771471,3,4,4,8,
49362,14003,771471,3,4,4,8,
49363,19680,771471,31,31,3,9,
49364,20278,771471,3,4,4,8,
49365,14445,771471,23,23,3,8,
49366,8420,771471,17,17,3,8,
49367,1791,771471,3,4,4,9,
49368,1780,771471,3,4,4,9,
49369,12192,771471,23,23,3,8,
49370,3474,771471,3,4,4,9,
49371,14093,771471,21,21,3,9,
49372,12061,771471,17,17,3,8,
49373,11268,771471,3,4,4,8,
49374,5548,771471,3,4,4,8,
49375,1792,771471,3,4,4,9,
49376,1080,771471,3,4,4,9,
49377,2122,771471,3,4,4,9,
49378,2522,771471,3,4,4,8,
49379,19319,771471,31,31,3,9,
49380,8011,771471,15,15,3,8,
49381,13449,771471,25,25,3,8,
49382,8306,771471,3,4,4,9,
49383,36913,771471,31,31,3,8,
49384,40197,771471,25,25,3,8,
49385,40920,771471,3,4,4,8,
49386,45961,771471,33,33,3,9,
49387,7912,771471,13,13,3,8,
49388,38230,771471,29,29,3,9,
49389,39190,771471,33,33,3,9,
49390,35720,771471,23,23,3,8,
49391,27408,771471,3,4,4,8,
49392,26957,771471,3,4,4,9,
49393,6919,771471,3,4,4,8,
49394,1792,771471,3,4,4,8,
49395,12596,771471,23,23,3,8,
49396,9939,771471,15,15,3,8,
49397,12285,771471,3,4,4,8,
49398,16377,771471,21,21,3,8,
49399,18888,771471,29,29,3,8,
49400,18416,771471,19,19,3,8,
49401,10349,771471,19,19,3,8,
49402,14702,771471,25,25,3,9,
49403,17889,771471,33,33,3,9,
49404,13127,771471,3,4,4,8,
49405,9191,771471,3,4,4,9,
49406,1791,771471,3,4,4,8,
49407,16995,771471,29,29,3,9,
49408,7953,771471,3,4,4,7,
49409,17665,771471,3,4,4,9,
49410,3308,771471,3,4,4,9,
49411,5900,771471,3,4,4,8,
49412,2080,771471,3,4,4,8,
49413,8963,771471,13,13,3,8,
49414,23119,771471,31,31,3,8,
49415,1850,771471,3,4,4,9,
49416,9474,771471,21,21,3,8,
49417,15942,771471,27,27,3,8,
49418,7610,771471,3,4,4,8,
49419,16368,771471,3,4,4,8,
49420,16739,771471,29,29,3,9,
49421,12300,771471,17,17,3,9,
49422,12016,771471,19,19,3,8,
49423,11740,771471,21,21,3,8,
49424,12424,771471,3,4,4,9,
49425,13153,771471,3,4,4,9,
49426,10802,771471,19,19,3,8,
49427,3240,771471,3,4,4,8,
49428,1541,771471,3,4,4,8,
49429,17857,771471,25,25,3,9,
49430,13269,771471,23,23,3,8,
49431,17788,771471,3,4,4,8,
49432,23286,771471,33,33,3,8,
49433,21988,771471,31,31,3,8,
49434,6173,771471,13,13,3,9,
49435,21806,771471,3,4,4,7,
49436,2679,771471,3,4,4,8,
49437,18539,771471,31,31,3,8,
49438,1580,771471,3,4,4,9,
49439,18949,771471,27,27,3,8,
49440,13169,771471,25,25,3,8,
49441,14095,771471,21,21,3,9,
49442,11402,771471,3,4,4,9,
49443,1703,771471,3,4,4,9,
49444,2574,771471,3,4,4,9,
49445,16432,771471,21,21,3,8,
49446,5292,771471,3,4,4,8,
49447,1595,771471,3,4,4,7,
49448,24003,771471,25,25,3,8,
49449,16972,771471,29,29,3,8,
49450,18469,771471,29,29,3,8,
49451,17543,771471,3,4,4,8,
49452,2431,771471,3,4,4,8,
49453,19699,771471,29,29,3,8,
49454,7208,771471,13,13,3,8,
49455,2499,771471,3,4,4,8,
49456,6934,771471,3,4,4,8,
49457,1990,771471,3,4,4,9,
49458,2525,771471,3,4,4,9,
49459,2897,771471,3,4,4,9,
49460,2557,771471,3,4,4,9,
49461,8025,771471,13,13,3,8,
49462,23484,771471,27,27,3,8,
49463,23608,771471,33,33,3,8,
49464,23198,771471,31,31,3,8,
49465,9743,771471,3,4,4,9,
49466,1747,771471,3,4,4,8,
49467,16637,771471,21,21,3,7,
49468,2243,771471,3,4,4,8,
49469,17989,771471,25,25,3,8,
49470,1523,771471,3,4,4,9,
49471,16954,771471,3,4,4,8,
49472,13867,771471,25,25,3,8,
49473,11967,771471,15,15,3,8,
49474,4004,771471,3,4,4,9,
49475,3169,771471,3,4,4,9,
49476,1253,771471,3,4,4,9,
49477,1416,771471,3,4,4,9,
49478,20189,771471,21,21,3,9,
49479,13572,771471,25,25,3,9,
49480,2748,771471,3,4,4,8,
49481,1547,771471,3,4,4,7,
49482,7238,771471,17,17,3,8,
49483,26162,771471,31,32,3,8,
49484,2599,771471,3,4,4,8,
49485,13750,771471,21,21,3,8,
49486,15560,771471,3,4,4,8,
49487,2099,771471,3,4,4,8,
49488,17131,771471,27,27,3,9,
49489,17239,771471,23,23,3,8,
49490,18465,771471,3,4,4,9,
49491,6539,771471,13,13,3,9,
49492,19982,771471,3,4,4,8,
49493,6308,771471,3,4,4,8,
49494,11684,771471,25,25,3,9,
49495,22814,771471,33,33,3,9,
49496,3848,771471,3,4,4,8,
49497,19253,771471,25,25,3,9,
49498,1954,771471,3,4,4,8,
49499,22594,771471,27,27,3,7,
49500,17244,771471,23,23,3,8,
49501,35002,771471,3,4,4,7,
49502,3150,771471,3,4,4,9,
49503,16999,771471,3,4,4,9,
49504,1263,771471,3,4,4,8,
49505,1215,771471,3,4,4,8,
49506,74923,771471,29,29,3,9,
49507,1474,771471,3,4,4,8,
49508,109754,771471,3,4,4,8,
49509,15673,771471,17,17,3,7,
49510,7542,771471,15,15,3,8,
49511,5848,771471,3,4,4,7,
49512,17479,771471,3,4,4,7,
49513,12946,771471,3,4,4,7,
49514,102945,771471,15,15,3,9,
49515,137333,771471,33,33,3,7,
49516,130134,771471,23,23,3,7,
49517,92359,771471,23,23,3,7,
49518,131787,771471,23,23,3,7,
49519,88411,771471,19,19,3,8,
49520,129782,771471,21,21,3,8,
49521,82751,771471,13,13,3,9,
49522,2430,771471,3,4,4,9,
49523,50592,771471,29,29,3,9,
49524,50894,771471,3,4,4,8,
49525,48438,771471,23,23,3,7,
49526,45224,771471,3,4,4,8,
49527,49498,771471,31,31,3,8,
49528,48746,771471,3,4,4,8,
49529,4946,771471,3,4,4,7,
49530,2667,771471,3,4,4,7,
49531,9505,771471,21,21,3,9,
49532,2205,771471,3,4,4,7,
49533,28450,771471,21,21,3,8,
49534,29248,771471,23,23,3,6,
49535,3037,771471,3,4,4,7,
49536,8419,771471,15,15,3,7,
49537,29217,771471,3,4,4,8,
49538,4630,771471,3,4,4,8,
49539,22577,771471,3,4,4,8,
49540,2895,771471,3,4,4,8,
49541,37533,771471,33,33,3,8,
49542,2686,771471,3,4,4,9,
49543,21811,771471,3,4,4,7,
49544,18264,771471,3,4,4,8,
49545,37589,771471,3,4,4,8,
49546,2208,771471,3,4,4,7,
49547,17804,771471,25,25,3,8,
49548,2792,771471,3,4,4,8,
49549,19372,771471,3,4,4,8,
49550,2551,771471,3,4,4,7,
49551,2517,771471,3,4,4,8,
49552,8135,771471,13,13,3,8,
49553,16367,771471,23,23,3,7,
49554,16244,771471,23,23,3,8,
49555,17875,771471,3,4,4,6,
49556,17319,771471,21,21,3,6,
49557,32872,771471,21,22,3,8,
49558,11447,771471,3,4,4,8,
49559,21599,771471,29,29,3,6,
49560,4141,771471,3,4,4,8,
49561,6021,771471,3,4,4,8,
49562,19495,771471,3,4,4,5,
49563,1463,771471,3,4,4,6,
49564,3967,771471,3,4,4,7,
49565,16585,771471,3,4,4,7,
49566,10557,771471,19,19,3,8,
49567,19835,771471,27,27,3,7,
49568,4097,771471,3,4,4,8,
49569,9228,771471,3,4,4,8,
49570,9389,771471,15,15,3,8,
49571,11917,771471,17,17,3,7,
49572,7222,771471,13,13,3,8,
49573,2907,771471,3,4,4,8,
49574,3399,771471,3,4,4,7,
49575,9599,771471,3,4,4,8,
49576,22102,771471,31,31,3,8,
49577,3398,771471,3,4,4,7,
49578,1728,771471,3,4,4,5,
49579,28710,771471,31,31,3,7,
49580,1437,771471,3,4,4,6,
49581,22345,771471,27,27,3,7,
49582,2422,771471,3,4,4,7,
49583,4298,771471,3,4,4,7,
49584,1978,771471,3,4,4,8,
49585,27798,771471,3,4,4,7,
49586,17597,771471,17,17,3,8,
49587,11976,771471,15,15,3,9,
49588,20004,771471,23,23,3,8,
49589,22858,771471,33,33,3,9,
49590,15900,771471,19,19,3,8,
49591,18052,771471,29,29,3,8,
49592,13177,771471,19,19,3,8,
49593,5112,771471,3,4,4,9,
49594,26882,771471,27,27,3,9,
49595,9109,771471,3,4,4,9,
49596,18051,771471,17,17,3,9,
49597,31149,771471,29,29,3,8,
49598,23789,771471,25,25,3,8,
49599,30322,771471,3,4,4,8,
49600,93469,771471,27,27,3,8,
49601,589,771471,3,4,4,7,
49602,18235,771471,33,33,3,8,
49603,23861,771471,27,27,3,8,
49604,8641,771471,17,17,3,9,
49605,18257,771471,3,4,4,9,
49606,15385,771471,3,4,4,9,
49607,11633,771471,21,21,3,9,
49608,73420,771471,3,4,4,9,
49609,69220,771471,23,23,3,8,
49610,6540,771471,17,17,3,8,
49611,68784,771471,27,27,3,9,
49612,4573,771471,3,4,4,9,
49613,70578,771471,25,25,3,8,
49614,70253,771471,21,21,3,8,
49615,70517,771471,3,4,4,8,
49616,59761,771471,13,13,3,8,
49617,3311,771471,3,4,4,9,
49618,61121,771471,15,15,3,8,
49619,49861,771471,21,21,3,9,
49620,17915,771472,29,29,3,8,
49621,8134,771472,15,15,3,9,
49622,22731,771472,29,29,3,7,
49623,13810,771472,23,23,3,8,
49624,8838,771472,3,4,4,9,
49625,6154,771472,13,13,3,9,
49626,17848,771472,29,29,3,8,
49627,16680,771472,27,27,3,8,
49628,13782,771472,21,21,3,9,
49629,16731,771472,3,4,4,9,
49630,7534,771472,3,4,4,8,
49631,1433,771472,3,4,4,9,
49632,11126,771472,27,27,3,8,
49633,11328,771472,3,4,4,9,
49634,2431,771472,3,4,4,8,
49635,11167,771472,17,17,3,9,
49636,15708,771472,27,27,3,8,
49637,13933,771472,19,19,3,9,
49638,3356,771472,3,4,4,8,
49639,19415,771472,29,29,3,9,
49640,16460,771472,27,27,3,8,
49641,4712,771472,3,4,4,8,
49642,19422,771472,29,29,3,8,
49643,12956,771472,17,17,3,9,
49644,19005,771472,3,4,4,8,
49645,12605,771472,3,4,4,8,
49646,1952,771472,3,4,4,8,
49647,10041,771472,19,19,3,8,
49648,14302,771472,19,19,3,9,
49649,8403,771472,13,13,3,8,
49650,12844,771472,29,29,3,9,
49651,9649,771472,21,21,3,8,
49652,10218,771472,3,4,4,9,
49653,22106,771472,29,29,3,7,
49654,2724,771472,3,4,4,9,
49655,5946,771472,3,4,4,9,
49656,11480,771472,19,19,3,9,
49657,14601,771472,3,4,4,8,
49658,17346,771472,31,31,3,7,
49659,18234,771472,3,4,4,8,
49660,18842,771472,33,33,3,8,
49661,2851,771472,3,4,4,8,
49662,10616,771472,13,13,3,8,
49663,11178,771472,15,15,3,8,
49664,11388,771472,3,4,4,8,
49665,10268,771472,3,4,4,9,
49666,4237,771472,3,4,4,8,
49667,2160,771472,3,4,4,8,
49668,2156,771472,3,4,4,7,
49669,13880,771472,23,23,3,8,
49670,2901,771472,3,4,4,8,
49671,14994,771472,21,21,3,8,
49672,11531,771472,17,17,3,6,
49673,26527,771472,29,29,3,7,
49674,15620,771472,15,15,3,7,
49675,9806,771472,21,21,3,8,
49676,2270,771472,3,4,4,8,
49677,12171,771472,3,4,4,8,
49678,19257,771472,33,33,3,8,
49679,21884,771472,33,33,3,8,
49680,13972,771472,23,23,3,9,
49681,10828,771472,3,4,4,8,
49682,9964,771472,13,13,3,8,
49683,9570,771472,17,17,3,9,
49684,8870,771472,3,4,4,8,
49685,5208,771472,15,15,3,9,
49686,3249,771472,3,4,4,9,
49687,17446,771472,23,23,3,9,
49688,7580,771472,15,15,3,8,
49689,7878,771472,3,4,4,9,
49690,15050,771472,25,25,3,9,
49691,1734,771472,3,4,4,8,
49692,14595,771472,31,31,3,8,
49693,14645,771472,3,4,4,8,
49694,16970,771472,27,27,3,9,
49695,17989,771472,31,31,3,8,
49696,17252,771472,3,4,4,9,
49697,1754,771472,3,4,4,8,
49698,27328,771472,23,23,3,9,
49699,2386,771472,3,4,4,9,
49700,2171,771472,3,4,4,9,
49701,1676,771472,3,4,4,9,
49702,24574,771472,29,29,3,9,
49703,9785,771472,17,17,3,8,
49704,7728,771472,13,13,3,8,
49705,26073,771472,31,31,3,9,
49706,15923,771472,27,27,3,8,
49707,22317,771472,29,29,3,9,
49708,3125,771472,3,4,4,8,
49709,18432,771472,19,19,3,8,
49710,18505,771472,31,31,3,8,
49711,36818,771472,33,33,3,8,
49712,13746,771472,3,4,4,8,
49713,8125,771472,19,19,3,9,
49714,10038,771472,15,15,3,8,
49715,19507,771472,31,31,3,8,
49716,14080,771472,27,27,3,9,
49717,1705,771472,3,4,4,9,
49718,9006,771472,15,15,3,9,
49719,26704,771472,33,33,3,8,
49720,3764,771472,3,4,4,9,
49721,11927,771472,19,19,3,9,
49722,19687,771472,3,4,4,8,
49723,14709,771472,27,27,3,8,
49724,24369,771472,23,23,3,9,
49725,20597,771472,27,27,3,8,
49726,17847,771472,25,25,3,9,
49727,11547,771472,19,19,3,8,
49728,15307,771472,3,4,4,8,
49729,9230,771472,3,4,4,9,
49730,55809,771472,25,25,3,9,
49731,46872,771472,13,13,3,8,
49732,52364,771472,21,21,3,8,
49733,58081,771472,31,31,3,9,
49734,58506,771472,3,4,4,9,
49735,2777,771472,3,4,4,8,
49736,66634,771472,25,25,3,8,
49737,3613,771472,3,4,4,8,
49738,59076,771472,29,29,3,8,
49739,62747,771472,31,31,3,8,
49740,48546,771472,23,23,3,8,
49741,15665,771472,13,13,3,9,
49742,5552,771472,3,4,4,9,
49743,18699,771472,3,4,4,8,
49744,3104,771472,3,4,4,8,
49745,23105,771472,31,31,3,9,
49746,12930,771472,17,17,3,9,
49747,7624,771472,13,13,3,8,
49748,16872,771472,25,25,3,9,
49749,15103,771472,21,21,3,8,
49750,15759,771472,3,4,4,8,
49751,11980,771472,19,19,3,8,
49752,10464,771472,3,4,4,9,
49753,1767,771472,3,4,4,9,
49754,2260,771472,3,4,4,8,
49755,12980,771472,17,17,3,9,
49756,3185,771472,3,4,4,8,
49757,8279,771472,13,13,3,9,
49758,4567,771472,3,4,4,8,
49759,4892,771472,3,4,4,8,
49760,13261,771472,17,17,3,8,
49761,18012,771472,23,23,3,7,
49762,14325,771472,25,25,3,8,
49763,14324,771472,3,4,4,8,
49764,808,771472,3,4,4,7,
49765,10611,771472,15,15,3,8,
49766,18320,771472,3,4,4,8,
49767,5673,771472,13,13,3,8,
49768,12920,771472,3,4,4,8,
49769,7801,771472,13,13,3,8,
49770,6114,771472,15,15,3,9,
49771,15784,771472,29,29,3,9,
49772,14464,771472,23,23,3,7,
49773,8289,771472,15,15,3,8,
49774,2823,771472,3,4,4,8,
49775,5362,771472,3,4,4,9,
49776,29535,771472,31,31,3,8,
49777,11061,771472,3,4,4,7,
49778,20838,771472,17,17,3,7,
49779,11659,771472,19,19,3,8,
49780,18091,771472,25,25,3,8,
49781,11461,771472,3,4,4,9,
49782,19834,771472,3,4,4,7,
49783,4294,771472,3,4,4,9,
49784,20487,771472,17,17,3,8,
49785,19973,771472,3,4,4,8,
49786,22863,771472,21,21,3,9,
49787,31637,771472,21,21,3,8,
49788,2737,771472,3,4,4,8,
49789,24471,771472,31,31,3,8,
49790,19406,771472,3,4,4,7,
49791,12124,771472,19,19,3,8,
49792,7972,771472,21,21,3,8,
49793,22063,771472,15,15,3,9,
49794,5142,771472,3,4,4,8,
49795,9289,771472,13,13,3,9,
49796,9014,771472,3,4,4,8,
49797,11574,771472,19,19,3,8,
49798,11853,771472,19,19,3,8,
49799,29195,771472,29,29,3,8,
49800,18495,771472,29,29,3,9,
49801,909,771472,3,4,4,8,
49802,1044,771472,3,4,4,8,
49803,970,771472,3,4,4,9,
49804,1279,771472,3,4,4,8,
49805,15385,771472,21,21,3,9,
49806,17251,771472,27,27,3,8,
49807,9982,771472,17,17,3,8,
49808,23841,771472,15,15,3,8,
49809,17403,771472,25,25,3,9,
49810,19451,771472,3,4,4,8,
49811,17317,771472,3,4,4,9,
49812,22727,771472,25,25,3,9,
49813,117661,771472,33,33,3,9,
49814,35920,771472,29,29,3,9,
49815,8025,771472,13,13,3,9,
49816,66650,771472,25,25,3,9,
49817,102927,771472,19,19,3,9,
49818,101424,771472,27,27,3,7,
49819,101649,771472,29,29,3,8,
49820,103445,771472,3,4,4,9,
49821,102289,771472,29,29,3,8,
49822,23913,771472,17,17,3,8,
49823,5430,771472,3,4,4,9,
49824,79799,771472,3,4,4,8,
49825,97614,771472,31,31,3,9,
49826,101042,771472,33,33,3,9,
49827,44269,771472,3,4,4,9,
49828,29521,771472,31,31,3,8,
49829,38930,771472,19,19,3,9,
49830,39243,771472,33,33,3,8,
49831,38575,771472,3,4,4,8,
49832,25240,771472,25,25,3,8,
49833,26259,771472,33,33,3,8,
49834,27810,771472,31,31,3,8,
49835,25595,771472,21,21,3,9,
49836,18822,771472,23,23,3,8,
49837,15139,771472,3,4,4,9,
49838,8260,771472,3,4,4,8,
49839,52339,771472,21,21,3,8,
49840,49898,771472,21,21,3,9,
49841,12699,771472,27,27,3,8,
49842,50575,771472,3,4,4,9,
49843,1682,771472,3,4,4,8,
49844,3804,771472,3,4,4,8,
49845,47520,771472,13,13,3,9,
49846,4766,771472,3,4,4,8,
49847,53042,771472,27,27,3,8,
49848,3009,771472,3,4,4,9,
49849,56308,771472,33,33,3,8,
49850,44683,771472,13,13,3,9,
49851,54498,771472,17,17,3,8,
49852,44155,771472,3,4,4,8,
49853,2976,771472,3,4,4,8,
49854,2366,771472,3,4,4,8,
49855,19002,771472,27,27,3,8,
49856,2622,771472,3,4,4,9,
49857,35936,771472,3,4,4,9,
49858,38935,771472,31,31,3,9,
49859,5260,771472,13,13,3,9,
49860,7515,771472,3,4,4,8,
49861,9096,771472,15,15,3,9,
49862,9574,771472,3,4,4,8,
49863,36189,771472,27,27,3,8,
49864,32714,771472,23,23,3,9,
49865,25376,771472,13,13,3,9,
49866,75170,771472,29,29,3,7,
49867,32115,771472,21,21,3,8,
49868,66875,771472,3,4,4,8,
49869,75037,771472,3,4,4,9,
49870,54767,771472,29,29,3,8,
49871,10893,771472,19,19,3,9,
49872,44732,771472,23,23,3,9,
49873,53822,771472,23,23,3,9,
49874,44648,771472,3,4,4,7,
49875,58100,771472,27,27,3,8,
49876,62320,771472,27,27,3,8,
49877,40797,771472,3,4,4,8,
49878,23874,771472,25,25,3,8,
49879,14841,771472,13,13,3,9,
49880,22785,771472,3,4,4,7,
49881,50753,771472,31,31,3,8,
49882,16649,771472,17,17,3,8,
49883,3172,771472,3,4,4,9,
49884,22306,771472,29,29,3,8,
49885,21373,771472,3,4,4,9,
49886,9733,771472,3,4,4,8,
49887,2454,771472,3,4,4,8,
49888,24069,771472,19,19,3,8,
49889,24450,771472,3,4,4,8,
49890,12787,771472,19,19,3,8,
49891,21384,771472,23,23,3,9,
49892,15705,771472,17,17,3,9,
49893,2311,771472,3,4,4,9,
49894,31818,771472,33,33,3,8,
49895,19962,771472,31,31,3,8,
49896,17977,771472,25,25,3,8,
49897,22711,771472,25,25,3,8,
49898,4329,771472,3,4,4,9,
49899,1756,771472,3,4,4,8,
49900,8822,771472,17,17,3,8,
49901,8608,771472,3,4,4,8,
49902,10238,771472,3,4,4,8,
49903,1621,771472,3,4,4,8,
49904,3609,771472,3,4,4,8,
49905,9994,771472,13,13,3,8,
49906,11070,771472,15,15,3,9,
49907,16603,771472,25,25,3,8,
49908,17284,771472,33,33,3,9,
49909,21624,771472,29,29,3,8,
49910,23174,771472,3,4,4,8,
49911,6555,771472,3,4,4,9,
49912,12756,771472,21,21,3,7,
49913,14115,771472,27,27,3,9,
49914,8844,771472,3,4,4,8,
49915,19800,771472,31,31,3,8,
49916,13404,771472,29,29,3,9,
49917,20556,771472,3,4,4,9,
49918,8763,771472,17,17,3,8,
49919,29819,771472,19,19,3,7,
49920,8521,771472,3,4,4,8,
49921,3160,771472,3,4,4,9,
49922,12563,771472,21,21,3,8,
49923,10170,771472,19,19,3,9,
49924,26701,771472,3,4,4,8,
49925,18537,771472,19,19,3,8,
49926,16003,771472,25,25,3,8,
49927,22090,771472,3,4,4,8,
49928,20364,771472,31,31,3,9,
49929,16950,771472,29,29,3,8,
49930,16703,771472,3,4,4,7,
49931,8510,771472,17,17,3,8,
49932,11764,771472,3,4,4,8,
49933,29745,771472,21,21,3,8,
49934,37203,771472,23,23,3,8,
49935,2764,771472,3,4,4,7,
49936,35172,771472,27,27,3,8,
49937,24127,771472,15,15,3,7,
49938,3615,771472,3,4,4,8,
49939,6896,771472,3,4,4,8,
49940,32215,771472,25,25,3,7,
49941,21025,771472,15,15,3,8,
49942,2090,771472,3,4,4,8,
49943,5253,771472,3,4,4,9,
49944,37569,771472,29,29,3,9,
49945,38321,771472,3,4,4,9,
49946,25627,771472,23,23,3,9,
49947,24208,771472,25,25,3,9,
49948,13612,771472,3,4,4,8,
49949,2316,771472,3,4,4,8,
49950,38993,771472,33,33,3,9,
49951,27832,771472,33,33,3,9,
49952,6877,771472,3,4,4,8,
49953,1721,771472,3,4,4,8,
49954,12339,771472,17,17,3,8,
49955,6769,771472,15,15,3,7,
49956,10801,771472,3,4,4,8,
49957,6764,771472,3,4,4,8,
49958,2796,771472,3,4,4,9,
49959,2758,771472,3,4,4,8,
49960,2931,771472,3,4,4,8,
49961,17837,771472,25,25,3,9,
49962,2190,771472,3,4,4,8,
49963,2900,771472,3,4,4,8,
49964,17187,771472,3,4,4,8,
49965,16200,771472,19,19,3,8,
49966,2485,771472,3,4,4,8,
49967,17018,771472,21,21,3,8,
49968,18835,771472,31,31,3,7,
49969,17837,771472,25,25,3,8,
49970,15888,771472,3,4,4,7,
49971,14224,771472,25,25,3,8,
49972,8106,771472,3,4,4,7,
49973,3000,771472,3,4,4,7,
49974,6405,771472,3,4,4,9,
49975,3123,771472,3,4,4,8,
49976,14059,771472,21,21,3,8,
49977,21527,771472,25,25,3,7,
49978,13531,771472,21,21,3,7,
49979,15559,771472,3,4,4,7,
49980,9761,771472,17,17,3,8,
49981,11636,771472,17,17,3,9,
49982,13423,771472,19,19,3,7,
49983,19629,771472,25,25,3,8,
49984,12011,771472,3,4,4,8,
49985,12095,771472,3,4,4,8,
49986,23852,771472,31,31,3,9,
49987,26492,771472,33,33,3,9,
49988,10113,771472,15,15,3,8,
49989,38670,771472,29,29,3,8,
49990,37138,771472,33,33,3,7,
49991,1639,771472,3,4,4,8,
49992,8084,771472,3,4,4,8,
49993,11152,771472,15,15,3,8,
49994,22804,771472,31,31,3,8,
49995,15188,771472,3,4,4,8,
49996,26113,771472,23,23,3,9,
49997,2123,771472,3,4,4,8,
49998,25476,771472,27,27,3,9,
49999,23877,771472,3,4,4,8,
50000,10515,771472,23,23,3,9,
50001,18273,771472,17,17,3,9,
50002,23788,771472,31,31,3,9,
50003,9449,771472,3,4,4,8,
50004,17686,771472,27,27,3,8,
50005,22738,771472,31,31,3,9,
50006,1134,771472,3,4,4,9,
50007,19315,771472,23,23,3,8,
50008,20818,771472,3,4,4,9,
50009,10750,771472,21,21,3,8,
50010,13376,771472,19,19,3,7,
50011,1977,771472,3,4,4,8,
50012,13276,771472,21,21,3,8,
50013,26817,771472,17,17,3,9,
50014,11377,771472,3,4,4,7,
50015,6531,771472,3,4,4,8,
50016,24966,771472,25,25,3,8,
50017,5097,771472,3,4,4,9,
50018,10996,771472,17,17,3,8,
50019,10441,771472,3,4,4,7,
50020,24423,771472,25,25,3,7,
50021,2487,771472,3,4,4,8,
50022,5993,771472,3,4,4,9,
50023,20443,771472,27,27,3,8,
50024,23789,771472,25,25,3,8,
50025,26859,771472,31,31,3,9,
50026,29958,771472,33,33,3,9,
50027,18979,771472,17,17,3,8,
50028,6837,771472,17,17,3,8,
50029,7316,771472,3,4,4,9,
50030,7126,771472,3,4,4,9,
50031,62200,771472,33,33,3,7,
50032,64239,771472,3,4,4,9,
50033,1589,771472,3,4,4,9,
50034,1284,771472,3,4,4,8,
50035,10208,771472,15,15,3,9,
50036,11953,771472,19,19,3,8,
50037,14691,771472,27,27,3,8,
50038,49858,771472,27,27,3,9,
50039,9565,771472,3,4,4,7,
50040,4621,771472,3,4,4,9,
50041,46934,771472,27,27,3,7,
50042,45857,771472,17,17,3,8,
50043,42822,771472,13,13,3,8,
50044,1612,771472,3,4,4,8,
50045,4248,771472,3,4,4,8,
50046,45049,771472,33,33,3,7,
50047,41636,771472,29,29,3,7,
50048,52848,771472,27,27,3,8,
50049,38312,771472,13,13,3,8,
50050,13155,771472,23,23,3,7,
50051,24871,771472,29,29,3,8,
50052,16039,771472,21,21,3,6,
50053,12043,771472,3,4,4,7,
50054,14272,771472,19,21,3,7,
50055,2630,771472,3,4,4,8,
50056,11903,771472,3,4,4,8,
50057,15382,771472,3,4,4,9,
50058,2313,771472,3,4,4,9,
50059,16194,771472,27,27,3,9,
50060,10284,771472,19,19,3,8,
50061,14000,771472,21,21,3,8,
50062,14844,771472,23,23,3,9,
50063,17892,771472,3,4,4,8,
50064,19618,771472,3,4,4,9,
50065,2580,771472,3,4,4,9,
50066,15676,771472,15,15,3,7,
50067,5826,771472,3,4,4,8,
50068,9498,771472,15,15,3,8,
50069,16103,771472,19,19,3,8,
50070,10226,771472,3,4,4,8,
50071,8949,771472,13,13,3,8,
50072,11057,771472,3,4,4,8,
50073,6679,771472,3,4,4,8,
50074,3842,771472,3,4,4,8,
50075,16533,771472,21,21,3,8,
50076,15689,771472,27,27,3,7,
50077,2537,771472,3,4,4,7,
50078,7802,771472,13,13,3,8,
50079,4182,771472,3,4,4,9,
50080,14668,771472,3,4,4,7,
50081,16393,771472,3,4,4,6,
50082,12540,771472,21,21,3,8,
50083,7686,771472,3,4,4,8,
50084,8806,771472,19,19,3,8,
50085,16275,771472,25,25,3,8,
50086,16658,771472,3,4,4,8,
50087,4848,771472,3,4,4,9,
50088,2014,771472,3,4,4,8,
50089,6085,771472,3,4,4,9,
50090,31990,771472,33,33,3,8,
50091,5083,771472,3,4,4,8,
50092,2525,771472,3,4,4,6,
50093,20865,771472,27,27,3,7,
50094,3130,771472,3,4,4,8,
50095,12918,771472,13,13,3,8,
50096,10300,771472,13,13,3,9,
50097,3410,771472,3,4,4,8,
50098,3020,771472,3,4,4,8,
50099,32157,771472,29,29,3,8,
50100,15811,771472,19,19,3,9,
50101,15351,771472,21,21,3,8,
50102,20488,771472,19,19,3,9,
50103,22459,771472,23,23,3,7,
50104,26109,771472,21,21,3,8,
50105,13537,771472,21,21,3,8,
50106,11901,771472,13,13,3,9,
50107,9195,771473,3,4,4,8,
50108,18356,771473,31,31,3,7,
50109,8080,771473,3,4,4,8,
50110,1879,771473,3,4,4,8,
50111,11850,771473,3,4,4,8,
50112,13244,771473,19,19,3,9,
50113,24066,771473,25,25,3,8,
50114,4526,771473,3,4,4,8,
50115,24597,771473,27,27,3,8,
50116,25906,771473,3,4,4,7,
50117,1452,771473,3,4,4,8,
50118,8786,771473,3,4,4,9,
50119,1819,771473,3,4,4,8,
50120,2180,771473,3,4,4,8,
50121,3200,771473,3,4,4,7,
50122,2154,771473,3,4,4,8,
50123,1597,771473,3,4,4,6,
50124,14439,771473,15,15,3,6,
50125,10161,771473,13,13,3,8,
50126,3756,771473,3,4,4,8,
50127,2377,771473,3,4,4,8,
50128,3751,771473,3,4,4,8,
50129,16587,771473,3,4,4,9,
50130,4003,771473,3,4,4,8,
50131,40569,771473,29,29,3,8,
50132,20708,771473,23,23,3,9,
50133,599,771473,3,4,4,8,
50134,2223,771473,3,4,4,8,
50135,20051,771473,21,21,3,9,
50136,21859,771473,17,17,3,8,
50137,20483,771473,3,4,4,8,
50138,4328,771473,3,4,4,7,
50139,4945,771473,3,4,4,8,
50140,17885,771473,3,4,4,9,
50141,2486,771473,3,4,4,7,
50142,28209,771473,19,19,3,8,
50143,34449,771473,27,27,3,9,
50144,1974,771473,3,4,4,8,
50145,34392,771473,31,31,3,8,
50146,36467,771473,31,31,3,8,
50147,18352,771473,23,23,3,8,
50148,19865,771473,13,13,3,8,
50149,25792,771473,19,19,3,8,
50150,26513,771473,27,27,3,9,
50151,33114,771473,17,17,3,8,
50152,11311,771473,13,13,3,8,
50153,25020,771473,33,33,3,8,
50154,12671,771473,17,17,3,8,
50155,7398,771473,3,4,4,9,
50156,10821,771473,17,17,3,8,
50157,8155,771473,15,15,3,8,
50158,25732,771473,33,33,3,8,
50159,9012,771473,3,4,4,9,
50160,25118,771473,3,4,4,8,
50161,8512,771473,3,4,4,8,
50162,4857,771473,3,4,4,8,
50163,9149,771473,3,4,4,8,
50164,10103,771473,19,19,3,8,
50165,17123,771473,23,23,3,8,
50166,21299,771473,33,33,3,8,
50167,21973,771473,25,25,3,7,
50168,1307,771473,3,4,4,8,
50169,21780,771473,31,31,3,8,
50170,19120,771473,31,31,3,7,
50171,21312,771473,3,4,4,8,
50172,21687,771473,3,4,4,8,
50173,27749,771473,19,19,3,9,
50174,2951,771473,3,4,4,8,
50175,19435,771473,31,31,3,7,
50176,17211,771473,29,29,3,9,
50177,18880,771473,3,4,4,8,
50178,11370,771473,13,13,3,9,
50179,2765,771473,3,4,4,7,
50180,24005,771473,33,33,3,8,
50181,2481,771473,3,4,4,8,
50182,26818,771473,33,33,3,8,
50183,2149,771473,3,4,4,8,
50184,26584,771473,3,4,4,8,
50185,2584,771473,3,4,4,9,
50186,1906,771473,3,4,4,9,
50187,2963,771473,3,4,4,8,
50188,2302,771473,3,4,4,8,
50189,4510,771473,3,4,4,7,
50190,12104,771473,13,13,3,9,
50191,19300,771473,31,31,3,8,
50192,10558,771473,19,19,3,8,
50193,11333,771473,3,4,4,8,
50194,17509,771473,3,4,4,7,
50195,9110,771473,21,21,3,8,
50196,7654,771473,13,13,3,8,
50197,1961,771473,3,4,4,8,
50198,2117,771473,3,4,4,8,
50199,9279,771473,19,19,3,8,
50200,10571,771473,3,4,4,8,
50201,8842,771473,19,19,3,8,
50202,27737,771473,31,31,3,8,
50203,26608,771473,29,29,3,8,
50204,28577,771473,3,4,4,8,
50205,2078,771473,3,4,4,8,
50206,2997,771473,3,4,4,8,
50207,34719,771473,31,31,3,8,
50208,14691,771473,19,19,3,8,
50209,32230,771473,31,31,3,8,
50210,10705,771473,13,13,3,8,
50211,19341,771473,19,19,3,8,
50212,14285,771473,19,19,3,8,
50213,18059,771473,29,29,3,9,
50214,12593,771473,15,15,3,9,
50215,968,771473,3,4,4,8,
50216,22283,771473,29,29,3,9,
50217,9431,771473,13,13,3,9,
50218,1970,771473,3,4,4,8,
50219,2817,771473,3,4,4,9,
50220,15049,771473,15,15,3,8,
50221,26233,771473,31,31,3,8,
50222,3940,771473,3,4,4,8,
50223,14657,771473,3,4,4,7,
50224,4335,771473,3,4,4,9,
50225,9971,771473,15,15,3,8,
50226,2829,771473,3,4,4,9,
50227,12810,771473,3,4,4,8,
50228,2978,771473,3,4,4,9,
50229,3253,771473,3,4,4,8,
50230,2810,771473,3,4,4,8,
50231,18536,771473,29,29,3,8,
50232,2830,771473,3,4,4,8,
50233,18062,771473,3,4,4,8,
50234,13500,771473,19,19,3,8,
50235,855,771473,3,4,4,7,
50236,11560,771473,3,4,4,7,
50237,7777,771473,13,13,3,8,
50238,13376,771473,15,15,3,8,
50239,21366,771473,31,31,3,7,
50240,9038,771473,13,13,3,9,
50241,8748,771473,3,4,4,8,
50242,4924,771473,3,4,4,9,
50243,11378,771473,17,17,3,8,
50244,2756,771473,3,4,4,7,
50245,12015,771473,3,4,4,7,
50246,5882,771473,3,4,4,8,
50247,2247,771473,3,4,4,8,
50248,1527,771473,3,4,4,7,
50249,9539,771473,19,19,3,8,
50250,5645,771473,3,4,4,8,
50251,17932,771473,33,33,3,8,
50252,3170,771473,3,4,4,8,
50253,18698,771473,3,4,4,8,
50254,3014,771473,3,4,4,8,
50255,19174,771473,33,33,3,8,
50256,1145,771473,3,4,4,8,
50257,2145,771473,3,4,4,8,
50258,26623,771473,13,13,3,9,
50259,28519,771473,33,33,3,9,
50260,6648,771473,15,15,3,8,
50261,29568,771473,3,4,4,8,
50262,9888,771473,13,13,3,8,
50263,21875,771473,33,33,3,8,
50264,20248,771473,33,33,3,8,
50265,18710,771473,33,33,3,9,
50266,2027,771473,3,4,4,8,
50267,15369,771473,3,4,4,8,
50268,2213,771473,3,4,4,9,
50269,2821,771473,3,4,4,8,
50270,3214,771473,3,4,4,9,
50271,23646,771473,31,31,3,7,
50272,2474,771473,3,4,4,8,
50273,1860,771473,3,4,4,8,
50274,15377,771473,21,21,3,9,
50275,15663,771473,3,4,4,8,
50276,16668,771473,27,27,3,8,
50277,22486,771473,27,27,3,9,
50278,16193,771473,25,25,3,8,
50279,14639,771473,3,4,4,7,
50280,37634,771473,31,31,3,9,
50281,4269,771473,3,4,4,9,
50282,3000,771473,3,4,4,9,
50283,8679,771473,15,15,3,8,
50284,32525,771473,23,23,3,9,
50285,2385,771473,3,4,4,9,
50286,2618,771473,3,4,4,7,
50287,4070,771473,3,4,4,8,
50288,43579,771473,31,32,3,8,
50289,37658,771473,33,33,3,9,
50290,18218,771473,17,17,3,7,
50291,9471,771473,27,27,3,8,
50292,29549,771473,25,25,3,7,
50293,2768,771473,3,4,4,8,
50294,22663,771473,14,15,3,7,
50295,28633,771473,19,19,3,8,
50296,20400,771473,17,17,3,8,
50297,20332,771473,23,23,3,9,
50298,10332,771473,15,15,3,8,
50299,3584,771473,3,4,4,8,
50300,29471,771473,33,33,3,7,
50301,7456,771473,3,4,4,8,
50302,1150,771473,3,4,4,8,
50303,29703,771473,31,31,3,8,
50304,21087,771473,17,17,3,8,
50305,16796,771473,21,21,3,8,
50306,22786,771473,27,27,3,8,
50307,18540,771473,13,13,3,8,
50308,21472,771473,25,25,3,8,
50309,14672,771473,17,17,3,9,
50310,8852,771473,19,19,3,8,
50311,10836,771473,3,4,4,9,
50312,21131,771473,25,25,3,7,
50313,32680,771473,17,17,3,9,
50314,14498,771473,15,15,3,9,
50315,6959,771473,3,4,4,9,
50316,12459,771473,15,15,3,7,
50317,2622,771473,3,4,4,8,
50318,7425,771473,13,13,3,9,
50319,10181,771473,3,4,4,8,
50320,11447,771473,19,19,3,9,
50321,20798,771473,25,25,3,8,
50322,25923,771473,31,31,3,9,
50323,7286,771473,13,13,3,8,
50324,5158,771473,3,4,4,8,
50325,21550,771473,27,27,3,9,
50326,21338,771473,3,4,4,8,
50327,12515,771473,25,25,3,8,
50328,3777,771473,3,4,4,9,
50329,20145,771473,21,21,3,7,
50330,2518,771473,3,4,4,8,
50331,19490,771473,33,33,3,9,
50332,19661,771473,17,17,3,8,
50333,15495,771473,21,21,3,8,
50334,12797,771473,3,4,4,9,
50335,8800,771473,13,13,3,8,
50336,11615,771473,3,4,4,7,
50337,5844,771473,3,4,4,8,
50338,1824,771473,3,4,4,8,
50339,5305,771473,3,4,4,8,
50340,2002,771473,3,4,4,8,
50341,2827,771473,3,4,4,7,
50342,2494,771473,3,4,4,7,
50343,2088,771473,3,4,4,8,
50344,3087,771473,3,4,4,7,
50345,13368,771473,17,17,3,7,
50346,10578,771473,17,17,3,8,
50347,1890,771473,3,4,4,6,
50348,3672,771473,3,4,4,7,
50349,9023,771473,17,17,3,8,
50350,2835,771473,3,4,4,8,
50351,6884,771473,15,15,3,8,
50352,19527,771473,27,27,3,8,
50353,16375,771473,27,27,3,8,
50354,20100,771473,3,4,4,8,
50355,2213,771473,3,4,4,9,
50356,15054,771473,33,33,3,8,
50357,15561,771473,3,4,4,9,
50358,15211,771473,3,4,4,8,
50359,14475,771473,29,29,3,8,
50360,1211,771473,3,4,4,8,
50361,1168,771473,3,4,4,8,
50362,835,771473,3,4,4,8,
50363,1862,771473,3,4,4,8,
50364,12186,771473,3,4,4,8,
50365,1966,771473,3,4,4,9,
50366,1755,771473,3,4,4,8,
50367,5879,771473,13,13,3,7,
50368,6821,771473,3,4,4,8,
50369,16204,771473,23,23,3,8,
50370,2488,771473,3,4,4,8,
50371,16601,771473,27,27,3,8,
50372,10718,771473,15,15,3,9,
50373,11041,771473,13,13,3,9,
50374,18446,771473,19,19,3,7,
50375,11554,771473,15,15,3,8,
50376,15729,771473,25,25,3,8,
50377,1132,771473,3,4,4,8,
50378,16048,771473,3,4,4,8,
50379,15979,771473,23,23,3,8,
50380,16494,771473,3,4,4,9,
50381,11177,771473,3,4,4,8,
50382,2289,771473,3,4,4,9,
50383,3014,771473,3,4,4,9,
50384,2286,771473,3,4,4,8,
50385,1639,771473,3,4,4,8,
50386,52345,771473,33,33,3,8,
50387,2153,771473,3,4,4,8,
50388,41992,771473,27,27,3,9,
50389,54354,771473,31,31,3,8,
50390,48774,771473,33,33,3,8,
50391,38439,771473,21,21,3,8,
50392,49352,771473,3,4,4,6,
50393,2182,771473,3,4,4,7,
50394,45410,771473,23,23,3,8,
50395,9571,771473,3,4,4,8,
50396,16124,771473,25,25,3,8,
50397,12227,771473,15,15,3,9,
50398,11932,771473,15,15,3,7,
50399,16593,771473,25,25,3,9,
50400,9748,771473,3,4,4,7,
50401,4554,771473,3,4,4,8,
50402,13592,771473,17,17,3,8,
50403,29795,771473,33,33,3,9,
50404,17391,771473,27,27,3,7,
50405,11763,771473,17,17,3,7,
50406,1376,771473,3,4,4,7,
50407,12043,771473,3,4,4,8,
50408,16883,771473,3,4,4,8,
50409,3248,771473,3,4,4,8,
50410,2166,771473,3,4,4,9,
50411,3619,771473,3,4,4,8,
50412,18199,771473,23,23,3,9,
50413,18830,771473,3,4,4,8,
50414,2372,771473,3,4,4,9,
50415,14925,771473,25,25,3,9,
50416,13110,771473,19,19,3,9,
50417,2617,771473,3,4,4,9,
50418,23875,771473,19,19,3,8,
50419,21246,771473,23,23,3,8,
50420,15372,771473,25,25,3,9,
50421,1633,771473,3,4,4,9,
50422,2991,771473,3,4,4,9,
50423,15642,771473,27,27,3,8,
50424,15184,771473,3,4,4,8,
50425,1793,771473,3,4,4,8,
50426,2406,771473,3,4,4,9,
50427,6846,771473,13,13,3,8,
50428,1672,771473,3,4,4,8,
50429,11142,771473,25,25,3,8,
50430,6588,771473,17,17,3,8,
50431,6618,771473,3,4,4,9,
50432,10290,771473,3,4,4,8,
50433,5383,771473,3,4,4,8,
50434,6615,771473,3,4,4,8,
50435,1518,771473,3,4,4,9,
50436,2198,771473,3,4,4,7,
50437,2791,771473,3,4,4,8,
50438,10000,771473,17,17,3,8,
50439,2123,771473,3,4,4,8,
50440,14117,771473,21,21,3,7,
50441,9506,771473,3,4,4,8,
50442,8252,771473,19,19,3,8,
50443,3219,771473,3,4,4,8,
50444,1499,771473,3,4,4,8,
50445,13777,771473,3,4,4,8,
50446,8428,771473,3,4,4,7,
50447,1495,771473,3,4,4,8,
50448,2816,771473,3,4,4,9,
50449,11671,771473,23,23,3,8,
50450,17290,771473,29,29,3,8,
50451,15975,771473,33,33,3,9,
50452,15909,771473,3,4,4,8,
50453,20967,771473,23,24,3,8,
50454,10811,771473,25,25,3,8,
50455,11923,771473,3,4,4,7,
50456,21256,771473,3,4,4,9,
50457,1524,771473,3,4,4,8,
50458,20916,771473,25,25,3,9,
50459,21761,771473,33,33,3,8,
50460,12967,771473,21,21,3,9,
50461,2059,771473,3,4,4,7,
50462,3588,771473,3,4,4,9,
50463,15930,771473,21,21,3,7,
50464,13765,771473,27,27,3,8,
50465,20086,771473,27,27,3,7,
50466,22427,771473,21,21,3,8,
50467,17599,771473,33,33,3,8,
50468,7180,771473,13,13,3,8,
50469,11894,771473,15,15,3,9,
50470,12654,771473,3,4,4,8,
50471,11221,771473,19,19,3,9,
50472,11560,771473,3,4,4,8,
50473,13482,771473,21,21,3,8,
50474,14151,771473,3,4,4,8,
50475,28002,771473,31,31,3,8,
50476,2081,771473,3,4,4,8,
50477,22263,771473,31,31,3,8,
50478,23358,771473,3,4,4,7,
50479,20345,771473,33,33,3,9,
50480,13150,771473,17,17,3,8,
50481,14277,771473,23,23,3,9,
50482,1435,771473,3,4,4,9,
50483,18648,771473,25,25,3,7,
50484,19743,771473,3,4,4,7,
50485,2732,771473,3,4,4,9,
50486,14006,771473,19,19,3,7,
50487,12557,771473,3,4,4,8,
50488,6451,771473,3,4,4,8,
50489,9988,771473,21,21,3,8,
50490,2343,771473,3,4,4,7,
50491,25405,771473,25,25,3,8,
50492,17822,771473,29,29,3,8,
50493,2299,771473,3,4,4,7,
50494,2793,771473,3,4,4,7,
50495,11129,771473,13,13,3,8,
50496,9879,771473,15,15,3,8,
50497,23626,771473,3,4,4,7,
50498,2770,771473,3,4,4,8,
50499,28545,771473,33,33,3,7,
50500,20787,771473,31,31,3,8,
50501,3445,771473,3,4,4,8,
50502,18272,771473,29,29,3,9,
50503,24830,771473,27,27,3,8,
50504,24373,771473,3,4,4,8,
50505,18815,771473,27,27,3,9,
50506,20286,771473,33,33,3,8,
50507,15019,771473,21,21,3,8,
50508,12254,771473,21,21,3,9,
50509,7718,771473,3,4,4,9,
50510,1817,771473,3,4,4,8,
50511,1107,771473,3,4,4,8,
50512,12526,771473,25,25,3,8,
50513,13269,771473,3,4,4,9,
50514,8579,771473,13,13,3,8,
50515,14718,771473,33,33,3,7,
50516,15353,771473,27,27,3,8,
50517,13532,771473,17,17,3,8,
50518,15863,771473,3,4,4,7,
50519,14655,771473,3,4,4,8,
50520,11059,771473,13,13,3,9,
50521,12223,771473,19,19,3,9,
50522,6549,771473,3,4,4,8,
50523,29199,771473,31,31,3,9,
50524,16369,771473,27,27,3,8,
50525,19221,771473,17,17,3,9,
50526,35572,771473,33,33,3,8,
50527,21136,771473,29,29,3,8,
50528,3899,771473,3,4,4,8,
50529,19763,771473,25,25,3,9,
50530,21257,771473,3,4,4,9,
50531,9646,771473,13,13,3,8,
50532,11872,771473,15,15,3,9,
50533,6963,771473,17,17,3,8,
50534,5582,771473,3,4,4,7,
50535,35690,771473,27,28,3,8,
50536,17246,771473,3,4,4,9,
50537,22892,771473,21,21,3,9,
50538,15941,771473,19,19,3,8,
50539,25039,771473,19,19,3,9,
50540,14955,771473,3,4,4,7,
50541,29598,771473,27,27,3,9,
50542,38939,771473,31,31,3,9,
50543,6663,771473,3,4,4,9,
50544,17374,771473,13,13,3,8,
50545,33508,771473,33,33,3,9,
50546,9741,771473,3,4,4,8,
50547,20219,771473,17,17,3,8,
50548,32985,771473,25,25,3,9,
50549,9547,771473,3,4,4,8,
50550,17059,771473,21,21,3,8,
50551,13436,771473,21,21,3,9,
50552,17677,771473,3,4,4,8,
50553,1222,771473,3,4,4,8,
50554,11597,771473,13,13,3,8,
50555,11851,771473,3,4,4,8,
50556,20747,771473,27,27,3,9,
50557,16533,771473,21,21,3,8,
50558,21621,771473,21,21,3,8,
50559,2701,771473,3,4,4,8,
50560,23828,771473,31,31,3,8,
50561,22413,771473,27,27,3,9,
50562,29911,771473,33,33,3,9,
50563,30633,771473,3,4,4,9,
50564,2472,771473,3,4,4,9,
50565,1876,771473,3,4,4,9,
50566,16080,771473,33,33,3,8,
50567,17457,771473,23,23,3,8,
50568,16303,771473,3,4,4,8,
50569,12829,771473,3,4,4,8,
50570,11738,771473,23,23,3,9,
50571,4891,771473,3,4,4,9,
50572,3765,771473,3,4,4,9,
50573,3604,771473,3,4,4,8,
50574,20657,771473,31,31,3,9,
50575,18530,771473,23,23,3,8,
50576,11722,771473,15,15,3,8,
50577,19290,771473,33,33,3,8,
50578,25689,771473,31,31,3,9,
50579,14095,771473,27,27,3,8,
50580,20434,771473,31,31,3,9,
50581,22247,771473,31,31,3,9,
50582,17155,771473,21,21,3,9,
50583,16333,771473,3,4,4,8,
50584,11180,771473,3,4,4,8,
50585,11452,771473,19,19,3,8,
50586,6538,771473,13,13,3,8,
50587,938,771473,3,4,4,8,
50588,17599,771473,23,23,3,9,
50589,17159,771473,3,4,4,8,
50590,2448,771473,3,4,4,9,
50591,3469,771473,3,4,4,8,
50592,3009,771473,3,4,4,8,
50593,4094,771473,3,4,4,9,
50594,21457,771473,19,19,3,8,
50595,2092,771473,3,4,4,7,
50596,1722,771473,3,4,4,8,
50597,2360,771473,3,4,4,8,
50598,22205,771473,29,29,3,8,
50599,14945,771473,17,17,3,7,
50600,14108,771473,15,15,3,8,
50601,1307,771473,3,4,4,8,
50602,9179,771473,13,13,3,9,
50603,5258,771473,13,13,3,8,
50604,11486,771473,19,19,3,8,
50605,21586,771473,31,31,3,9,
50606,17350,771473,21,21,3,8,
50607,21418,771473,31,31,3,9,
50608,13946,771473,21,21,3,8,
50609,12272,771473,15,15,3,9,
50610,11024,771473,3,4,4,8,
50611,16458,771473,31,31,3,8,
50612,5570,771473,3,4,4,9,
50613,2543,771473,3,4,4,9,
50614,8569,771473,17,17,3,8,
50615,23839,771473,25,25,3,8,
50616,18591,771473,15,15,3,9,
50617,8929,771473,3,4,4,9,
50618,24461,771473,31,31,3,8,
50619,13855,771473,15,15,3,8,
50620,9298,771473,21,21,3,8,
50621,12218,771473,15,15,3,9,
50622,16186,771473,31,31,3,8,
50623,1608,771473,3,4,4,8,
50624,15639,771473,25,25,3,8,
50625,2063,771473,3,4,4,8,
50626,17609,771473,33,33,3,8,
50627,13475,771473,3,4,4,8,
50628,16367,771473,3,4,4,9,
50629,11565,771473,3,4,4,8,
50630,6342,771473,15,15,3,9,
50631,22301,771473,19,19,3,9,
50632,1233,771473,3,4,4,8,
50633,2514,771473,3,4,4,9,
50634,2806,771473,3,4,4,8,
50635,24188,771473,33,33,3,8,
50636,3279,771473,3,4,4,9,
50637,28794,771473,33,33,3,8,
50638,27313,771473,27,27,3,8,
50639,2460,771473,3,4,4,8,
50640,25777,771473,29,29,3,8,
50641,39909,771473,13,13,3,9,
50642,20537,771473,29,29,3,8,
50643,12709,771473,31,31,3,8,
50644,18181,771473,3,4,4,8,
50645,22708,771473,27,27,3,9,
50646,14595,771473,13,13,3,8,
50647,10521,771473,15,15,3,8,
50648,24067,771473,33,33,3,8,
50649,14411,771473,25,25,3,8,
50650,3947,771473,3,4,4,9,
50651,7192,771473,13,13,3,8,
50652,1733,771473,3,4,4,8,
50653,2619,771473,3,4,4,8,
50654,14549,771473,17,17,3,8,
50655,14309,771473,19,19,3,8,
50656,1939,771473,3,4,4,8,
50657,16297,771473,3,4,4,8,
50658,1958,771473,3,4,4,8,
50659,14843,771473,25,25,3,8,
50660,10061,771473,15,15,3,8,
50661,15911,771473,3,4,4,9,
50662,16526,771473,25,25,3,9,
50663,5407,771473,3,4,4,8,
50664,3488,771473,3,4,4,8,
50665,11203,771473,15,15,3,8,
50666,17718,771473,21,21,3,9,
50667,11137,771473,3,4,4,8,
50668,3899,771473,3,4,4,8,
50669,10958,771473,15,15,3,7,
50670,62875,771473,33,33,3,7,
50671,3946,771473,3,4,4,8,
50672,86130,771473,33,33,3,8,
50673,10754,771473,13,13,3,9,
50674,2045,771473,3,4,4,9,
50675,10745,771473,3,4,4,8,
50676,2619,771473,3,4,4,8,
50677,2558,771473,3,4,4,9,
50678,2740,771473,3,4,4,7,
50679,2343,771473,3,4,4,8,
50680,9121,771473,13,13,3,9,
50681,53053,771473,27,27,3,6,
50682,45800,771473,13,13,3,8,
50683,51463,771473,19,19,3,8,
50684,50697,771473,23,23,3,9,
50685,54145,771473,27,27,3,8,
50686,53263,771473,33,33,3,8,
50687,68787,771473,15,15,3,8,
50688,48038,771473,3,4,4,9,
50689,9286,771473,3,4,4,9,
50690,25750,771473,33,33,3,8,
50691,20698,771473,21,21,3,8,
50692,29729,771473,33,33,3,8,
50693,33126,771473,33,33,3,9,
50694,22476,771473,3,4,4,7,
50695,11469,771473,13,13,3,8,
50696,39243,771473,31,31,3,9,
50697,20866,771473,21,21,3,9,
50698,12793,771473,3,4,4,8,
50699,24594,771473,25,25,3,8,
50700,53190,771473,27,27,3,9,
50701,15858,771473,17,17,3,9,
50702,20988,771473,21,21,3,8,
50703,24905,771473,3,4,4,8,
50704,23344,771473,31,31,3,8,
50705,24947,771473,3,4,4,8,
50706,15998,771473,27,27,3,8,
50707,12693,771473,21,21,3,8,
50708,7291,771473,3,4,4,8,
50709,32617,771473,3,4,4,8,
50710,3687,771473,3,4,4,8,
50711,3836,771473,3,4,4,8,
50712,19463,771473,15,15,3,8,
50713,24670,771473,19,19,3,8,
50714,30636,771473,25,25,3,7,
50715,20463,771473,15,15,3,8,
50716,24485,771473,3,4,4,8,
50717,9630,771473,13,13,3,8,
50718,2373,771473,3,4,4,8,
50719,1706,771473,3,4,4,8,
50720,21961,771473,27,27,3,9,
50721,35275,771473,27,27,3,9,
50722,7133,771473,3,4,4,9,
50723,18265,771473,17,17,3,9,
50724,41234,771473,31,31,3,8,
50725,9879,771473,3,4,4,9,
50726,35665,771473,21,21,3,8,
50727,2741,771473,3,4,4,9,
50728,3381,771473,3,4,4,8,
50729,21471,771473,15,15,3,9,
50730,3932,771473,3,4,4,8,
50731,29661,771473,19,19,3,7,
50732,2315,771473,3,4,4,7,
50733,34705,771473,27,27,3,8,
50734,40315,771473,25,25,3,8,
50735,35010,771473,3,4,4,8,
50736,32200,771473,29,29,3,7,
50737,24364,771473,3,4,4,8,
50738,15999,771473,3,4,4,8,
50739,13836,771473,3,4,4,8,
50740,23383,771473,25,25,3,8,
50741,2687,771473,3,4,4,8,
50742,5203,771473,3,4,4,8,
50743,2891,771473,3,4,4,8,
50744,18641,771473,21,21,3,9,
50745,11822,771473,15,15,3,6,
50746,10582,771473,13,13,3,8,
50747,26903,771473,33,33,3,8,
50748,7697,771473,3,4,4,8,
50749,10181,771473,17,17,3,8,
50750,10459,771473,3,4,4,8,
50751,17074,771473,29,29,3,9,
50752,18462,771473,21,21,3,9,
50753,18690,771473,3,4,4,8,
50754,21478,771473,25,25,3,8,
50755,16246,771473,23,23,3,8,
50756,18762,771473,3,4,4,8,
50757,18257,771473,29,29,3,9,
50758,2819,771473,3,4,4,8,
50759,12045,771473,19,19,3,7,
50760,8224,771474,3,4,4,8,
50761,13725,771474,25,25,3,8,
50762,1981,771474,3,4,4,7,
50763,3211,771474,3,4,4,8,
50764,2445,771474,3,4,4,9,
50765,12126,771474,13,13,3,8,
50766,17740,771474,27,27,3,8,
50767,14319,771474,13,13,3,9,
50768,17701,771474,3,4,4,7,
50769,21371,771474,33,33,3,7,
50770,20930,771474,21,21,3,8,
50771,15981,771474,29,29,3,8,
50772,15244,771474,19,19,3,8,
50773,10063,771474,19,19,3,8,
50774,18818,771474,3,4,4,9,
50775,15092,771474,23,23,3,9,
50776,21583,771474,33,33,3,8,
50777,13423,771474,23,23,3,9,
50778,2090,771474,3,4,4,8,
50779,10313,771474,19,19,3,8,
50780,10448,771474,3,4,4,8,
50781,2078,771474,3,4,4,9,
50782,1920,771474,3,4,4,8,
50783,2720,771474,3,4,4,9,
50784,26839,771474,33,33,3,8,
50785,13154,771474,27,27,3,8,
50786,22387,771474,33,33,3,9,
50787,28024,771474,3,4,4,9,
50788,21602,771474,3,4,4,8,
50789,5319,771474,13,13,3,9,
50790,25759,771474,31,31,3,8,
50791,8582,771474,19,19,3,9,
50792,25415,771474,3,4,4,8,
50793,10020,771474,21,21,3,9,
50794,2114,771474,3,4,4,8,
50795,11843,771474,21,21,3,9,
50796,14210,771474,27,27,3,9,
50797,15452,771474,23,23,3,8,
50798,9082,771474,3,4,4,8,
50799,8447,771474,17,17,3,8,
50800,18449,771474,31,31,3,8,
50801,6737,771474,3,4,4,8,
50802,3576,771474,3,4,4,9,
50803,27859,771474,33,33,3,8,
50804,16611,771474,25,25,3,8,
50805,13953,771474,17,17,3,8,
50806,22478,771474,29,29,3,8,
50807,13440,771474,17,17,3,8,
50808,6840,771474,15,15,3,8,
50809,14581,771474,23,23,3,8,
50810,13396,771474,3,4,4,8,
50811,6993,771474,3,4,4,9,
50812,1485,771474,3,4,4,9,
50813,2227,771474,3,4,4,9,
50814,5056,771474,3,4,4,8,
50815,2195,771474,3,4,4,7,
50816,1699,771474,3,4,4,7,
50817,12472,771474,3,4,4,6,
50818,8221,771474,17,17,3,8,
50819,10066,771474,21,21,3,8,
50820,8637,771474,3,4,4,7,
50821,8980,771474,3,4,4,7,
50822,10616,771474,3,4,4,7,
50823,10052,771474,17,17,3,8,
50824,13785,771474,25,25,3,9,
50825,3201,771474,3,4,4,7,
50826,22295,771474,27,28,3,9,
50827,3742,771474,3,4,4,8,
50828,10226,771474,15,15,3,8,
50829,18377,771474,27,27,3,9,
50830,2865,771474,3,4,4,7,
50831,29595,771474,31,31,3,7,
50832,24534,771474,31,31,3,7,
50833,1761,771474,3,4,4,8,
50834,18505,771474,27,27,3,8,
50835,19141,771474,27,27,3,7,
50836,18683,771474,3,4,4,8,
50837,19901,771474,3,4,4,8,
50838,14602,771474,19,19,3,9,
50839,24905,771474,13,13,3,9,
50840,6599,771474,15,15,3,8,
50841,16635,771474,21,21,3,9,
50842,11030,771474,3,4,4,8,
50843,2455,771474,3,4,4,9,
50844,10310,771474,17,17,3,8,
50845,3152,771474,3,4,4,8,
50846,10902,771474,3,4,4,8,
50847,3875,771474,3,4,4,8,
50848,24130,771474,33,33,3,9,
50849,11416,771474,15,15,3,8,
50850,16658,771474,21,21,3,8,
50851,23361,771474,29,29,3,9,
50852,10852,771474,17,17,3,9,
50853,9764,771474,3,4,4,8,
50854,2629,771474,3,4,4,8,
50855,4547,771474,3,4,4,8,
50856,18917,771474,29,29,3,9,
50857,13977,771474,3,4,4,8,
50858,23820,771474,29,29,3,8,
50859,2557,771474,3,4,4,8,
50860,1538,771474,3,4,4,8,
50861,11481,771474,15,15,3,8,
50862,3593,771474,3,4,4,9,
50863,10276,771474,17,17,3,8,
50864,19322,771474,29,29,3,8,
50865,19696,771474,33,33,3,8,
50866,19099,771474,3,4,4,9,
50867,24092,771474,31,31,3,8,
50868,9077,771474,13,13,3,9,
50869,13524,771474,3,4,4,9,
50870,1907,771474,3,4,4,8,
50871,14145,771474,19,19,3,8,
50872,7589,771474,3,4,4,9,
50873,7818,771474,17,17,3,8,
50874,17702,771474,19,19,3,8,
50875,27816,771474,33,33,3,9,
50876,10719,771474,23,23,3,8,
50877,15314,771474,19,19,3,7,
50878,4623,771474,3,4,4,8,
50879,2454,771474,3,4,4,9,
50880,15517,771474,3,4,4,9,
50881,15067,771474,27,27,3,9,
50882,6413,771474,13,13,3,8,
50883,19033,771474,27,27,3,9,
50884,20544,771474,3,4,4,9,
50885,16509,771474,3,4,4,8,
50886,6006,771474,15,15,3,9,
50887,7864,771474,3,4,4,9,
50888,2085,771474,3,4,4,8,
50889,18998,771474,29,29,3,9,
50890,16907,771474,21,21,3,9,
50891,13444,771474,19,19,3,8,
50892,12642,771474,17,17,3,8,
50893,17271,771474,3,4,4,8,
50894,20114,771474,33,33,3,9,
50895,2835,771474,3,4,4,9,
50896,7928,771474,13,13,3,8,
50897,18529,771474,25,25,3,7,
50898,17473,771474,29,29,3,8,
50899,14187,771474,21,21,3,9,
50900,8957,771474,3,4,4,8,
50901,15870,771474,17,17,3,8,
50902,15524,771474,21,21,3,8,
50903,11765,771474,3,4,4,8,
50904,17837,771474,25,25,3,8,
50905,14885,771474,3,4,4,8,
50906,2243,771474,3,4,4,8,
50907,3017,771474,3,4,4,9,
50908,5133,771474,3,4,4,8,
50909,1557,771474,3,4,4,8,
50910,1875,771474,3,4,4,8,
50911,3878,771474,3,4,4,6,
50912,3392,771474,3,4,4,7,
50913,2695,771474,3,4,4,7,
50914,13257,771474,17,17,3,9,
50915,2380,771474,3,4,4,8,
50916,16901,771474,25,25,3,9,
50917,17094,771474,29,29,3,7,
50918,2971,771474,3,4,4,8,
50919,16735,771474,25,25,3,8,
50920,11003,771474,3,4,4,8,
50921,15420,771474,33,33,3,8,
50922,11490,771474,17,17,3,8,
50923,16369,771474,3,4,4,8,
50924,10553,771474,3,4,4,8,
50925,13263,771474,3,4,4,9,
50926,17408,771474,33,33,3,8,
50927,17220,771474,3,4,4,7,
50928,14956,771474,29,29,3,7,
50929,16425,771474,3,4,4,8,
50930,15739,771474,31,31,3,9,
50931,2543,771474,3,4,4,8,
50932,1252,771474,3,4,4,8,
50933,14900,771474,29,29,3,8,
50934,15333,771474,3,4,4,8,
50935,6879,771474,13,13,3,8,
50936,15400,771474,3,4,4,8,
50937,6224,771474,3,4,4,8,
50938,1926,771474,3,4,4,8,
50939,18815,771474,33,33,3,8,
50940,17227,771474,3,4,4,7,
50941,1363,771474,3,4,4,8,
50942,3296,771474,3,4,4,8,
50943,3351,771474,3,4,4,8,
50944,3033,771474,3,4,4,7,
50945,3126,771474,3,4,4,8,
50946,852,771474,3,4,4,8,
50947,3696,771474,3,4,4,8,
50948,11435,771474,13,13,3,8,
50949,3917,771474,3,4,4,8,
50950,23371,771474,23,23,3,8,
50951,34683,771474,33,33,3,7,
50952,9193,771474,15,15,3,8,
50953,3914,771474,3,4,4,8,
50954,17830,771474,27,27,3,8,
50955,10710,771474,13,13,3,9,
50956,30163,771474,23,23,3,8,
50957,18152,771474,23,23,3,8,
50958,5110,771474,3,4,4,7,
50959,42339,771474,33,33,3,8,
50960,3739,771474,3,4,4,9,
50961,3772,771474,3,4,4,8,
50962,9864,771474,13,13,3,9,
50963,2718,771474,3,4,4,8,
50964,30764,771474,29,29,3,7,
50965,1928,771474,3,4,4,9,
50966,6410,771474,13,13,3,9,
50967,6140,771474,3,4,4,8,
50968,33212,771474,3,4,4,8,
50969,29098,771474,29,29,3,8,
50970,25010,771474,19,19,3,8,
50971,32822,771474,3,4,4,8,
50972,7115,771474,13,13,3,9,
50973,18852,771474,3,4,4,8,
50974,23681,771474,3,4,4,7,
50975,22309,771474,3,4,4,8,
50976,24093,771474,3,4,4,8,
50977,34024,771474,31,31,3,7,
50978,16573,771474,23,23,3,8,
50979,4083,771474,3,4,4,8,
50980,5485,771474,3,4,4,8,
50981,4558,771474,3,4,4,8,
50982,5815,771474,3,4,4,8,
50983,3132,771474,3,4,4,8,
50984,16989,771474,19,19,3,8,
50985,19758,771474,27,27,3,7,
50986,9482,771474,19,19,3,8,
50987,16449,771474,3,4,4,8,
50988,2635,771474,3,4,4,9,
50989,10181,771474,15,15,3,9,
50990,10082,771474,3,4,4,8,
50991,23448,771474,29,29,3,9,
50992,24075,771474,3,4,4,8,
50993,23226,771474,31,31,3,8,
50994,11305,771474,3,4,4,9,
50995,46479,771474,33,33,3,8,
50996,10948,771474,19,19,3,9,
50997,1401,771474,3,4,4,9,
50998,1452,771474,3,4,4,8,
50999,40655,771474,31,31,3,8,
51000,45091,771474,27,27,3,8,
51001,1618,771474,3,4,4,8,
51002,1930,771474,3,4,4,8,
51003,3566,771474,3,4,4,8,
51004,38939,771474,3,4,4,8,
51005,21157,771474,17,17,3,9,
51006,2365,771474,3,4,4,8,
51007,17581,771474,25,25,3,8,
51008,22103,771474,33,33,3,8,
51009,958,771474,3,4,4,8,
51010,17893,771474,19,19,3,8,
51011,17095,771474,23,23,3,8,
51012,18592,771474,19,19,3,9,
51013,20993,771474,17,17,3,8,
51014,16632,771474,19,19,3,8,
51015,39902,771474,33,33,3,7,
51016,41659,771474,3,4,4,9,
51017,26658,771474,21,21,3,9,
51018,26122,771474,3,4,4,8,
51019,23732,771474,29,29,3,8,
51020,6131,771474,3,4,4,9,
51021,21570,771474,3,4,4,7,
51022,3097,771474,3,4,4,7,
51023,2440,771474,3,4,4,8,
51024,5544,771474,3,4,4,8,
51025,7194,771474,17,17,3,8,
51026,4252,771474,3,4,4,8,
51027,8740,771474,3,4,4,8,
51028,9102,771474,15,15,3,9,
51029,9952,771474,3,4,4,7,
51030,2882,771474,3,4,4,8,
51031,2610,771474,3,4,4,7,
51032,1153,771474,3,4,4,8,
51033,8448,771474,19,19,3,8,
51034,4714,771474,3,4,4,9,
51035,11995,771474,3,4,4,8,
51036,1896,771474,3,4,4,7,
51037,22914,771474,21,21,3,7,
51038,2753,771474,3,4,4,7,
51039,21127,771474,17,17,3,8,
51040,23237,771474,27,27,3,8,
51041,21789,771474,3,4,4,6,
51042,19584,771474,3,4,4,7,
51043,17456,771474,13,13,3,8,
51044,1337,771474,3,4,4,8,
51045,4954,771474,3,4,4,7,
51046,5257,771474,3,4,4,7,
51047,5383,771474,3,4,4,8,
51048,2386,771474,3,4,4,7,
51049,2515,771474,3,4,4,8,
51050,19913,771474,25,25,3,8,
51051,3566,771474,3,4,4,8,
51052,24619,771474,13,13,3,9,
51053,2894,771474,3,4,4,9,
51054,1665,771474,3,4,4,9,
51055,2684,771474,3,4,4,7,
51056,5786,771474,3,4,4,8,
51057,3499,771474,3,4,4,8,
51058,17061,771474,17,17,3,8,
51059,23168,771474,25,25,3,7,
51060,22371,771474,17,17,3,7,
51061,5299,771474,3,4,4,8,
51062,12572,771474,15,15,3,8,
51063,1443,771474,3,4,4,9,
51064,1978,771474,3,4,4,9,
51065,16265,771474,15,15,3,8,
51066,3730,771474,3,4,4,9,
51067,14237,771474,23,23,3,9,
51068,24030,771474,29,29,3,9,
51069,18027,771474,25,25,3,9,
51070,20285,771474,27,27,3,8,
51071,10867,771474,3,4,4,9,
51072,17504,771474,27,27,3,9,
51073,11724,771474,17,17,3,9,
51074,19465,771474,31,31,3,8,
51075,21957,771474,29,29,3,8,
51076,11918,771474,3,4,4,8,
51077,10408,771474,17,17,3,8,
51078,10887,771474,3,4,4,8,
51079,22254,771474,29,29,3,9,
51080,11071,771474,13,13,3,9,
51081,4745,771474,13,13,3,8,
51082,10207,771474,3,4,4,9,
51083,12367,771474,23,23,3,8,
51084,12867,771474,23,23,3,9,
51085,11451,771474,3,4,4,7,
51086,12113,771474,3,4,4,8,
51087,12049,771474,3,4,4,8,
51088,3992,771474,3,4,4,8,
51089,1918,771474,3,4,4,9,
51090,3744,771474,3,4,4,8,
51091,11714,771474,15,15,3,8,
51092,4325,771474,3,4,4,8,
51093,10967,771474,3,4,4,9,
51094,2370,771474,3,4,4,8,
51095,13537,771474,23,23,3,8,
51096,16632,771474,27,27,3,8,
51097,35597,771474,25,25,3,7,
51098,1948,771474,3,4,4,9,
51099,1843,771474,3,4,4,8,
51100,16267,771474,3,4,4,7,
51101,10407,771474,17,17,3,8,
51102,20435,771474,31,31,3,9,
51103,8401,771474,3,4,4,8,
51104,12535,771474,23,23,3,8,
51105,2062,771474,3,4,4,9,
51106,9935,771474,19,19,3,9,
51107,10015,771474,3,4,4,8,
51108,18420,771474,27,27,3,8,
51109,14400,771474,17,17,3,9,
51110,14559,771474,3,4,4,9,
51111,21360,771474,29,29,3,9,
51112,10616,771474,13,13,3,8,
51113,31696,771474,25,25,3,9,
51114,4444,771474,3,4,4,8,
51115,10028,771474,3,4,4,8,
51116,1180,771474,3,4,4,8,
51117,8508,771474,13,13,3,9,
51118,9460,771474,15,15,3,9,
51119,2131,771474,3,4,4,8,
51120,1340,771474,3,4,4,9,
51121,2445,771474,3,4,4,8,
51122,16661,771474,29,29,3,9,
51123,17444,771474,3,4,4,9,
51124,2587,771474,3,4,4,9,
51125,12382,771474,25,25,3,9,
51126,2073,771474,3,4,4,8,
51127,8319,771474,15,15,3,9,
51128,16087,771474,29,29,3,9,
51129,17442,771474,33,33,3,7,
51130,15531,771474,3,4,4,8,
51131,9975,771474,3,4,4,9,
51132,11413,771474,3,4,4,9,
51133,17202,771474,15,15,3,9,
51134,6992,771474,19,19,3,9,
51135,8180,771474,3,4,4,9,
51136,2747,771474,3,4,4,9,
51137,2640,771474,3,4,4,8,
51138,15110,771474,17,17,3,8,
51139,9440,771474,13,13,3,8,
51140,2653,771474,3,4,4,7,
51141,27530,771474,25,25,3,8,
51142,17625,771474,31,31,3,8,
51143,3256,771474,3,4,4,9,
51144,9903,771474,15,15,3,8,
51145,10715,771474,15,15,3,8,
51146,2478,771474,3,4,4,8,
51147,11955,771474,3,4,4,8,
51148,10699,771474,19,19,3,9,
51149,37090,771474,33,33,3,9,
51150,6600,771474,3,4,4,8,
51151,13008,771474,25,25,3,9,
51152,5071,771474,3,4,4,8,
51153,18205,771474,27,27,3,8,
51154,13614,771474,19,19,3,8,
51155,28700,771474,3,4,4,8,
51156,16386,771474,3,4,4,8,
51157,3220,771474,3,4,4,9,
51158,9845,771474,15,15,3,8,
51159,20633,771474,25,25,3,9,
51160,33434,771474,25,25,3,8,
51161,18364,771474,25,25,3,8,
51162,9375,771474,19,19,3,8,
51163,16802,771474,27,27,3,8,
51164,24131,771474,31,31,3,9,
51165,1850,771474,3,4,4,8,
51166,7268,771474,13,13,3,8,
51167,5452,771474,3,4,4,8,
51168,17308,771474,25,25,3,9,
51169,15854,771474,3,4,4,8,
51170,621,771474,3,4,4,7,
51171,20004,771474,31,31,3,8,
51172,8837,771474,17,17,3,8,
51173,22238,771474,27,27,3,9,
51174,20714,771474,31,31,3,8,
51175,20992,771474,3,4,4,9,
51176,11811,771474,3,4,4,9,
51177,18703,771474,33,33,3,9,
51178,18381,771474,3,4,4,8,
51179,13051,771474,17,17,3,8,
51180,2515,771474,3,4,4,8,
51181,17998,771474,21,21,3,9,
51182,2219,771474,3,4,4,9,
51183,19453,771474,27,27,3,9,
51184,18988,771474,25,25,3,8,
51185,16294,771474,23,23,3,8,
51186,14483,771474,3,4,4,7,
51187,30830,771474,33,33,3,9,
51188,31705,771474,3,4,4,8,
51189,11963,771474,23,23,3,8,
51190,5499,771474,13,13,3,9,
51191,5650,771474,3,4,4,8,
51192,14423,771474,21,21,3,9,
51193,2630,771474,3,4,4,8,
51194,3785,771474,3,4,4,8,
51195,3023,771474,3,4,4,7,
51196,18218,771474,19,19,3,8,
51197,28247,771474,29,29,3,8,
51198,30740,771474,25,25,3,9,
51199,16885,771474,19,19,3,7,
51200,17102,771474,13,13,3,9,
51201,26525,771474,27,27,3,8,
51202,27054,771474,25,25,3,9,
51203,17890,771474,21,22,3,8,
51204,3192,771474,3,4,4,9,
51205,26160,771474,33,33,3,7,
51206,3407,771474,3,4,4,8,
51207,24331,771474,29,29,3,7,
51208,9872,771474,3,4,4,9,
51209,3091,771474,3,4,4,9,
51210,12247,771474,21,21,3,8,
51211,18004,771474,19,19,3,8,
51212,6012,771474,15,15,3,8,
51213,16823,771474,23,23,3,9,
51214,27777,771474,17,17,3,8,
51215,9807,771474,17,17,3,9,
51216,1688,771474,3,4,4,9,
51217,9940,771474,19,19,3,8,
51218,10776,771474,3,4,4,8,
51219,5812,771474,3,4,4,8,
51220,16907,771474,27,27,3,9,
51221,11294,771474,15,15,3,9,
51222,10231,771474,19,19,3,8,
51223,11443,771474,3,4,4,7,
51224,10165,771474,3,4,4,7,
51225,12487,771474,21,21,3,8,
51226,9337,771474,3,4,4,8,
51227,9628,771474,19,19,3,7,
51228,11479,771474,3,4,4,8,
51229,18376,771474,17,17,3,8,
51230,14830,771474,21,21,3,8,
51231,3826,771474,3,4,4,8,
51232,15522,771474,3,4,4,8,
51233,3974,771474,3,4,4,7,
51234,14140,771474,19,19,3,7,
51235,22684,771474,27,27,3,8,
51236,23426,771474,3,4,4,9,
51237,28198,771474,33,33,3,8,
51238,1870,771474,3,4,4,8,
51239,2141,771474,3,4,4,8,
51240,26995,771474,27,27,3,8,
51241,3962,771474,3,4,4,9,
51242,13046,771474,17,17,3,8,
51243,11824,771474,19,19,3,9,
51244,2072,771474,3,4,4,8,
51245,2417,771474,3,4,4,7,
51246,1150,771474,3,4,4,8,
51247,27449,771474,29,29,3,8,
51248,1468,771474,3,4,4,8,
51249,2466,771474,3,4,4,8,
51250,38121,771474,15,15,3,9,
51251,11876,771474,15,15,3,8,
51252,14014,771474,15,15,3,9,
51253,24950,771474,29,29,3,8,
51254,26312,771474,3,4,4,8,
51255,13695,771474,21,21,3,9,
51256,15302,771474,15,15,3,9,
51257,1604,771474,3,4,4,8,
51258,15870,771474,23,23,3,8,
51259,2881,771474,3,4,4,8,
51260,15260,771474,3,4,4,8,
51261,75974,771474,25,25,3,9,
51262,27379,771474,25,25,3,9,
51263,29344,771474,33,33,3,9,
51264,26862,771474,3,4,4,9,
51265,78344,771474,33,33,3,8,
51266,4841,771474,3,4,4,9,
51267,83677,771474,33,33,3,8,
51268,2611,771474,3,4,4,8,
51269,70890,771474,31,31,3,8,
51270,68298,771474,17,17,3,9,
51271,70035,771474,3,4,4,7,
51272,68998,771474,3,4,4,7,
51273,67240,771474,33,33,3,9,
51274,67178,771474,33,33,3,9,
51275,55100,771474,21,21,3,8,
51276,25648,771474,25,25,3,9,
51277,3991,771474,3,4,4,8,
51278,27169,771474,33,33,3,7,
51279,21815,771474,15,15,3,7,
51280,12067,771474,3,4,4,8,
51281,12461,771474,21,21,3,8,
51282,16266,771474,15,15,3,9,
51283,48256,771474,29,29,3,9,
51284,10936,771474,3,4,4,9,
51285,14075,771474,3,4,4,9,
51286,16162,771474,19,19,3,8,
51287,17078,771474,23,23,3,8,
51288,14393,771474,3,4,4,8,
51289,2666,771474,3,4,4,9,
51290,34905,771474,3,4,4,9,
51291,2084,771474,3,4,4,9,
51292,3637,771474,3,4,4,8,
51293,6292,771474,3,4,4,8,
51294,21462,771474,25,25,3,8,
51295,32656,771474,29,29,3,8,
51296,31853,771474,27,27,3,7,
51297,15768,771474,21,21,3,8,
51298,30613,771474,15,15,3,7,
51299,31648,771474,25,25,3,8,
51300,28926,771474,17,17,3,7,
51301,28065,771474,23,23,3,8,
51302,29114,771474,31,31,3,8,
51303,13307,771474,17,17,3,8,
51304,14428,771474,17,17,3,9,
51305,13229,771474,3,4,4,9,
51306,21596,771474,27,27,3,8,
51307,22318,771474,3,4,4,8,
51308,13689,771474,13,13,3,8,
51309,11071,771474,19,19,3,7,
51310,10175,771474,17,17,3,8,
51311,18299,771474,31,31,3,9,
51312,13925,771474,19,19,3,9,
51313,7913,771474,15,15,3,9,
51314,19864,771474,31,31,3,8,
51315,5194,771474,3,4,4,8,
51316,19409,771474,33,33,3,8,
51317,12491,771474,31,31,3,8,
51318,12344,771474,19,19,3,8,
51319,14504,771474,3,4,4,9,
51320,11733,771474,3,4,4,8,
51321,31263,771474,33,33,3,8,
51322,11756,771474,3,4,4,8,
51323,22697,771474,29,29,3,9,
51324,14223,771474,19,19,3,9,
51325,22874,771474,3,4,4,8,
51326,18769,771474,21,21,3,9,
51327,2552,771474,3,4,4,7,
51328,21339,771474,29,29,3,8,
51329,6946,771474,13,13,3,8,
51330,1494,771474,3,4,4,8,
51331,7863,771474,3,4,4,8,
51332,8570,771474,19,19,3,8,
51333,9056,771474,3,4,4,9,
51334,14427,771474,21,21,3,8,
51335,1835,771474,3,4,4,9,
51336,1588,771474,3,4,4,9,
51337,2626,771474,3,4,4,8,
51338,3112,771474,3,4,4,8,
51339,9679,771474,13,13,3,9,
51340,3991,771474,3,4,4,9,
51341,17731,771474,27,27,3,8,
51342,17375,771474,23,23,3,8,
51343,15564,771474,21,21,3,9,
51344,18997,771474,25,25,3,7,
51345,9711,771474,19,19,3,8,
51346,2444,771474,3,4,4,9,
51347,16481,771474,3,4,4,8,
51348,1783,771474,3,4,4,8,
51349,1532,771474,3,4,4,8,
51350,11592,771474,3,4,4,8,
51351,12673,771474,25,25,3,7,
51352,10043,771474,3,4,4,9,
51353,17318,771474,29,30,3,9,
51354,5578,771474,3,4,4,8,
51355,5407,771474,3,4,4,9,
51356,8843,771474,17,17,3,8,
51357,1937,771474,3,4,4,8,
51358,3725,771474,3,4,4,7,
51359,8138,771474,3,4,4,7,
51360,24019,771474,29,29,3,7,
51361,18518,771474,21,21,3,8,
51362,5477,771474,3,4,4,7,
51363,9166,771474,13,13,3,9,
51364,15077,771474,27,27,3,8,
51365,24940,771474,29,29,3,8,
51366,22792,771474,3,4,4,9,
51367,5634,771474,15,15,3,8,
51368,593,771474,3,4,4,8,
51369,6672,771474,3,4,4,8,
51370,22828,771474,33,33,3,9,
51371,22991,771474,3,4,4,9,
51372,17500,771474,3,4,4,9,
51373,10300,771474,21,21,3,9,
51374,10075,771474,3,4,4,8,
51375,57845,771474,33,33,3,9,
51376,16183,771474,25,25,3,8,
51377,8170,771474,15,15,3,8,
51378,1415,771474,3,4,4,8,
51379,8149,771474,3,4,4,8,
51380,57525,771474,21,21,3,8,
51381,50171,771474,15,15,3,9,
51382,53480,771474,19,19,3,9,
51383,54407,771474,3,4,4,8,
51384,6928,771474,19,19,3,8,
51385,56909,771474,25,25,3,9,
51386,8828,771474,3,4,4,8,
51387,58007,771474,19,19,3,9,
51388,13996,771474,13,13,3,8,
51389,2474,771474,3,4,4,8,
51390,10584,771474,17,17,3,9,
51391,17891,771474,27,27,3,8,
51392,20994,771474,31,31,3,9,
51393,19092,771474,3,4,4,9,
51394,4591,771474,13,13,3,8,
51395,11085,771474,27,27,3,8,
51396,15768,771474,3,4,4,8,
51397,6791,771474,19,19,3,8,
51398,34099,771474,33,33,3,8,
51399,4129,771474,13,13,3,9,
51400,4711,771474,3,4,4,9,
51401,2799,771474,3,4,4,8,
51402,2817,771474,3,4,4,8,
51403,26841,771474,31,31,3,9,
51404,17402,771474,21,21,3,8,
51405,3891,771474,3,4,4,8,
51406,22127,771474,25,25,3,8,
51407,10763,771474,21,21,3,9,
51408,25561,771474,21,21,3,9,
51409,15371,771474,27,27,3,9,
51410,2888,771474,3,4,4,9,
51411,8553,771474,15,15,3,8,
51412,14182,771474,19,19,3,9,
51413,14759,771474,3,4,4,9,
51414,9935,771475,13,13,3,8,
51415,13316,771475,27,27,3,8,
51416,31476,771475,31,31,3,9,
51417,10439,771475,3,4,4,8,
51418,2315,771475,3,4,4,9,
51419,12140,771475,19,19,3,8,
51420,24165,771475,33,33,3,8,
51421,3635,771475,3,4,4,8,
51422,14748,771475,23,23,3,9,
51423,35505,771475,21,21,3,8,
51424,1950,771475,3,4,4,8,
51425,13946,771475,25,25,3,8,
51426,16103,771475,27,27,3,7,
51427,1520,771475,3,4,4,8,
51428,13840,771475,3,4,4,8,
51429,18863,771475,19,19,3,9,
51430,11679,771475,21,21,3,8,
51431,4568,771475,3,4,4,9,
51432,949,771475,3,4,4,9,
51433,1726,771475,3,4,4,9,
51434,2869,771475,3,4,4,8,
51435,18572,771475,21,21,3,9,
51436,3315,771475,3,4,4,8,
51437,6351,771475,3,4,4,8,
51438,11781,771475,17,17,3,9,
51439,13522,771475,17,17,3,8,
51440,11435,771475,21,21,3,9,
51441,12435,771475,3,4,4,9,
51442,14216,771475,17,17,3,8,
51443,21893,771475,33,33,3,9,
51444,8346,771475,3,4,4,8,
51445,31109,771475,33,33,3,9,
51446,6180,771475,3,4,4,8,
51447,17332,771475,27,27,3,9,
51448,16909,771475,3,4,4,8,
51449,21118,771475,29,29,3,9,
51450,17990,771475,27,27,3,9,
51451,2873,771475,3,4,4,9,
51452,1545,771475,3,4,4,7,
51453,2626,771475,3,4,4,8,
51454,20077,771475,31,31,3,8,
51455,24374,771475,25,25,3,8,
51456,1865,771475,3,4,4,9,
51457,2561,771475,3,4,4,9,
51458,11019,771475,15,15,3,8,
51459,9346,771475,3,4,4,9,
51460,11849,771475,3,4,4,8,
51461,6254,771475,13,13,3,8,
51462,6725,771475,3,4,4,9,
51463,16691,771475,31,31,3,8,
51464,11969,771475,19,19,3,9,
51465,15978,771475,21,21,3,8,
51466,17523,771475,3,4,4,9,
51467,11953,771475,15,15,3,8,
51468,10274,771475,15,15,3,9,
51469,6267,771475,15,15,3,8,
51470,7327,771475,3,4,4,8,
51471,11207,771475,3,4,4,8,
51472,9460,771475,15,15,3,8,
51473,4630,771475,3,4,4,9,
51474,7256,771475,3,4,4,8,
51475,13040,771475,21,21,3,9,
51476,22758,771475,29,29,3,9,
51477,2361,771475,3,4,4,8,
51478,22339,771475,31,31,3,8,
51479,22795,771475,15,15,3,7,
51480,4162,771475,3,4,4,8,
51481,22968,771475,25,25,3,8,
51482,4014,771475,3,4,4,9,
51483,29337,771475,31,31,3,8,
51484,6624,771475,17,17,3,8,
51485,7003,771475,13,13,3,8,
51486,1806,771475,3,4,4,9,
51487,1508,771475,3,4,4,9,
51488,2770,771475,3,4,4,8,
51489,22180,771475,29,29,3,9,
51490,22306,771475,31,31,3,9,
51491,22990,771475,31,31,3,7,
51492,15390,771475,19,19,3,8,
51493,21699,771475,3,4,4,9,
51494,2541,771475,3,4,4,9,
51495,2016,771475,3,4,4,9,
51496,24500,771475,33,33,3,8,
51497,11140,771475,3,4,4,8,
51498,11573,771475,3,4,4,8,
51499,31038,771475,33,33,3,8,
51500,17098,771475,25,25,3,9,
51501,15715,771475,25,25,3,9,
51502,3620,771475,3,4,4,8,
51503,5715,771475,3,4,4,9,
51504,15715,771475,15,15,3,8,
51505,20519,771475,21,21,3,8,
51506,49816,771475,33,33,3,8,
51507,22395,771475,27,27,3,8,
51508,20110,771475,3,4,4,8,
51509,15149,771475,33,33,3,9,
51510,12994,771475,23,23,3,9,
51511,17667,771475,29,29,3,9,
51512,12938,771475,19,19,3,9,
51513,15693,771475,19,19,3,8,
51514,34728,771475,3,4,4,7,
51515,2485,771475,3,4,4,8,
51516,4974,771475,3,4,4,8,
51517,7657,771475,15,15,3,8,
51518,8060,771475,15,15,3,8,
51519,7733,771475,3,4,4,7,
51520,8595,771475,3,4,4,9,
51521,1644,771475,3,4,4,9,
51522,42123,771475,33,33,3,8,
51523,38383,771475,25,25,3,8,
51524,39652,771475,25,25,3,7,
51525,33495,771475,25,25,3,7,
51526,35062,771475,3,4,4,8,
51527,2061,771475,3,4,4,8,
51528,35092,771475,29,29,3,8,
51529,19707,771475,3,4,4,8,
51530,22008,771475,3,4,4,7,
51531,1830,771475,3,4,4,7,
51532,11777,771475,17,17,3,6,
51533,13909,771475,13,13,3,6,
51534,14475,771475,3,4,4,6,
51535,16352,771475,27,27,3,8,
51536,2227,771475,3,4,4,8,
51537,9313,771475,19,19,3,6,
51538,12768,771475,19,19,3,7,
51539,14520,771475,21,21,3,6,
51540,17854,771475,33,33,3,6,
51541,15633,771475,27,27,3,7,
51542,2373,771475,3,4,4,6,
51543,9342,771475,13,13,3,7,
51544,4011,771475,3,4,4,8,
51545,8954,771475,15,15,3,8,
51546,1513,771475,3,4,4,8,
51547,2564,771475,3,4,4,8,
51548,12519,771475,23,23,3,7,
51549,13958,771475,3,4,4,8,
51550,11355,771475,3,4,4,9,
51551,15856,771475,29,29,3,9,
51552,16184,771475,3,4,4,9,
51553,12274,771475,23,23,3,8,
51554,6660,771475,3,4,4,8,
51555,10937,771475,3,4,4,9,
51556,11927,771475,25,25,3,9,
51557,12196,771475,3,4,4,8,
51558,11247,771475,23,23,3,8,
51559,2180,771475,3,4,4,8,
51560,11704,771475,3,4,4,8,
51561,9357,771475,17,17,3,8,
51562,8701,771475,3,4,4,8,
51563,1395,771475,3,4,4,9,
51564,2098,771475,3,4,4,8,
51565,15678,771475,25,25,3,9,
51566,9649,771475,15,15,3,8,
51567,14989,771475,3,4,4,8,
51568,16325,771475,19,19,3,8,
51569,3151,771475,3,4,4,8,
51570,3375,771475,3,4,4,8,
51571,13665,771475,25,25,3,9,
51572,21651,771475,23,23,3,8,
51573,9549,771475,13,13,3,8,
51574,12641,771475,3,4,4,8,
51575,15217,771475,21,21,3,8,
51576,10244,771475,19,19,3,9,
51577,8915,771475,3,4,4,8,
51578,27189,771475,23,23,3,8,
51579,12623,771475,19,19,3,9,
51580,14606,771475,15,15,3,9,
51581,1739,771475,3,4,4,8,
51582,20122,771475,33,33,3,8,
51583,2783,771475,3,4,4,8,
51584,14411,771475,19,19,3,8,
51585,20563,771475,3,4,4,8,
51586,14559,771475,25,25,3,9,
51587,14633,771475,3,4,4,9,
51588,3910,771475,3,4,4,8,
51589,15642,771475,23,23,3,8,
51590,20577,771475,29,29,3,8,
51591,9665,771475,17,17,3,8,
51592,22035,771475,33,33,3,9,
51593,15045,771475,15,15,3,9,
51594,3354,771475,3,4,4,9,
51595,8500,771475,13,13,3,9,
51596,22485,771475,27,27,3,8,
51597,11220,771475,3,4,4,9,
51598,23871,771475,31,31,3,7,
51599,6837,771475,13,13,3,9,
51600,12075,771475,3,4,4,8,
51601,18287,771475,27,27,3,9,
51602,18967,771475,3,4,4,8,
51603,21257,771475,29,29,3,8,
51604,14052,771475,3,4,4,9,
51605,1700,771475,3,4,4,9,
51606,1437,771475,3,4,4,9,
51607,29812,771475,33,33,3,8,
51608,14149,771475,15,15,3,8,
51609,9141,771475,17,17,3,8,
51610,8611,771475,3,4,4,7,
51611,1668,771475,3,4,4,8,
51612,37423,771475,29,29,3,9,
51613,14526,771475,19,19,3,9,
51614,1454,771475,3,4,4,7,
51615,2036,771475,3,4,4,7,
51616,14536,771475,15,15,3,8,
51617,1327,771475,3,4,4,7,
51618,1814,771475,3,4,4,8,
51619,14105,771475,23,23,3,8,
51620,1998,771475,3,4,4,7,
51621,14800,771475,3,4,4,8,
51622,13461,771475,3,4,4,8,
51623,7806,771475,15,15,3,9,
51624,32684,771475,3,4,4,8,
51625,4070,771475,13,13,3,9,
51626,3066,771475,3,4,4,9,
51627,21320,771475,31,31,3,8,
51628,16457,771475,29,29,3,9,
51629,20604,771475,29,29,3,8,
51630,14508,771475,3,4,4,8,
51631,3188,771475,3,4,4,8,
51632,6695,771475,15,15,3,8,
51633,6741,771475,3,4,4,8,
51634,20323,771475,27,27,3,9,
51635,11824,771475,15,15,3,8,
51636,2233,771475,3,4,4,9,
51637,10970,771475,13,13,3,8,
51638,11850,771475,19,19,3,8,
51639,1239,771475,3,4,4,8,
51640,2225,771475,3,4,4,8,
51641,2894,771475,3,4,4,8,
51642,10955,771475,17,17,3,9,
51643,15920,771475,23,23,3,7,
51644,1941,771475,3,4,4,8,
51645,4230,771475,3,4,4,8,
51646,14233,771475,13,13,3,8,
51647,14926,771475,17,17,3,7,
51648,14041,771475,3,4,4,8,
51649,7813,771475,15,15,3,9,
51650,17440,771475,17,17,3,8,
51651,8821,771475,15,15,3,8,
51652,11970,771475,19,19,3,8,
51653,21451,771475,27,27,3,9,
51654,6036,771475,3,4,4,9,
51655,18599,771475,3,4,4,9,
51656,3290,771475,3,4,4,7,
51657,15134,771475,29,29,3,8,
51658,2973,771475,3,4,4,8,
51659,10083,771475,15,15,3,8,
51660,4060,771475,3,4,4,7,
51661,2055,771475,3,4,4,8,
51662,6576,771475,13,13,3,7,
51663,1452,771475,3,4,4,8,
51664,3209,771475,3,4,4,8,
51665,2791,771475,3,4,4,9,
51666,3307,771475,3,4,4,7,
51667,9521,771475,13,13,3,8,
51668,3157,771475,3,4,4,9,
51669,13712,771475,27,27,3,8,
51670,11957,771475,21,21,3,9,
51671,11940,771475,3,4,4,7,
51672,14319,771475,3,4,4,8,
51673,7135,771475,3,4,4,8,
51674,5170,771475,3,4,4,9,
51675,13651,771475,33,33,3,8,
51676,14090,771475,3,4,4,8,
51677,10967,771475,21,21,3,8,
51678,14167,771475,27,27,3,9,
51679,10732,771475,3,4,4,8,
51680,14392,771475,3,4,4,9,
51681,1343,771475,3,4,4,8,
51682,2273,771475,3,4,4,8,
51683,2761,771475,3,4,4,9,
51684,2689,771475,3,4,4,8,
51685,15345,771475,25,25,3,8,
51686,18677,771475,31,31,3,9,
51687,8596,771475,13,13,3,9,
51688,15388,771475,15,15,3,7,
51689,18362,771475,3,4,4,8,
51690,17042,771475,21,21,3,9,
51691,12571,771475,21,21,3,8,
51692,15471,771475,3,4,4,8,
51693,5432,771475,13,13,3,9,
51694,5170,771475,3,4,4,8,
51695,21461,771475,31,31,3,8,
51696,5159,771475,13,13,3,8,
51697,12856,771475,23,23,3,9,
51698,16633,771475,3,4,4,8,
51699,17134,771475,29,29,3,8,
51700,18090,771475,3,4,4,8,
51701,9136,771475,3,4,4,9,
51702,2142,771475,3,4,4,9,
51703,14406,771475,23,23,3,8,
51704,19032,771475,25,25,3,9,
51705,12517,771475,23,23,3,8,
51706,15987,771475,25,25,3,9,
51707,4327,771475,13,13,3,9,
51708,5457,771475,3,4,4,9,
51709,2197,771475,3,4,4,7,
51710,1972,771475,3,4,4,8,
51711,4208,771475,3,4,4,9,
51712,2083,771475,3,4,4,6,
51713,15089,771475,25,25,3,8,
51714,2787,771475,3,4,4,8,
51715,9100,771475,19,19,3,7,
51716,21760,771475,27,27,3,7,
51717,20288,771475,31,31,3,8,
51718,13501,771475,21,21,3,8,
51719,7231,771475,13,13,3,9,
51720,21242,771475,3,4,4,8,
51721,19476,771475,3,4,4,9,
51722,24573,771475,33,33,3,9,
51723,25614,771475,3,4,4,8,
51724,6838,771475,3,4,4,8,
51725,5833,771475,19,19,3,9,
51726,1829,771475,3,4,4,8,
51727,2758,771475,3,4,4,8,
51728,972,771475,3,4,4,8,
51729,16912,771475,19,19,3,8,
51730,1139,771475,3,4,4,8,
51731,22052,771475,27,27,3,8,
51732,8272,771475,19,19,3,8,
51733,10930,771475,21,21,3,9,
51734,9499,771475,17,17,3,8,
51735,10590,771475,3,4,4,8,
51736,2862,771475,3,4,4,9,
51737,11947,771475,17,17,3,9,
51738,11828,771475,3,4,4,9,
51739,14260,771475,13,13,3,9,
51740,15654,771475,25,25,3,9,
51741,10673,771475,3,4,4,8,
51742,10895,771475,13,13,3,8,
51743,3121,771475,3,4,4,9,
51744,19544,771475,23,23,3,8,
51745,8513,771475,3,4,4,8,
51746,15315,771475,17,17,3,9,
51747,2607,771475,3,4,4,9,
51748,11228,771475,17,17,3,9,
51749,10080,771475,15,15,3,8,
51750,2385,771475,3,4,4,8,
51751,15263,771475,15,15,3,8,
51752,2991,771475,3,4,4,8,
51753,10343,771475,15,15,3,8,
51754,2654,771475,3,4,4,8,
51755,14342,771475,25,25,3,9,
51756,9222,771475,3,4,4,8,
51757,1843,771475,3,4,4,9,
51758,2485,771475,3,4,4,9,
51759,1421,771475,3,4,4,9,
51760,22666,771475,33,33,3,9,
51761,24822,771475,3,4,4,8,
51762,1393,771475,3,4,4,8,
51763,3240,771475,3,4,4,8,
51764,11189,771475,25,25,3,8,
51765,2942,771475,3,4,4,8,
51766,11327,771475,21,21,3,8,
51767,10622,771475,3,4,4,8,
51768,13215,771475,25,25,3,9,
51769,10572,771475,3,4,4,8,
51770,13940,771475,3,4,4,8,
51771,12086,771475,27,27,3,8,
51772,12656,771475,21,21,3,9,
51773,14953,771475,25,25,3,8,
51774,19424,771475,25,26,3,8,
51775,11753,771475,19,19,3,9,
51776,12966,771475,3,4,4,9,
51777,7793,771475,15,15,3,8,
51778,16565,771475,23,23,3,8,
51779,2097,771475,3,4,4,9,
51780,1997,771475,3,4,4,9,
51781,20966,771475,23,23,3,9,
51782,2530,771475,3,4,4,9,
51783,3103,771475,3,4,4,8,
51784,18688,771475,3,4,4,9,
51785,6560,771475,13,13,3,8,
51786,9943,771475,19,19,3,8,
51787,2123,771475,3,4,4,8,
51788,5912,771475,3,4,4,8,
51789,5696,771475,3,4,4,8,
51790,19667,771475,33,33,3,8,
51791,20512,771475,3,4,4,8,
51792,2189,771475,3,4,4,9,
51793,1682,771475,3,4,4,8,
51794,1949,771475,3,4,4,8,
51795,2272,771475,3,4,4,8,
51796,2701,771475,3,4,4,8,
51797,1671,771475,3,4,4,7,
51798,10908,771475,21,21,3,8,
51799,3398,771475,3,4,4,8,
51800,2717,771475,3,4,4,7,
51801,66303,771475,29,29,3,6,
51802,16623,771475,33,33,3,9,
51803,8742,771475,19,19,3,9,
51804,7986,771475,15,15,3,7,
51805,8404,771475,3,4,4,9,
51806,58969,771475,31,31,3,7,
51807,74194,771475,17,17,3,9,
51808,49497,771475,25,25,3,7,
51809,2639,771475,3,4,4,8,
51810,7133,771475,3,4,4,8,
51811,58776,771475,31,31,3,8,
51812,8293,771475,13,13,3,8,
51813,46031,771475,19,19,3,8,
51814,6766,771475,13,13,3,8,
51815,2089,771475,3,4,4,9,
51816,1663,771475,3,4,4,8,
51817,34567,771475,3,4,4,8,
51818,28738,771475,3,4,4,8,
51819,46061,771475,3,4,4,7,
51820,36902,771475,21,21,3,8,
51821,4663,771475,3,4,4,7,
51822,6336,771475,3,4,4,7,
51823,8527,771475,13,13,3,7,
51824,19458,771475,25,25,3,7,
51825,23684,771475,27,27,3,7,
51826,21400,771475,27,27,3,8,
51827,20945,771475,3,4,4,9,
51828,25532,771475,3,4,4,8,
51829,4607,771475,3,4,4,9,
51830,4093,771475,3,4,4,9,
51831,22289,771475,29,29,3,8,
51832,3263,771475,3,4,4,8,
51833,2801,771475,3,4,4,9,
51834,10867,771475,21,21,3,8,
51835,2821,771475,3,4,4,9,
51836,12338,771475,13,13,3,8,
51837,15968,771475,3,4,4,9,
51838,29491,771475,27,27,3,9,
51839,3328,771475,3,4,4,9,
51840,16576,771475,25,25,3,8,
51841,2102,771475,3,4,4,9,
51842,18170,771475,3,4,4,9,
51843,10322,771475,17,17,3,8,
51844,14716,771475,17,17,3,8,
51845,10890,771475,3,4,4,9,
51846,18668,771475,3,4,4,8,
51847,13193,771475,13,13,3,8,
51848,25601,771475,31,31,3,8,
51849,29112,771475,3,4,4,9,
51850,1914,771475,3,4,4,9,
51851,10959,771475,13,13,3,8,
51852,10058,771475,3,4,4,8,
51853,15086,771475,23,23,3,8,
51854,29826,771475,25,25,3,9,
51855,13939,771475,15,15,3,8,
51856,14679,771475,3,4,4,9,
51857,15755,771475,27,27,3,8,
51858,2597,771475,3,4,4,8,
51859,17939,771475,3,4,4,8,
51860,21295,771475,21,21,3,8,
51861,15093,771475,13,13,3,8,
51862,6811,771475,3,4,4,8,
51863,5892,771475,3,4,4,8,
51864,14258,771475,3,4,4,9,
51865,30640,771475,25,25,3,9,
51866,21159,771475,23,23,3,9,
51867,27566,771475,3,4,4,7,
51868,19593,771475,3,4,4,8,
51869,1228,771475,3,4,4,8,
51870,18555,771475,23,23,3,8,
51871,7348,771475,3,4,4,9,
51872,18203,771475,3,4,4,9,
51873,2401,771475,3,4,4,9,
51874,3762,771475,3,4,4,8,
51875,17442,771475,19,19,3,8,
51876,6209,771475,3,4,4,9,
51877,30780,771475,31,31,3,8,
51878,2541,771475,3,4,4,9,
51879,26390,771475,17,17,3,9,
51880,27111,771475,3,4,4,8,
51881,20547,771475,15,15,3,8,
51882,30596,771475,25,25,3,8,
51883,11364,771475,13,13,3,9,
51884,9663,771475,3,4,4,8,
51885,1333,771475,3,4,4,8,
51886,8393,771475,15,15,3,7,
51887,8162,771475,13,13,3,8,
51888,7536,771475,3,4,4,7,
51889,1340,771475,3,4,4,7,
51890,773,771475,3,4,4,7,
51891,20966,771475,33,33,3,7,
51892,5576,771475,3,4,4,7,
51893,3217,771475,3,4,4,8,
51894,26565,771475,33,33,3,9,
51895,35905,771475,29,29,3,8,
51896,13627,771475,3,4,4,9,
51897,34991,771475,3,4,4,8,
51898,1790,771475,3,4,4,8,
51899,3216,771475,3,4,4,7,
51900,533,771475,3,4,4,7,
51901,1334,771475,3,4,4,8,
51902,5545,771475,3,4,4,8,
51903,22435,771475,23,23,3,9,
51904,25455,771475,3,4,4,8,
51905,16580,771475,17,17,3,8,
51906,41218,771475,31,31,3,8,
51907,29459,771475,33,33,3,9,
51908,27831,771475,3,4,4,8,
51909,9765,771475,3,4,4,8,
51910,8616,771475,3,4,4,8,
51911,30333,771475,31,31,3,8,
51912,26088,771475,21,21,3,8,
51913,19455,771475,19,19,3,9,
51914,26222,771475,3,4,4,7,
51915,19797,771475,27,27,3,8,
51916,2648,771475,3,4,4,9,
51917,1158,771475,3,4,4,8,
51918,15557,771475,21,21,3,8,
51919,34940,771475,29,29,3,9,
51920,3580,771475,3,4,4,8,
51921,25531,771475,15,15,3,9,
51922,25090,771475,3,4,4,9,
51923,1829,771475,3,4,4,7,
51924,2927,771475,3,4,4,9,
51925,4374,771475,3,4,4,8,
51926,7839,771475,17,17,3,6,
51927,4741,771475,3,4,4,7,
51928,25543,771475,23,23,3,8,
51929,24645,771475,3,4,4,8,
51930,22413,771475,25,25,3,9,
51931,10737,771475,19,19,3,7,
51932,22272,771475,31,31,3,7,
51933,19593,771475,27,27,3,8,
51934,9209,771475,3,4,4,8,
51935,16094,771475,27,27,3,8,
51936,15824,771475,3,4,4,9,
51937,29331,771475,31,31,3,8,
51938,27080,771475,23,23,3,8,
51939,31654,771475,23,23,3,8,
51940,6734,771475,3,4,4,8,
51941,1510,771475,3,4,4,9,
51942,43560,771475,21,21,3,8,
51943,45780,771475,33,33,3,8,
51944,19198,771475,3,4,4,8,
51945,37141,771475,29,29,3,8,
51946,51806,771475,31,31,3,9,
51947,41868,771475,3,4,4,8,
51948,17297,771475,21,21,3,8,
51949,3003,771475,3,4,4,9,
51950,3677,771475,3,4,4,8,
51951,21511,771475,15,15,3,8,
51952,76989,771475,33,33,3,7,
51953,35298,771475,3,4,4,8,
51954,44991,771475,31,31,3,9,
51955,25913,771475,23,23,3,9,
51956,5094,771475,3,4,4,7,
51957,4389,771475,3,4,4,8,
51958,28250,771475,13,13,3,9,
51959,3516,771475,3,4,4,8,
51960,59222,771475,31,31,3,8,
51961,51690,771475,17,17,3,6,
51962,64100,771475,29,29,3,6,
51963,20426,771475,15,15,3,8,
51964,22539,771475,3,4,4,8,
51965,77332,771475,27,27,3,8,
51966,75027,771475,3,4,4,7,
51967,11372,771475,29,30,3,8,
51968,36770,771475,3,4,4,7,
51969,45395,771475,23,23,3,7,
51970,7051,771475,3,4,4,6,
51971,10842,771475,3,4,4,7,
51972,11412,771475,13,13,3,7,
51973,1176,771475,3,4,4,6,
51974,4235,771475,3,4,4,6,
51975,24257,771475,19,19,3,6,
51976,1890,771475,3,4,4,7,
51977,4747,771475,3,4,4,7,
51978,11224,771475,23,23,3,6,
51979,19252,771475,23,23,3,6,
51980,20907,771475,3,4,4,7,
51981,38664,771475,25,25,3,7,
51982,32937,771475,15,15,3,7,
51983,10978,771475,3,4,4,7,
51984,30708,771475,3,4,4,7,
51985,26317,771475,3,4,4,6,
51986,24697,771475,15,15,3,7,
51987,52877,771475,27,27,3,7,
51988,57877,771475,31,31,3,7,
51989,50931,771475,27,27,3,8,
51990,1794,771475,3,4,4,8,
51991,1534,771475,3,4,4,8,
51992,2399,771475,3,4,4,8,
51993,1392,771475,3,4,4,8,
51994,2185,771475,3,4,4,8,
51995,702,771475,3,4,4,8,
51996,42092,771475,19,19,3,8,
51997,39912,771475,15,15,3,9,
51998,1512,771475,3,4,4,8,
51999,31044,771475,3,4,4,9,
52000,1705,771475,3,4,4,8,
52001,1885,771475,3,4,4,8,
52002,29840,771475,17,17,3,8,
52003,22390,771475,3,4,4,9,
52004,31264,771475,23,23,3,8,
52005,37203,771475,23,23,3,8,
52006,56216,771475,33,33,3,8,
52007,6527,771475,3,4,4,8,
52008,35910,771475,33,33,3,9,
52009,34914,771475,3,4,4,8,
52010,7536,771475,3,4,4,8,
52011,1949,771475,3,4,4,8,
52012,2722,771475,3,4,4,8,
52013,3261,771475,3,4,4,8,
52014,4664,771475,3,4,4,8,
52015,4258,771475,3,4,4,8,
52016,46439,771475,31,31,3,8,
52017,4302,771475,3,4,4,7,
52018,3108,771475,3,4,4,8,
52019,31132,771475,19,19,3,8,
52020,2387,771475,3,4,4,8,
52021,40203,771475,3,4,4,7,
52022,3176,771475,3,4,4,8,
52023,17678,771475,13,13,3,8,
52024,3469,771475,3,4,4,8,
52025,8170,771475,3,4,4,8,
52026,17931,771475,13,13,3,8,
52027,34646,771475,33,33,3,8,
52028,17203,771475,15,15,3,9,
52029,4536,771475,3,4,4,9,
52030,9182,771475,15,15,3,8,
52031,12594,771475,21,21,3,8,
52032,1873,771475,3,4,4,8,
52033,17055,771475,21,21,3,8,
52034,8874,771475,15,15,3,8,
52035,12508,771475,3,4,4,9,
52036,28230,771475,25,25,3,8,
52037,5457,771475,3,4,4,9,
52038,2166,771475,3,4,4,7,
52039,13496,771475,17,17,3,9,
52040,2457,771475,3,4,4,7,
52041,21589,771475,19,19,3,7,
52042,4045,771475,3,4,4,7,
52043,3788,771475,3,4,4,8,
52044,24644,771475,3,4,4,7,
52045,19206,771476,21,21,3,7,
52046,19354,771476,3,4,4,7,
52047,3712,771476,3,4,4,9,
52048,7692,771476,3,4,4,8,
52049,18364,771476,3,4,4,8,
52050,21153,771476,29,29,3,7,
52051,12626,771476,17,17,3,9,
52052,21403,771476,23,23,3,9,
52053,21275,771476,3,4,4,9,
52054,29968,771476,27,27,3,8,
52055,3836,771476,3,4,4,7,
52056,24330,771476,19,19,3,8,
52057,1773,771476,3,4,4,7,
52058,2799,771476,3,4,4,8,
52059,2931,771476,3,4,4,7,
52060,13570,771476,17,17,3,8,
52061,18086,771476,17,17,3,7,
52062,24382,771476,25,25,3,7,
52063,15400,771476,15,15,3,8,
52064,21356,771476,27,27,3,8,
52065,12046,771476,15,15,3,9,
52066,26701,771476,27,27,3,9,
52067,26569,771476,3,4,4,9,
52068,8199,771476,3,4,4,9,
52069,4827,771476,3,4,4,8,
52070,23302,771476,23,23,3,8,
52071,2705,771476,3,4,4,7,
52072,2574,771476,3,4,4,8,
52073,21745,771476,23,23,3,9,
52074,4385,771476,3,4,4,7,
52075,3421,771476,3,4,4,8,
52076,28315,771476,33,33,3,8,
52077,6206,771476,3,4,4,8,
52078,4039,771476,3,4,4,8,
52079,15408,771476,3,4,4,9,
52080,11039,771476,13,13,3,8,
52081,19301,771476,25,25,3,8,
52082,15921,771476,15,15,3,8,
52083,21207,771476,3,4,4,8,
52084,2785,771476,3,4,4,9,
52085,14559,771476,21,21,3,8,
52086,11875,771476,19,19,3,8,
52087,7655,771476,3,4,4,8,
52088,43999,771476,27,27,3,9,
52089,48733,771476,3,4,4,9,
52090,10164,771476,3,4,4,8,
52091,1222,771476,3,4,4,9,
52092,2740,771476,3,4,4,8,
52093,3137,771476,3,4,4,8,
52094,9556,771476,17,17,3,8,
52095,2569,771476,3,4,4,7,
52096,1731,771476,3,4,4,8,
52097,4200,771476,3,4,4,8,
52098,2460,771476,3,4,4,7,
52099,8447,771476,3,4,4,8,
52100,43900,771476,33,33,3,8,
52101,44209,771476,3,4,4,8,
52102,37782,771476,19,19,3,8,
52103,41947,771476,21,21,3,8,
52104,33469,771476,13,13,3,9,
52105,37571,771476,21,21,3,9,
52106,45879,771476,29,29,3,9,
52107,26012,771476,3,4,4,8,
52108,14805,771476,19,19,3,8,
52109,6683,771476,3,4,4,9,
52110,14519,771476,3,4,4,9,
52111,5430,771476,3,4,4,8,
52112,19504,771476,29,29,3,8,
52113,19403,771476,3,4,4,8,
52114,2503,771476,3,4,4,8,
52115,2794,771476,3,4,4,8,
52116,2644,771476,3,4,4,7,
52117,12834,771476,15,15,3,9,
52118,889,771476,3,4,4,7,
52119,11403,771476,3,4,4,8,
52120,17827,771476,33,33,3,8,
52121,22623,771476,3,4,4,8,
52122,17318,771476,25,25,3,8,
52123,20943,771476,3,4,4,8,
52124,32352,771476,27,27,3,9,
52125,33205,771476,3,4,4,9,
52126,30470,771476,29,29,3,8,
52127,20540,771476,19,19,3,8,
52128,28815,771476,25,25,3,8,
52129,19881,771476,29,29,3,9,
52130,2653,771476,3,4,4,8,
52131,2890,771476,3,4,4,8,
52132,20002,771476,23,23,3,8,
52133,42416,771476,31,31,3,8,
52134,21031,771476,3,4,4,8,
52135,34201,771476,29,29,3,9,
52136,13977,771476,21,21,3,8,
52137,8102,771476,3,4,4,9,
52138,2770,771476,3,4,4,8,
52139,20941,771476,25,25,3,8,
52140,24852,771476,13,13,3,8,
52141,21447,771476,3,4,4,8,
52142,45591,771476,31,31,3,9,
52143,17897,771476,19,19,3,7,
52144,1393,771476,3,4,4,8,
52145,18942,771476,3,4,4,8,
52146,25706,771476,29,29,3,9,
52147,15484,771476,13,13,3,8,
52148,5965,771476,3,4,4,7,
52149,29833,771476,25,25,3,6,
52150,28370,771476,23,23,3,7,
52151,29229,771476,3,4,4,7,
52152,10635,771476,3,4,4,8,
52153,16021,771476,13,13,3,9,
52154,22868,771476,23,23,3,6,
52155,15249,771476,3,4,4,8,
52156,21700,771476,21,21,3,8,
52157,2701,771476,3,4,4,8,
52158,5190,771476,3,4,4,8,
52159,7818,771476,13,13,3,9,
52160,7746,771476,3,4,4,8,
52161,11110,771476,13,13,3,8,
52162,10703,771476,3,4,4,8,
52163,6966,771476,3,4,4,9,
52164,41784,771476,31,31,3,9,
52165,41102,771476,3,4,4,6,
52166,589,771476,3,4,4,7,
52167,6493,771476,3,4,4,8,
52168,29233,771476,27,27,3,8,
52169,1337,771476,3,4,4,7,
52170,33052,771476,21,21,3,7,
52171,29229,771476,33,33,3,8,
52172,7162,771476,3,4,4,9,
52173,6275,771476,3,4,4,7,
52174,13781,771476,23,23,3,8,
52175,35495,771476,21,21,3,8,
52176,25601,771476,21,21,3,9,
52177,32542,771476,3,4,4,8,
52178,37757,771476,31,31,3,8,
52179,12977,771476,13,13,3,8,
52180,33545,771476,27,27,3,8,
52181,31341,771476,33,33,3,8,
52182,12364,771476,25,25,3,9,
52183,20715,771476,33,33,3,8,
52184,32754,771476,3,4,4,8,
52185,9946,771476,3,4,4,7,
52186,23049,771476,13,13,3,7,
52187,24266,771476,3,4,4,9,
52188,13125,771476,3,4,4,8,
52189,16334,771476,3,4,4,8,
52190,39714,771476,33,33,3,8,
52191,26938,771476,21,21,3,9,
52192,12057,771476,15,15,3,8,
52193,26303,771476,3,4,4,8,
52194,8748,771476,3,4,4,7,
52195,3519,771476,3,4,4,7,
52196,5945,771476,3,4,4,9,
52197,16473,771476,19,19,3,8,
52198,33131,771476,29,29,3,8,
52199,30509,771476,33,33,3,7,
52200,22721,771476,17,17,3,8,
52201,28411,771476,27,27,3,9,
52202,32677,771476,33,33,3,8,
52203,28383,771476,3,4,4,8,
52204,2708,771476,3,4,4,8,
52205,14616,771476,3,4,4,8,
52206,12077,771476,15,15,3,8,
52207,39321,771476,33,33,3,9,
52208,2093,771476,3,4,4,9,
52209,38096,771476,31,31,3,9,
52210,61047,771476,25,25,3,9,
52211,17523,771476,19,19,3,8,
52212,34600,771476,3,4,4,8,
52213,22660,771476,3,4,4,8,
52214,14118,771476,17,17,3,9,
52215,41534,771476,33,33,3,8,
52216,34681,771476,29,29,3,9,
52217,7936,771476,3,4,4,9,
52218,2189,771476,3,4,4,8,
52219,3617,771476,3,4,4,7,
52220,2999,771476,3,4,4,8,
52221,18805,771476,13,13,3,9,
52222,1510,771476,3,4,4,8,
52223,19403,771476,25,25,3,7,
52224,17312,771476,3,4,4,9,
52225,19167,771476,3,4,4,9,
52226,5369,771476,3,4,4,8,
52227,22983,771476,3,4,4,8,
52228,11301,771476,17,17,3,7,
52229,11938,771476,3,4,4,8,
52230,6927,771476,3,4,4,8,
52231,2006,771476,3,4,4,9,
52232,23187,771476,27,27,3,9,
52233,12945,771476,13,13,3,7,
52234,3676,771476,3,4,4,8,
52235,2376,771476,3,4,4,8,
52236,1812,771476,3,4,4,7,
52237,34951,771476,33,33,3,6,
52238,26535,771476,23,23,3,8,
52239,1569,771476,3,4,4,8,
52240,26724,771476,3,4,4,8,
52241,1229,771476,3,4,4,8,
52242,35963,771476,3,4,4,8,
52243,29097,771476,27,27,3,9,
52244,16496,771476,13,13,3,9,
52245,2028,771476,3,4,4,8,
52246,16729,771476,27,27,3,8,
52247,22908,771476,27,27,3,8,
52248,10757,771476,13,13,3,9,
52249,21399,771476,23,23,3,9,
52250,11653,771476,3,4,4,7,
52251,7040,771476,3,4,4,9,
52252,17380,771476,13,13,3,8,
52253,6389,771476,3,4,4,7,
52254,17140,771476,3,4,4,8,
52255,42898,771476,33,33,3,8,
52256,18669,771476,17,17,3,7,
52257,37008,771476,27,27,3,7,
52258,39827,771476,3,4,4,7,
52259,24005,771476,21,21,3,8,
52260,6622,771476,3,4,4,8,
52261,20143,771476,15,15,3,8,
52262,26168,771476,21,21,3,8,
52263,15090,771476,15,15,3,8,
52264,3133,771476,3,4,4,8,
52265,5618,771476,3,4,4,8,
52266,11432,771476,13,13,3,8,
52267,22673,771476,25,25,3,7,
52268,7766,771476,15,15,3,9,
52269,14698,771476,3,4,4,7,
52270,9169,771476,13,13,3,8,
52271,15027,771476,25,25,3,8,
52272,3109,771476,3,4,4,9,
52273,1913,771476,3,4,4,9,
52274,2694,771476,3,4,4,9,
52275,4152,771476,3,4,4,9,
52276,11500,771476,3,4,4,7,
52277,9905,771476,3,4,4,8,
52278,25973,771476,25,25,3,8,
52279,5193,771476,3,4,4,8,
52280,21835,771476,33,33,3,8,
52281,6536,771476,3,4,4,7,
52282,3472,771476,3,4,4,8,
52283,36554,771476,29,29,3,8,
52284,6419,771476,3,4,4,8,
52285,17120,771476,19,19,3,7,
52286,16789,771476,25,25,3,8,
52287,13360,771476,15,15,3,8,
52288,4275,771476,3,4,4,8,
52289,8410,771476,17,17,3,8,
52290,32397,771476,3,4,4,9,
52291,20615,771476,25,25,3,9,
52292,19688,771476,3,4,4,8,
52293,15138,771476,27,27,3,9,
52294,2836,771476,3,4,4,8,
52295,13850,771476,19,19,3,8,
52296,12804,771476,3,4,4,9,
52297,9175,771476,19,19,3,8,
52298,9501,771476,3,4,4,8,
52299,11737,771476,3,4,4,8,
52300,7377,771476,15,15,3,8,
52301,30394,771476,33,33,3,7,
52302,17261,771476,13,13,3,8,
52303,38574,771476,33,33,3,8,
52304,18246,771476,21,21,3,8,
52305,28015,771476,19,19,3,8,
52306,2481,771476,3,4,4,7,
52307,14995,771476,21,21,3,8,
52308,3259,771476,3,4,4,8,
52309,27929,771476,23,23,3,8,
52310,25642,771476,33,33,3,8,
52311,12286,771476,15,15,3,8,
52312,10129,771476,3,4,4,9,
52313,16467,771476,3,4,4,7,
52314,27996,771476,23,23,3,8,
52315,20050,771476,25,25,3,8,
52316,24993,771476,23,24,3,8,
52317,14175,771476,23,23,3,9,
52318,17695,771476,3,4,4,8,
52319,6499,771476,3,4,4,8,
52320,8142,771476,3,4,4,7,
52321,28268,771476,31,31,3,8,
52322,19460,771476,19,19,3,8,
52323,14543,771476,13,13,3,9,
52324,1188,771476,3,4,4,7,
52325,1022,771476,3,4,4,7,
52326,20787,771476,17,17,3,8,
52327,2307,771476,3,4,4,8,
52328,26658,771476,17,17,3,8,
52329,41864,771476,13,13,3,8,
52330,18843,771476,15,15,3,8,
52331,26662,771476,25,25,3,9,
52332,2215,771476,3,4,4,8,
52333,1885,771476,3,4,4,8,
52334,3701,771476,3,4,4,8,
52335,29552,771476,3,4,4,9,
52336,38444,771476,23,23,3,9,
52337,30103,771476,21,21,3,7,
52338,35574,771476,3,4,4,9,
52339,54883,771476,27,27,3,8,
52340,23303,771476,17,17,3,8,
52341,73778,771476,33,33,3,9,
52342,81288,771476,29,29,3,9,
52343,2962,771476,3,4,4,9,
52344,1922,771476,3,4,4,8,
52345,11227,771476,15,15,3,8,
52346,26574,771476,3,4,4,7,
52347,81964,771476,31,31,3,8,
52348,61032,771476,3,4,4,9,
52349,61991,771476,3,4,4,9,
52350,65223,771476,23,23,3,9,
52351,71711,771476,25,25,3,8,
52352,68351,771476,29,29,3,9,
52353,17239,771476,17,17,3,8,
52354,23544,771476,23,23,3,9,
52355,16976,771476,13,13,3,9,
52356,22038,771476,29,29,3,8,
52357,2074,771476,3,4,4,8,
52358,2289,771476,3,4,4,8,
52359,11394,771476,3,4,4,8,
52360,14816,771476,21,21,3,8,
52361,16495,771476,3,4,4,7,
52362,8965,771476,15,15,3,8,
52363,17024,771476,3,4,4,8,
52364,8363,771476,3,4,4,8,
52365,2729,771476,3,4,4,8,
52366,1616,771476,3,4,4,8,
52367,1689,771476,3,4,4,7,
52368,4760,771476,3,4,4,7,
52369,2470,771476,3,4,4,9,
52370,3614,771476,3,4,4,7,
52371,2188,771476,3,4,4,7,
52372,5509,771476,3,4,4,9,
52373,2480,771476,3,4,4,6,
52374,63311,771476,29,29,3,8,
52375,73995,771476,31,31,3,7,
52376,7290,771476,17,17,3,8,
52377,61852,771476,33,33,3,8,
52378,65159,771476,17,17,3,7,
52379,53492,771476,31,31,3,8,
52380,62254,771476,3,4,4,8,
52381,73677,771476,3,4,4,8,
52382,63796,771476,3,4,4,8,
52383,60743,771476,3,4,4,9,
52384,44899,771476,31,31,3,8,
52385,1577,771476,3,4,4,7,
52386,41223,771476,31,31,3,9,
52387,32131,771476,17,17,3,8,
52388,12288,771476,17,17,3,8,
52389,40189,771476,3,4,4,9,
52390,29026,771476,17,17,3,9,
52391,50397,771476,29,29,3,8,
52392,28395,771476,15,15,3,9,
52393,29107,771476,3,4,4,9,
52394,1064,771476,3,4,4,7,
52395,4130,771476,3,4,4,7,
52396,23152,771476,25,25,3,8,
52397,14090,771476,25,25,3,9,
52398,26220,771476,29,30,3,7,
52399,21907,771476,3,4,4,8,
52400,3227,771476,3,4,4,8,
52401,45501,771476,19,19,3,9,
52402,12366,771476,15,15,3,9,
52403,11693,771476,3,4,4,9,
52404,2060,771476,3,4,4,9,
52405,2687,771476,3,4,4,8,
52406,2325,771476,3,4,4,9,
52407,14170,771476,21,21,3,7,
52408,12332,771476,19,19,3,8,
52409,13853,771476,3,4,4,8,
52410,13457,771476,17,17,3,8,
52411,12767,771476,3,4,4,9,
52412,4582,771476,3,4,4,6,
52413,1779,771476,3,4,4,8,
52414,1958,771476,3,4,4,8,
52415,34696,771476,23,23,3,8,
52416,12045,771476,17,17,3,8,
52417,72407,771476,31,31,3,7,
52418,21366,771476,3,4,4,8,
52419,36016,771476,29,29,3,8,
52420,1826,771476,3,4,4,8,
52421,26143,771476,31,31,3,9,
52422,25300,771476,3,4,4,8,
52423,20776,771476,15,15,3,9,
52424,20131,771476,19,19,3,9,
52425,14488,771476,15,15,3,9,
52426,18138,771476,15,15,3,9,
52427,43660,771476,23,23,3,8,
52428,15314,771476,19,19,3,8,
52429,26443,771476,21,21,3,9,
52430,37285,771476,30,31,3,9,
52431,10331,771476,19,19,3,8,
52432,23941,771476,21,21,3,9,
52433,48485,771476,31,31,3,8,
52434,3515,771476,3,4,4,8,
52435,4689,771476,3,4,4,8,
52436,17402,771476,17,17,3,8,
52437,3088,771476,3,4,4,8,
52438,11193,771476,3,4,4,8,
52439,4147,771476,3,4,4,8,
52440,24726,771476,23,23,3,8,
52441,42521,771476,29,29,3,8,
52442,37534,771476,29,29,3,8,
52443,12471,771476,3,4,4,8,
52444,28293,771476,29,29,3,8,
52445,9338,771476,3,4,4,8,
52446,4740,771476,3,4,4,8,
52447,10111,771476,15,15,3,8,
52448,10017,771476,3,4,4,8,
52449,2396,771476,3,4,4,8,
52450,2444,771476,3,4,4,8,
52451,33677,771476,25,25,3,8,
52452,2295,771476,3,4,4,8,
52453,9066,771476,13,13,3,8,
52454,18329,771476,3,4,4,8,
52455,13450,771476,17,17,3,9,
52456,2108,771476,3,4,4,8,
52457,1393,771476,3,4,4,8,
52458,19465,771476,25,25,3,8,
52459,24934,771476,3,4,4,8,
52460,19588,771476,3,4,4,9,
52461,6675,771476,3,4,4,9,
52462,29499,771476,27,27,3,8,
52463,28321,771476,29,29,3,8,
52464,7816,771476,17,17,3,9,
52465,40841,771476,33,33,3,8,
52466,1591,771476,3,4,4,8,
52467,1593,771476,3,4,4,8,
52468,9703,771476,17,17,3,9,
52469,9800,771476,3,4,4,9,
52470,29415,771476,31,31,3,8,
52471,32111,771476,29,29,3,8,
52472,32001,771476,3,4,4,8,
52473,5453,771476,3,4,4,8,
52474,8136,771476,3,4,4,8,
52475,3212,771476,3,4,4,8,
52476,20551,771476,19,19,3,8,
52477,4332,771476,3,4,4,9,
52478,16917,771476,19,19,3,7,
52479,16618,771476,21,21,3,8,
52480,24263,771476,29,29,3,8,
52481,11295,771476,13,13,3,9,
52482,19358,771476,3,4,4,8,
52483,30968,771476,31,31,3,8,
52484,11261,771476,3,4,4,9,
52485,1831,771476,3,4,4,8,
52486,3551,771476,3,4,4,7,
52487,31115,771476,3,4,4,8,
52488,30603,771476,31,32,3,7,
52489,18229,771476,17,17,3,8,
52490,2894,771476,3,4,4,7,
52491,8739,771476,13,13,3,8,
52492,23863,771476,27,27,3,8,
52493,29328,771476,25,25,3,8,
52494,69671,771476,33,33,3,8,
52495,18830,771476,27,27,3,9,
52496,17885,771476,3,4,4,8,
52497,19134,771476,3,4,4,9,
52498,15554,771476,3,4,4,9,
52499,34650,771476,27,27,3,8,
52500,3687,771476,3,4,4,8,
52501,36307,771476,3,4,4,8,
52502,69801,771476,27,27,3,8,
52503,26457,771476,31,31,3,8,
52504,1979,771476,3,4,4,8,
52505,5101,771476,3,4,4,9,
52506,23868,771476,23,23,3,8,
52507,23685,771476,21,21,3,7,
52508,3400,771476,3,4,4,8,
52509,39498,771476,31,31,3,9,
52510,33450,771476,25,25,3,8,
52511,25709,771476,23,23,3,9,
52512,18199,771476,23,23,3,8,
52513,21081,771476,25,25,3,7,
52514,12910,771476,21,21,3,8,
52515,18545,771476,23,23,3,8,
52516,12916,771476,3,4,4,8,
52517,19763,771476,3,4,4,9,
52518,3994,771476,3,4,4,8,
52519,26499,771476,3,4,4,7,
52520,19430,771476,27,27,3,9,
52521,3293,771476,3,4,4,8,
52522,24039,771476,19,19,3,8,
52523,28282,771476,27,27,3,8,
52524,20955,771476,21,21,3,8,
52525,15083,771476,25,25,3,7,
52526,2294,771476,3,4,4,8,
52527,19468,771476,3,4,4,9,
52528,32864,771476,29,29,3,9,
52529,33004,771476,3,4,4,9,
52530,32044,771477,31,31,3,9,
52531,8836,771477,3,4,4,8,
52532,17621,771477,21,21,3,9,
52533,4289,771477,3,4,4,8,
52534,49932,771477,25,25,3,8,
52535,34367,771477,29,29,3,8,
52536,3635,771477,3,4,4,8,
52537,1965,771477,3,4,4,8,
52538,2624,771477,3,4,4,8,
52539,17932,771477,23,23,3,8,
52540,3217,771477,3,4,4,9,
52541,11175,771477,13,13,3,8,
52542,23445,771477,27,27,3,9,
52543,38577,771477,31,31,3,8,
52544,8730,771477,13,13,3,9,
52545,23304,771477,23,23,3,9,
52546,53386,771477,25,26,3,9,
52547,9945,771477,21,21,3,9,
52548,13009,771477,3,4,4,8,
52549,8426,771477,3,4,4,8,
52550,27483,771477,23,23,3,9,
52551,10908,771477,15,15,3,9,
52552,14301,771477,13,13,3,8,
52553,15818,771477,3,4,4,8,
52554,9903,771477,13,13,3,9,
52555,28609,771477,25,25,3,9,
52556,10001,771477,13,13,3,8,
52557,12018,771477,13,13,3,9,
52558,13742,771477,13,13,3,8,
52559,3457,771477,3,4,4,9,
52560,6215,771477,3,4,4,7,
52561,48877,771477,33,33,3,5,
52562,2943,771477,3,4,4,8,
52563,25706,771477,19,19,3,9,
52564,3016,771477,3,4,4,8,
52565,20292,771477,31,31,3,9,
52566,69124,771477,31,31,3,8,
52567,632,771477,3,4,4,8,
52568,42329,771477,27,27,3,6,
52569,3918,771477,3,4,4,9,
52570,39472,771477,25,25,3,7,
52571,33865,771477,27,27,3,8,
52572,35519,771477,27,27,3,8,
52573,31287,771477,3,4,4,5,
52574,20591,771477,3,4,4,9,
52575,28350,771477,31,31,3,8,
52576,21190,771477,3,4,4,7,
52577,4645,771477,3,4,4,5,
52578,20554,771477,25,25,3,6,
52579,11852,771477,13,13,3,6,
52580,24442,771477,33,33,3,6,
52581,10699,771477,13,13,3,7,
52582,30500,771477,29,29,3,7,
52583,23413,771477,23,23,3,7,
52584,22297,771477,3,4,4,7,
52585,20380,771477,23,23,3,9,
52586,23810,771477,3,4,4,9,
52587,13922,771477,3,4,4,7,
52588,8686,771477,13,13,3,8,
52589,10906,771477,3,4,4,8,
52590,18155,771477,27,27,3,8,
52591,4200,771477,3,4,4,9,
52592,17287,771477,17,17,3,8,
52593,12778,771477,15,15,3,7,
52594,17255,771477,23,23,3,7,
52595,4856,771477,3,4,4,8,
52596,13482,771477,3,4,4,9,
52597,14839,771477,3,4,4,8,
52598,22072,771477,31,31,3,9,
52599,2495,771477,3,4,4,8,
52600,21438,771477,3,4,4,9,
52601,1248,771477,3,4,4,8,
52602,19586,771477,19,19,3,9,
52603,12354,771477,19,19,3,8,
52604,23478,771477,31,31,3,8,
52605,22953,771477,3,4,4,8,
52606,2171,771477,3,4,4,8,
52607,1199,771477,3,4,4,7,
52608,2734,771477,3,4,4,7,
52609,27479,771477,33,33,3,7,
52610,2436,771477,3,4,4,8,
52611,27825,771477,3,4,4,8,
52612,1409,771477,3,4,4,8,
52613,6533,771477,3,4,4,8,
52614,12897,771477,17,17,3,8,
52615,15708,771477,25,25,3,8,
52616,1699,771477,3,4,4,8,
52617,18243,771477,21,21,3,8,
52618,15516,771477,21,21,3,8,
52619,21940,771477,3,4,4,9,
52620,16453,771477,19,19,3,9,
52621,4432,771477,3,4,4,8,
52622,2397,771477,3,4,4,9,
52623,1696,771477,3,4,4,8,
52624,12744,771477,21,21,3,8,
52625,16993,771477,15,15,3,8,
52626,13492,771477,3,4,4,8,
52627,16391,771477,3,4,4,9,
52628,15899,771477,19,19,3,8,
52629,7642,771477,3,4,4,7,
52630,18819,771477,19,19,3,8,
52631,13984,771477,3,4,4,8,
52632,17351,771477,25,25,3,8,
52633,706,771477,3,4,4,8,
52634,2625,771477,3,4,4,8,
52635,1837,771477,3,4,4,9,
52636,2160,771477,3,4,4,8,
52637,29256,771477,33,33,3,8,
52638,20500,771477,25,25,3,8,
52639,30764,771477,3,4,4,8,
52640,21366,771477,31,31,3,8,
52641,10882,771477,13,13,3,9,
52642,10747,771477,3,4,4,8,
52643,14379,771477,23,23,3,8,
52644,13164,771477,3,4,4,8,
52645,1091,771477,3,4,4,8,
52646,15859,771477,17,17,3,9,
52647,16730,771477,3,4,4,8,
52648,2683,771477,3,4,4,9,
52649,2866,771477,3,4,4,9,
52650,1601,771477,3,4,4,8,
52651,27504,771477,27,27,3,8,
52652,17648,771477,21,21,3,7,
52653,17546,771477,21,21,3,8,
52654,17574,771477,3,4,4,8,
52655,5140,771477,3,4,4,8,
52656,3421,771477,3,4,4,8,
52657,13636,771477,13,13,3,8,
52658,30136,771477,29,29,3,8,
52659,18439,771477,21,21,3,8,
52660,12769,771477,13,13,3,8,
52661,2516,771477,3,4,4,9,
52662,2239,771477,3,4,4,8,
52663,20364,771477,31,31,3,8,
52664,33904,771477,33,33,3,9,
52665,10686,771477,3,4,4,8,
52666,23202,771477,29,29,3,8,
52667,24469,771477,3,4,4,9,
52668,27898,771477,25,25,3,8,
52669,16456,771477,3,4,4,9,
52670,3461,771477,3,4,4,8,
52671,35239,771477,33,33,3,9,
52672,3066,771477,3,4,4,9,
52673,24081,771477,21,21,3,9,
52674,35567,771477,27,27,3,8,
52675,27002,771477,25,25,3,8,
52676,40017,771477,33,33,3,8,
52677,19873,771477,27,27,3,9,
52678,26605,771477,23,23,3,8,
52679,24508,771477,33,33,3,8,
52680,15112,771477,3,4,4,8,
52681,10518,771477,15,15,3,9,
52682,14571,771477,3,4,4,8,
52683,11367,771477,13,13,3,8,
52684,3342,771477,3,4,4,9,
52685,11265,771477,13,13,3,8,
52686,2249,771477,3,4,4,8,
52687,2196,771477,3,4,4,6,
52688,8046,771477,3,4,4,8,
52689,16106,771477,23,23,3,7,
52690,12926,771477,23,23,3,8,
52691,14243,771477,3,4,4,8,
52692,17096,771477,13,13,3,8,
52693,12019,771477,21,21,3,8,
52694,24977,771477,21,21,3,8,
52695,6640,771477,3,4,4,8,
52696,2187,771477,3,4,4,9,
52697,1833,771477,3,4,4,8,
52698,2685,771477,3,4,4,8,
52699,20147,771477,21,21,3,7,
52700,18846,771477,25,25,3,8,
52701,29257,771477,33,33,3,9,
52702,19654,771477,3,4,4,9,
52703,14863,771477,3,4,4,8,
52704,1448,771477,3,4,4,8,
52705,14853,771477,19,19,3,7,
52706,9116,771477,17,17,3,8,
52707,26064,771477,33,33,3,9,
52708,7771,771477,3,4,4,9,
52709,2857,771477,3,4,4,8,
52710,3587,771477,3,4,4,8,
52711,27533,771477,31,31,3,9,
52712,19623,771477,25,25,3,6,
52713,26601,771477,3,4,4,7,
52714,13423,771477,23,23,3,7,
52715,16041,771477,21,21,3,8,
52716,17572,771477,29,29,3,8,
52717,13689,771477,3,4,4,9,
52718,19274,771477,3,4,4,9,
52719,7447,771477,3,4,4,9,
52720,10138,771477,15,15,3,8,
52721,2023,771477,3,4,4,9,
52722,21042,771477,29,29,3,9,
52723,21614,771477,3,4,4,8,
52724,1478,771477,3,4,4,8,
52725,28319,771477,31,31,3,9,
52726,9346,771477,13,13,3,8,
52727,29852,771477,3,4,4,8,
52728,1796,771477,3,4,4,9,
52729,12908,771477,19,19,3,9,
52730,7909,771477,13,13,3,8,
52731,6086,771477,3,4,4,9,
52732,12485,771477,19,19,3,9,
52733,13015,771477,3,4,4,8,
52734,17992,771477,19,19,3,8,
52735,17048,771477,3,4,4,9,
52736,7311,771477,15,15,3,9,
52737,11530,771477,17,17,3,8,
52738,7442,771477,13,13,3,9,
52739,20294,771477,31,31,3,8,
52740,3593,771477,3,4,4,9,
52741,22837,771477,29,29,3,8,
52742,2457,771477,3,4,4,8,
52743,24868,771477,31,31,3,9,
52744,16560,771477,3,4,4,8,
52745,25185,771477,3,4,4,8,
52746,4389,771477,3,4,4,8,
52747,3436,771477,3,4,4,8,
52748,28228,771477,29,29,3,8,
52749,3292,771477,3,4,4,8,
52750,25521,771477,33,33,3,8,
52751,4716,771477,3,4,4,8,
52752,24993,771477,3,4,4,8,
52753,5233,771477,3,4,4,8,
52754,17418,771477,33,33,3,9,
52755,8858,771477,19,19,3,8,
52756,1624,771477,3,4,4,9,
52757,2381,771477,3,4,4,9,
52758,18216,771477,25,25,3,8,
52759,22834,771477,31,31,3,8,
52760,16755,771477,3,4,4,8,
52761,19373,771477,21,21,3,8,
52762,8215,771477,3,4,4,8,
52763,8555,771477,15,15,3,9,
52764,2780,771477,3,4,4,8,
52765,10654,771477,3,4,4,7,
52766,9927,771477,21,21,3,7,
52767,2397,771477,3,4,4,8,
52768,11286,771477,3,4,4,9,
52769,1650,771477,3,4,4,8,
52770,10437,771477,3,4,4,8,
52771,1200,771477,3,4,4,8,
52772,2128,771477,3,4,4,8,
52773,1260,771477,3,4,4,8,
52774,1712,771477,3,4,4,8,
52775,2358,771477,3,4,4,8,
52776,8009,771477,15,15,3,8,
52777,3400,771477,3,4,4,7,
52778,8292,771477,3,4,4,8,
52779,27029,771477,29,29,3,7,
52780,11511,771477,15,15,3,7,
52781,5191,771477,3,4,4,7,
52782,20423,771477,23,23,3,8,
52783,16285,771477,21,21,3,9,
52784,3528,771477,3,4,4,8,
52785,3790,771477,3,4,4,8,
52786,12368,771477,15,15,3,9,
52787,27818,771477,31,31,3,8,
52788,11715,771477,3,4,4,8,
52789,15856,771477,13,13,3,8,
52790,22467,771477,27,27,3,8,
52791,28038,771477,21,21,3,9,
52792,30948,771477,29,29,3,9,
52793,2675,771477,3,4,4,9,
52794,7204,771477,13,13,3,8,
52795,2492,771477,3,4,4,9,
52796,1889,771477,3,4,4,9,
52797,2325,771477,3,4,4,8,
52798,28014,771477,25,25,3,8,
52799,2104,771477,3,4,4,8,
52800,15156,771477,3,4,4,8,
52801,1481,771477,3,4,4,8,
52802,13147,771477,13,13,3,8,
52803,11104,771477,13,13,3,8,
52804,12819,771477,3,4,4,9,
52805,48497,771477,3,4,4,8,
52806,15391,771477,27,27,3,9,
52807,13164,771477,3,4,4,9,
52808,2153,771477,3,4,4,7,
52809,9609,771477,19,19,3,7,
52810,1346,771477,3,4,4,8,
52811,44849,771477,25,25,3,8,
52812,49147,771477,23,23,3,8,
52813,45931,771477,3,4,4,8,
52814,51335,771477,3,4,4,9,
52815,41101,771477,15,15,3,9,
52816,78275,771477,33,33,3,9,
52817,62693,771477,29,29,3,8,
52818,48602,771477,13,13,3,8,
52819,16384,771477,3,4,4,9,
52820,33880,771477,33,33,3,9,
52821,10874,771477,15,15,3,8,
52822,2223,771477,3,4,4,9,
52823,19070,771477,27,27,3,8,
52824,3009,771477,3,4,4,8,
52825,30346,771477,31,31,3,8,
52826,4508,771477,3,4,4,9,
52827,13179,771477,17,17,3,9,
52828,1980,771477,3,4,4,9,
52829,22287,771477,23,23,3,9,
52830,36422,771477,29,29,3,8,
52831,20860,771477,21,21,3,8,
52832,30679,771477,25,25,3,9,
52833,17354,771477,3,4,4,9,
52834,24307,771477,3,4,4,9,
52835,22752,771477,31,31,3,7,
52836,8934,771477,17,17,3,9,
52837,14696,771477,3,4,4,7,
52838,21962,771477,31,31,3,8,
52839,15339,771477,23,23,3,8,
52840,14379,771477,3,4,4,9,
52841,17333,771477,3,4,4,8,
52842,12178,771477,3,4,4,8,
52843,2413,771477,3,4,4,8,
52844,2572,771477,3,4,4,8,
52845,1524,771477,3,4,4,8,
52846,2903,771477,3,4,4,8,
52847,3204,771477,3,4,4,8,
52848,3383,771477,3,4,4,6,
52849,8540,771477,13,13,3,8,
52850,3946,771477,3,4,4,8,
52851,23431,771477,25,25,3,8,
52852,13692,771477,17,17,3,8,
52853,2691,771477,3,4,4,8,
52854,15202,771477,27,27,3,8,
52855,1934,771477,3,4,4,8,
52856,26374,771477,25,25,3,9,
52857,18145,771477,19,19,3,8,
52858,13028,771477,13,13,3,8,
52859,12172,771477,17,17,3,7,
52860,18615,771477,23,23,3,8,
52861,19278,771477,3,4,4,9,
52862,29461,771477,27,27,3,8,
52863,22990,771477,3,4,4,8,
52864,11440,771477,17,17,3,7,
52865,22423,771477,33,33,3,8,
52866,14307,771477,21,21,3,8,
52867,12078,771477,3,4,4,9,
52868,20451,771477,3,4,4,8,
52869,6965,771477,13,13,3,9,
52870,14477,771477,33,33,3,8,
52871,7379,771477,15,15,3,8,
52872,8458,771477,3,4,4,9,
52873,9309,771477,3,4,4,8,
52874,2645,771477,3,4,4,9,
52875,1670,771477,3,4,4,8,
52876,16357,771477,33,33,3,9,
52877,5133,771477,3,4,4,7,
52878,4989,771477,3,4,4,8,
52879,15265,771477,3,4,4,8,
52880,21110,771477,33,33,3,8,
52881,12775,771477,15,15,3,7,
52882,21670,771477,31,31,3,8,
52883,18747,771477,29,29,3,8,
52884,39346,771477,25,25,3,8,
52885,18831,771477,3,4,4,9,
52886,10912,771477,3,4,4,8,
52887,17860,771477,3,4,4,9,
52888,14828,771477,23,23,3,8,
52889,1900,771477,3,4,4,8,
52890,37055,771477,31,31,3,8,
52891,24921,771477,31,31,3,9,
52892,25989,771477,3,4,4,8,
52893,7933,771477,17,17,3,8,
52894,22639,771477,3,4,4,9,
52895,12545,771477,3,4,4,8,
52896,26585,771477,27,27,3,9,
52897,12701,771477,13,13,3,9,
52898,11583,771477,15,15,3,8,
52899,40291,771477,23,23,3,8,
52900,9583,771477,3,4,4,9,
52901,18263,771477,23,23,3,8,
52902,2731,771477,3,4,4,8,
52903,9143,771477,13,13,3,8,
52904,32101,771477,31,31,3,8,
52905,25209,771477,31,31,3,9,
52906,30760,771477,29,29,3,8,
52907,8165,771477,3,4,4,8,
52908,24299,771477,3,4,4,9,
52909,8461,771477,3,4,4,9,
52910,2470,771477,3,4,4,8,
52911,19047,771477,15,15,3,9,
52912,2655,771477,3,4,4,9,
52913,23514,771477,27,27,3,8,
52914,23670,771477,29,29,3,8,
52915,2239,771477,3,4,4,9,
52916,14288,771477,13,13,3,9,
52917,17291,771477,19,19,3,9,
52918,19539,771477,29,29,3,9,
52919,21887,771477,3,4,4,7,
52920,2328,771477,3,4,4,8,
52921,18578,771477,17,17,3,8,
52922,5179,771477,3,4,4,8,
52923,29794,771477,13,13,3,9,
52924,2945,771477,3,4,4,8,
52925,37543,771477,29,29,3,9,
52926,23262,771477,27,27,3,8,
52927,41140,771477,3,4,4,8,
52928,19537,771477,27,27,3,8,
52929,9263,771477,13,13,3,8,
52930,8046,771477,3,4,4,8,
52931,7054,771477,3,4,4,8,
52932,5673,771477,3,4,4,8,
52933,24700,771477,33,33,3,7,
52934,10316,771477,3,4,4,8,
52935,20260,771477,27,27,3,9,
52936,19330,771477,33,33,3,8,
52937,22924,771477,3,4,4,7,
52938,2663,771477,3,4,4,8,
52939,16319,771477,27,27,3,8,
52940,26926,771477,33,33,3,9,
52941,3093,771477,3,4,4,9,
52942,2606,771477,3,4,4,8,
52943,1216,771477,3,4,4,8,
52944,2557,771477,3,4,4,9,
52945,1701,771477,3,4,4,8,
52946,9714,771477,19,19,3,8,
52947,24224,771477,33,33,3,8,
52948,6016,771477,3,4,4,7,
52949,3308,771477,3,4,4,7,
52950,18416,771477,17,17,3,9,
52951,2472,771477,3,4,4,6,
52952,17886,771477,25,25,3,6,
52953,15311,771477,3,4,4,7,
52954,696,771477,3,4,4,8,
52955,2745,771477,3,4,4,8,
52956,23717,771477,25,25,3,8,
52957,8790,771477,17,17,3,8,
52958,15612,771477,3,4,4,7,
52959,13086,771477,21,21,3,8,
52960,19371,771477,21,21,3,9,
52961,13285,771477,3,4,4,9,
52962,15142,771477,3,4,4,8,
52963,1673,771477,3,4,4,8,
52964,25677,771477,29,29,3,7,
52965,17753,771477,19,19,3,7,
52966,6487,771477,3,4,4,7,
52967,19020,771477,23,23,3,7,
52968,3328,771477,3,4,4,8,
52969,12456,771477,19,19,3,8,
52970,13553,771477,21,21,3,9,
52971,3956,771477,3,4,4,9,
52972,19036,771477,21,21,3,8,
52973,17900,771477,21,21,3,9,
52974,11480,771477,3,4,4,8,
52975,3131,771477,3,4,4,9,
52976,2785,771477,3,4,4,9,
52977,10778,771477,17,17,3,9,
52978,11491,771477,3,4,4,9,
52979,9856,771477,3,4,4,8,
52980,13777,771477,17,17,3,9,
52981,9396,771477,3,4,4,8,
52982,1474,771477,3,4,4,8,
52983,28922,771477,25,25,3,8,
52984,9401,771477,13,13,3,8,
52985,26732,771477,27,27,3,7,
52986,5774,771477,3,4,4,8,
52987,8045,771477,3,4,4,8,
52988,63788,771477,33,33,3,8,
52989,3324,771477,3,4,4,8,
52990,7210,771477,15,15,3,9,
52991,27632,771477,33,33,3,8,
52992,7401,771477,3,4,4,8,
52993,28731,771477,3,4,4,9,
52994,19554,771477,3,4,4,8,
52995,16132,771477,19,19,3,9,
52996,16290,771477,21,21,3,8,
52997,13650,771477,15,15,3,9,
52998,58561,771477,33,33,3,9,
52999,18922,771477,15,15,3,9,
53000,38341,771477,17,17,3,7,
53001,46928,771477,33,33,3,7,
53002,41296,771477,33,33,3,8,
53003,17226,771477,15,15,3,8,
53004,38318,771477,29,29,3,8,
53005,57237,771477,23,23,3,9,
53006,58739,771477,29,29,3,9,
53007,31147,771477,15,15,3,8,
53008,39283,771477,21,21,3,9,
53009,11077,771477,3,4,4,7,
53010,28561,771477,25,25,3,8,
53011,30052,771477,31,31,3,9,
53012,9268,771477,3,4,4,8,
53013,22309,771477,19,19,3,7,
53014,22150,771477,3,4,4,8,
53015,2253,771477,3,4,4,8,
53016,11893,771477,17,17,3,8,
53017,73136,771477,25,25,3,9,
53018,80616,771477,3,4,4,9,
53019,12214,771477,3,4,4,8,
53020,87213,771477,25,25,3,8,
53021,87352,771477,23,23,3,8,
53022,65414,771477,13,13,3,8,
53023,71380,771477,21,21,3,8,
53024,67249,771477,13,13,3,7,
53025,82889,771477,3,4,4,8,
53026,77245,771477,3,4,4,8,
53027,76315,771477,3,4,4,9,
53028,4152,771477,3,4,4,7,
53029,28570,771477,23,23,3,9,
53030,34312,771477,31,31,3,7,
53031,50222,771477,23,23,3,6,
53032,114191,771477,3,4,4,8,
53033,6197,771477,3,4,4,8,
53034,51900,771477,3,4,4,7,
53035,116866,771477,25,25,3,7,
53036,37327,771477,17,17,3,8,
53037,133238,771477,17,17,3,8,
53038,35555,771477,13,13,3,7,
53039,162405,771477,13,13,3,9,
53040,3924,771477,3,4,4,7,
53041,203106,771477,29,29,3,7,
53042,50225,771477,3,4,4,8,
53043,207868,771477,15,15,3,8,
53044,210421,771477,31,31,3,8,
53045,157815,771477,17,17,3,8,
53046,171190,771478,15,15,3,7,
53047,173013,771478,23,23,3,7,
53048,110092,771478,3,4,4,8,
53049,132311,771478,15,15,3,8,
53050,20361,771478,3,4,4,9,
53051,56280,771478,3,4,4,8,
53052,5110,771478,3,4,4,8,
53053,30636,771478,3,4,4,6,
53054,7692,771478,3,4,4,9,
53055,42897,771478,21,21,3,9,
53056,37871,771478,3,4,4,7,
53057,3480,771478,3,4,4,9,
53058,2744,771478,3,4,4,8,
53059,18485,771478,3,4,4,6,
53060,3050,771478,15,15,3,7,
53061,719,771478,3,4,4,7,
53062,2315,771478,3,4,4,5,
53063,2767,771478,3,4,4,5,
53064,4998,771478,3,4,4,5,
53065,3960,771478,3,4,4,6,
53066,39643,771478,19,19,3,6,
53067,867,771478,3,4,4,4,
53068,25371,771478,15,15,3,6,
53069,4343,771478,3,4,4,6,
53070,30167,771478,31,31,3,7,
53071,29551,771478,3,4,4,7,
53072,18267,771478,17,17,3,8,
53073,3943,771478,3,4,4,9,
53074,38714,771478,31,31,3,7,
53075,3817,771478,3,4,4,8,
53076,41895,771478,3,4,4,9,
53077,5410,771478,3,4,4,9,
53078,4111,771478,3,4,4,8,
53079,9544,771478,17,17,3,8,
53080,12372,771478,3,4,4,8,
53081,23073,771478,3,4,4,9,
53082,22069,771478,13,13,3,9,
53083,43303,771478,29,29,3,8,
53084,28906,771478,25,25,3,7,
53085,28844,771478,3,4,4,8,
53086,23511,771478,21,21,3,8,
53087,23211,771478,19,19,3,8,
53088,33240,771478,29,29,3,8,
53089,33446,771478,3,4,4,9,
53090,10418,771478,13,13,3,8,
53091,4555,771478,3,4,4,9,
53092,2543,771478,3,4,4,9,
53093,2931,771478,3,4,4,9,
53094,11085,771478,21,21,3,9,
53095,32392,771478,29,29,3,8,
53096,48259,771478,27,27,3,6,
53097,18162,771478,25,25,3,7,
53098,24060,771478,33,33,3,7,
53099,22933,771478,25,25,3,8,
53100,51011,771478,3,4,4,7,
53101,39804,771478,3,4,4,8,
53102,30471,771478,3,4,4,8,
53103,49154,771478,3,4,4,7,
53104,27800,771478,3,4,4,7,
53105,114720,771478,3,4,4,8,
53106,114271,771478,3,4,4,8,
53107,116439,771478,3,4,4,7,
53108,6301,771478,3,4,4,6,
53109,13868,771478,17,17,3,4,
53110,1162,771478,3,4,4,4,
53111,35703,771478,3,4,4,5,
53112,104284,771478,23,23,3,7,
53113,839,771478,3,4,4,6,
53114,7175,771478,17,17,3,5,
53115,19024,771478,29,29,3,6,
53116,17869,771478,23,23,3,6,
53117,7483,771478,27,27,3,6,
53118,21600,771478,33,33,3,7,
53119,29399,771478,3,4,4,6,
53120,18941,771478,3,4,4,5,
53121,12051,771478,3,4,4,7,
53122,59223,771478,17,17,3,7,
53123,54260,771478,21,21,3,8,
53124,48931,771478,3,4,4,9,
53125,20102,771478,25,26,3,7,
53126,30683,771478,3,4,4,6,
53127,46085,771478,3,4,4,6,
53128,23225,771478,15,15,3,7,
53129,34902,771478,3,4,4,8,
53130,50248,771478,3,4,4,8,
53131,47912,771478,13,13,3,9,
53132,27289,771478,15,15,3,7,
53133,55439,771478,13,13,3,6,
53134,32167,771478,3,4,4,8,
53135,35162,771478,15,15,3,8,
53136,10026,771478,23,23,3,7,
53137,25390,771478,29,29,3,7,
53138,8155,771478,3,4,4,8,
53139,33335,771478,3,4,4,6,
53140,21600,771478,3,4,4,7,
53141,28056,771478,19,19,3,7,
53142,82515,771478,3,4,4,7,
53143,4622,771478,3,4,4,8,
53144,83326,771478,3,4,4,7,
53145,29890,771478,21,21,3,8,
53146,25758,771478,3,4,4,6,
53147,784,771478,3,4,4,6,
53148,11084,771478,3,4,4,6,
53149,30470,771478,25,25,3,5,
53150,71411,771478,3,4,4,6,
53151,53166,771478,3,4,4,6,
53152,78179,771478,3,4,4,6,
53153,53257,771478,3,4,4,7,
53154,77466,771478,13,13,3,7,
53155,62003,771478,21,21,3,7,
53156,18434,771478,3,4,4,6,
53157,43200,771478,15,15,3,5,
53158,23282,771478,3,4,4,5,
53159,1645,771478,3,4,4,6,
53160,48705,771478,3,4,4,6,
53161,9864,771478,3,4,4,7,
53162,39993,771478,25,25,3,6,
53163,29347,771478,3,4,4,6,
53164,31911,771478,19,19,3,6,
53165,24975,771478,13,13,3,7,
53166,50428,771478,15,15,3,8,
53167,57089,771478,19,19,3,8,
53168,44351,771478,17,17,3,7,
53169,42670,771478,13,13,3,8,
53170,48087,771478,31,31,3,9,
53171,51681,771478,33,33,3,8,
53172,17115,771478,3,4,4,8,
53173,7917,771478,3,4,4,9,
53174,13826,771478,3,4,4,9,
53175,9822,771478,3,4,4,8,
53176,34061,771478,29,29,3,9,
53177,15333,771478,13,13,3,8,
53178,41745,771478,29,29,3,7,
53179,28975,771478,19,19,3,9,
53180,33022,771478,21,21,3,6,
53181,33578,771478,27,27,3,7,
53182,11925,771478,15,15,3,9,
53183,24739,771478,23,23,3,9,
53184,23783,771478,13,13,3,8,
53185,10771,771478,15,15,3,9,
53186,35284,771478,33,33,3,8,
53187,16625,771478,3,4,4,7,
53188,6509,771478,21,21,3,8,
53189,26746,771478,13,13,3,9,
53190,26461,771478,29,29,3,9,
53191,17251,771478,3,4,4,9,
53192,4185,771478,3,4,4,7,
53193,33520,771478,25,25,3,8,
53194,17048,771478,3,4,4,7,
53195,23042,771478,23,23,3,7,
53196,19203,771478,17,17,3,8,
53197,26232,771478,23,23,3,8,
53198,30015,771478,27,27,3,9,
53199,17879,771478,21,21,3,8,
53200,17683,771478,3,4,4,7,
53201,16266,771478,17,17,3,7,
53202,11528,771478,3,4,4,7,
53203,14031,771478,21,21,3,7,
53204,14416,771478,3,4,4,9,
53205,12301,771478,17,17,3,8,
53206,781,771478,3,4,4,8,
53207,1475,771478,3,4,4,8,
53208,20403,771478,27,27,3,7,
53209,4005,771478,3,4,4,7,
53210,21402,771478,17,17,3,7,
53211,3081,771478,3,4,4,8,
53212,5240,771478,3,4,4,8,
53213,8583,771478,13,13,3,8,
53214,30290,771478,29,29,3,8,
53215,39144,771478,29,30,3,8,
53216,7871,771478,3,4,4,9,
53217,11772,771478,19,19,3,9,
53218,38289,771478,3,4,4,8,
53219,19807,771478,27,27,3,9,
53220,12196,771478,17,17,3,8,
53221,2457,771478,3,4,4,9,
53222,3109,771478,3,4,4,9,
53223,4909,771478,3,4,4,8,
53224,15871,771478,17,17,3,9,
53225,9894,771478,3,4,4,8,
53226,1251,771478,3,4,4,8,
53227,14031,771478,21,21,3,8,
53228,9795,771478,21,21,3,8,
53229,27825,771478,23,23,3,9,
53230,28702,771478,3,4,4,8,
53231,635,771478,3,4,4,8,
53232,914,771478,3,4,4,8,
53233,15298,771478,13,13,3,8,
53234,29228,771478,31,31,3,9,
53235,2350,771478,3,4,4,9,
53236,9202,771478,3,4,4,8,
53237,40545,771478,33,33,3,9,
53238,41030,771478,3,4,4,9,
53239,7797,771478,3,4,4,8,
53240,22286,771478,31,31,3,7,
53241,2050,771478,3,4,4,8,
53242,28917,771478,27,27,3,7,
53243,21273,771478,3,4,4,8,
53244,16101,771478,21,21,3,8,
53245,14293,771478,23,23,3,9,
53246,12655,771478,21,21,3,8,
53247,13321,771478,3,4,4,9,
53248,13062,771478,19,19,3,8,
53249,9778,771478,15,15,3,8,
53250,13116,771478,3,4,4,8,
53251,15621,771478,25,25,3,8,
53252,15234,771478,3,4,4,8,
53253,1481,771478,3,4,4,9,
53254,2230,771478,3,4,4,9,
53255,7676,771478,15,15,3,8,
53256,8554,771478,3,4,4,9,
53257,20612,771478,27,27,3,8,
53258,9805,771478,15,15,3,8,
53259,21920,771478,3,4,4,7,
53260,2791,771478,3,4,4,8,
53261,9937,771478,3,4,4,8,
53262,1405,771478,3,4,4,8,
53263,10816,771478,15,15,3,8,
53264,11909,771478,17,17,3,8,
53265,35067,771478,31,31,3,9,
53266,10750,771478,3,4,4,8,
53267,17392,771478,19,19,3,8,
53268,18131,771478,3,4,4,8,
53269,2748,771478,3,4,4,9,
53270,4093,771478,3,4,4,8,
53271,2521,771478,3,4,4,8,
53272,5033,771478,3,4,4,8,
53273,18688,771478,23,23,3,8,
53274,3781,771478,3,4,4,8,
53275,3429,771478,3,4,4,7,
53276,6514,771478,3,4,4,8,
53277,1225,771478,3,4,4,6,
53278,20991,771478,13,13,3,7,
53279,1071,771478,3,4,4,6,
53280,39412,771478,27,27,3,7,
53281,41684,771478,3,4,4,7,
53282,33542,771478,21,21,3,8,
53283,24540,771478,31,31,3,8,
53284,39457,771478,25,25,3,8,
53285,19392,771478,3,4,4,8,
53286,22757,771478,23,23,3,8,
53287,38559,771478,27,27,3,9,
53288,12616,771478,29,29,3,9,
53289,3602,771478,3,4,4,8,
53290,7533,771478,3,4,4,8,
53291,13479,771478,15,15,3,9,
53292,13946,771478,15,15,3,8,
53293,28492,771478,21,21,3,9,
53294,99535,771478,31,31,3,8,
53295,6348,771478,3,4,4,8,
53296,65746,771478,25,25,3,7,
53297,59604,771478,15,15,3,7,
53298,52912,771478,23,23,3,8,
53299,2350,771478,3,4,4,8,
53300,125461,771478,21,21,3,8,
53301,59483,771478,19,19,3,6,
53302,53514,771478,21,21,3,8,
53303,86621,771478,23,23,3,9,
53304,102950,771478,3,4,4,7,
53305,111055,771478,19,19,3,9,
53306,32030,771478,3,4,4,6,
53307,67549,771478,21,21,3,7,
53308,8424,771478,3,4,4,7,
53309,31655,771478,13,13,3,6,
53310,29144,771478,13,13,3,7,
53311,76043,771478,23,23,3,8,
53312,5509,771478,29,29,3,7,
53313,77692,771478,31,31,3,6,
53314,59656,771478,27,27,3,6,
53315,88075,771478,31,31,3,7,
53316,59159,771478,3,4,4,7,
53317,46555,771478,17,17,3,8,
53318,100809,771478,29,29,3,9,
53319,2130,771478,3,4,4,8,
53320,2397,771479,3,4,4,8,
53321,103943,771479,3,4,4,8,
53322,25313,771479,3,4,4,9,
53323,90951,771479,23,23,3,8,
53324,90432,771479,3,4,4,8,
53325,1073,771479,3,4,4,8,
53326,709,771479,3,4,4,8,
53327,101093,771479,19,19,3,8,
53328,74767,771479,19,19,3,7,
53329,1562,771479,3,4,4,8,
53330,2078,771479,3,4,4,8,
53331,3167,771479,3,4,4,8,
53332,94607,771479,21,21,3,8,
53333,101732,771479,3,4,4,8,
53334,122586,771479,25,25,3,9,
53335,137351,771479,27,27,3,8,
53336,157602,771479,33,33,3,6,
53337,150586,771479,3,4,4,8,
53338,85524,771479,27,27,3,7,
53339,111488,771479,31,31,3,8,
53340,65806,771479,27,27,3,9,
53341,134092,771479,19,19,3,8,
53342,90067,771479,29,29,3,7,
53343,89568,771479,3,4,4,7,
53344,56353,771479,21,21,3,9,
53345,83091,771479,23,23,3,7,
53346,33717,771479,3,4,4,7,
53347,60290,771479,25,25,3,8,
53348,69641,771479,27,27,3,6,
53349,66944,771479,27,28,3,5,
53350,5123,771479,3,4,4,6,
53351,35386,771479,17,17,3,8,
53352,52179,771479,33,33,3,8,
53353,3732,771479,3,4,4,7,
53354,21376,771479,3,4,4,8,
53355,6589,771479,3,4,4,8,
53356,4629,771479,3,4,4,8,
53357,22863,771479,3,4,4,9,
53358,15008,771479,17,17,3,8,
53359,16580,771479,3,4,4,8,
53360,50567,771479,23,23,3,8,
53361,3576,771479,3,4,4,8,
53362,23031,771479,13,13,3,7,
53363,2036,771479,3,4,4,7,
53364,23620,771479,3,4,4,6,
53365,85337,771479,23,23,3,8,
53366,1561,771479,3,4,4,8,
53367,1990,771479,3,4,4,8,
53368,84068,771479,3,4,4,7,
53369,70592,771479,33,33,3,8,
53370,73773,771479,3,4,4,8,
53371,51185,771479,19,19,3,7,
53372,78064,771479,21,21,3,7,
53373,11748,771479,3,4,4,8,
53374,948,771479,3,4,4,8,
53375,42948,771479,17,17,3,8,
53376,40745,771479,15,15,3,9,
53377,71183,771479,29,29,3,9,
53378,33222,771479,17,17,3,9,
53379,3751,771479,3,4,4,8,
53380,26776,771479,23,23,3,7,
53381,1339,771479,3,4,4,8,
53382,1523,771479,3,4,4,8,
53383,16493,771479,19,19,3,8,
53384,2119,771479,3,4,4,8,
53385,24969,771479,3,4,4,8,
53386,45739,771479,29,29,3,9,
53387,32763,771479,27,27,3,8,
53388,1969,771479,3,4,4,8,
53389,40965,771479,23,23,3,8,
53390,45506,771479,17,17,3,8,
53391,33086,771479,33,33,3,9,
53392,3030,771479,3,4,4,7,
53393,31769,771479,33,33,3,8,
53394,30500,771479,3,4,4,7,
53395,33478,771479,23,23,3,8,
53396,36377,771479,3,4,4,8,
53397,23765,771479,31,31,3,8,
53398,11355,771479,15,15,3,8,
53399,6655,771479,3,4,4,9,
53400,21208,771479,23,23,3,8,
53401,3967,771479,3,4,4,8,
53402,26604,771479,33,33,3,9,
53403,2277,771479,3,4,4,8,
53404,3061,771479,3,4,4,8,
53405,8884,771479,3,4,4,8,
53406,3665,771479,3,4,4,8,
53407,3846,771479,3,4,4,8,
53408,4116,771479,3,4,4,8,
53409,5002,771479,3,4,4,8,
53410,19920,771479,21,21,3,8,
53411,3581,771479,3,4,4,7,
53412,4118,771479,3,4,4,7,
53413,2902,771479,3,4,4,8,
53414,4310,771479,3,4,4,7,
53415,2676,771479,3,4,4,7,
53416,23939,771479,29,29,3,8,
53417,26760,771479,21,21,3,8,
53418,36234,771479,33,33,3,8,
53419,26212,771479,3,4,4,7,
53420,1655,771479,3,4,4,8,
53421,20918,771479,15,15,3,8,
53422,36008,771479,3,4,4,9,
53423,29065,771479,31,31,3,8,
53424,13355,771479,19,19,3,9,
53425,28427,771479,27,27,3,8,
53426,9217,771479,3,4,4,9,
53427,13562,771479,17,17,3,8,
53428,12807,771479,3,4,4,8,
53429,18909,771479,21,21,3,9,
53430,19499,771479,3,4,4,8,
53431,715,771479,3,4,4,8,
53432,846,771479,3,4,4,8,
53433,14812,771479,25,25,3,8,
53434,15157,771479,3,4,4,8,
53435,6696,771479,3,4,4,8,
53436,13112,771479,21,21,3,8,
53437,3983,771479,3,4,4,8,
53438,11940,771479,3,4,4,8,
53439,22278,771479,23,23,3,8,
53440,3202,771479,3,4,4,8,
53441,3579,771479,3,4,4,8,
53442,23265,771479,3,4,4,8,
53443,3084,771479,3,4,4,8,
53444,3399,771479,3,4,4,8,
53445,8588,771479,13,13,3,8,
53446,48684,771479,27,27,3,8,
53447,15873,771479,23,23,3,8,
53448,3466,771479,3,4,4,8,
53449,16754,771479,3,4,4,7,
53450,35893,771479,19,19,3,8,
53451,1035,771479,3,4,4,8,
53452,36804,771479,3,4,4,8,
53453,1316,771479,3,4,4,8,
53454,2351,771479,3,4,4,9,
53455,52204,771479,31,31,3,8,
53456,50519,771479,33,33,3,8,
53457,53223,771479,3,4,4,8,
53458,3336,771479,3,4,4,7,
53459,2954,771479,3,4,4,7,
53460,2419,771479,3,4,4,8,
53461,68536,771479,29,29,3,8,
53462,3316,771479,3,4,4,8,
53463,68884,771479,3,4,4,8,
53464,14693,771479,15,15,3,8,
53465,58454,771479,27,27,3,9,
53466,1858,771479,3,4,4,7,
53467,10917,771479,13,13,3,8,
53468,51278,771479,31,31,3,8,
53469,42603,771479,25,25,3,9,
53470,5942,771479,3,4,4,8,
53471,50304,771479,31,31,3,8,
53472,20491,771479,3,4,4,8,
53473,55232,771479,31,31,3,8,
53474,26465,771479,15,15,3,8,
53475,40944,771479,3,4,4,9,
53476,19482,771479,3,4,4,9,
53477,9692,771479,3,4,4,8,
53478,19999,771479,3,4,4,8,
53479,1806,771479,3,4,4,8,
53480,4999,771479,3,4,4,9,
53481,28322,771479,21,21,3,8,
53482,2993,771479,3,4,4,9,
53483,2497,771479,3,4,4,8,
53484,25102,771479,3,4,4,9,
53485,29391,771479,19,19,3,9,
53486,29123,771479,3,4,4,8,
53487,5339,771479,3,4,4,9,
53488,3600,771479,3,4,4,7,
53489,7409,771479,3,4,4,9,
53490,21439,771479,17,17,3,7,
53491,31534,771479,25,25,3,8,
53492,37099,771479,23,23,3,9,
53493,9598,771479,13,13,3,8,
53494,39804,771479,31,31,3,9,
53495,19600,771479,25,25,3,9,
53496,16887,771479,13,13,3,9,
53497,16491,771479,3,4,4,8,
53498,19742,771479,21,21,3,8,
53499,11407,771479,3,4,4,8,
53500,24856,771479,27,27,3,9,
53501,27805,771479,3,4,4,8,
53502,70661,771479,23,23,3,9,
53503,17626,771479,23,23,3,9,
53504,73385,771479,25,25,3,8,
53505,117202,771479,33,33,3,7,
53506,110935,771479,29,29,3,7,
53507,113569,771479,29,29,3,8,
53508,116394,771479,3,4,4,9,
53509,73060,771479,19,19,3,8,
53510,7687,771479,3,4,4,7,
53511,88131,771479,27,27,3,6,
53512,1881,771479,3,4,4,8,
53513,49209,771479,15,15,3,9,
53514,36162,771479,3,4,4,9,
53515,39753,771479,3,4,4,9,
53516,40348,771479,3,4,4,8,
53517,4851,771479,3,4,4,8,
53518,1991,771479,3,4,4,8,
53519,61856,771479,25,25,3,9,
53520,44422,771479,3,4,4,8,
53521,3624,771479,3,4,4,8,
53522,80224,771479,27,27,3,7,
53523,42076,771479,13,13,3,8,
53524,136865,771479,33,33,3,8,
53525,4307,771479,3,4,4,8,
53526,44141,771479,17,17,3,8,
53527,59222,771479,21,21,3,8,
53528,42408,771479,19,19,3,8,
53529,57119,771479,17,17,3,9,
53530,120155,771479,29,29,3,9,
53531,81822,771479,33,33,3,8,
53532,79338,771479,23,23,3,9,
53533,46332,771479,15,15,3,9,
53534,75052,771479,21,21,3,8,
53535,14594,771479,3,4,4,8,
53536,1759,771479,3,4,4,8,
53537,57364,771479,3,4,4,8,
53538,10934,771479,3,4,4,9,
53539,2939,771479,3,4,4,8,
53540,26274,771479,13,13,3,7,
53541,14669,771479,19,20,3,7,
53542,5527,771479,27,27,3,8,
53543,5827,771479,3,4,4,6,
53544,3771,771479,3,4,4,7,
53545,6273,771479,3,4,4,7,
53546,1295,771479,3,4,4,8,
53547,3214,771479,3,4,4,8,
53548,1639,771479,3,4,4,7,
53549,3000,771479,3,4,4,8,
53550,21987,771479,25,25,3,7,
53551,23058,771479,23,23,3,7,
53552,21755,771479,17,17,3,8,
53553,18400,771479,15,15,3,8,
53554,26264,771479,33,33,3,8,
53555,22462,771479,3,4,4,9,
53556,10563,771479,3,4,4,9,
53557,27531,771479,31,31,3,8,
53558,23835,771479,27,27,3,8,
53559,2981,771479,3,4,4,9,
53560,2304,771479,3,4,4,8,
53561,1514,771479,3,4,4,8,
53562,3338,771479,3,4,4,8,
53563,1648,771479,3,4,4,8,
53564,24796,771479,33,33,3,8,
53565,16718,771479,23,23,3,8,
53566,25379,771479,3,4,4,8,
53567,3946,771479,3,4,4,9,
53568,17037,771479,3,4,4,8,
53569,5931,771479,3,4,4,9,
53570,9024,771479,13,13,3,9,
53571,9172,771479,3,4,4,8,
53572,22744,771479,29,29,3,8,
53573,25546,771479,3,4,4,9,
53574,2027,771479,3,4,4,8,
53575,24147,771479,29,29,3,8,
53576,14871,771479,25,25,3,8,
53577,26078,771479,33,33,3,9,
53578,49149,771479,33,33,3,8,
53579,2466,771479,3,4,4,8,
53580,23765,771479,29,29,3,8,
53581,25540,771479,3,4,4,9,
53582,13531,771479,23,23,3,8,
53583,14696,771479,3,4,4,8,
53584,24129,771479,25,25,3,8,
53585,2616,771479,3,4,4,9,
53586,23629,771479,29,29,3,9,
53587,23677,771479,3,4,4,8,
53588,11529,771479,15,15,3,8,
53589,3514,771479,3,4,4,8,
53590,24449,771479,3,4,4,8,
53591,29916,771479,31,31,3,9,
53592,2269,771479,3,4,4,8,
53593,28693,771479,3,4,4,9,
53594,12114,771479,17,17,3,8,
53595,36035,771479,23,23,3,9,
53596,4027,771479,3,4,4,9,
53597,1797,771479,3,4,4,9,
53598,2279,771479,3,4,4,8,
53599,18316,771479,19,19,3,9,
53600,42542,771479,25,25,3,8,
53601,17500,771479,27,27,3,8,
53602,26553,771479,31,31,3,8,
53603,30688,771479,33,33,3,9,
53604,7476,771479,15,15,3,8,
53605,7965,771479,3,4,4,8,
53606,3732,771479,3,4,4,8,
53607,4388,771479,3,4,4,8,
53608,1508,771479,3,4,4,7,
53609,28488,771479,25,25,3,8,
53610,10700,771479,17,17,3,7,
53611,13136,771479,13,13,3,8,
53612,21787,771479,15,15,3,8,
53613,5249,771479,3,4,4,8,
53614,16139,771479,3,4,4,9,
53615,67621,771479,29,29,3,8,
53616,79824,771479,3,4,4,8,
53617,16221,771479,13,13,3,8,
53618,73384,771479,29,29,3,8,
53619,5385,771479,3,4,4,8,
53620,59176,771480,23,23,3,8,
53621,65158,771480,27,27,3,7,
53622,67596,771480,31,31,3,9,
53623,65648,771480,29,29,3,9,
53624,61853,771480,3,4,4,8,
53625,63148,771480,3,4,4,8,
53626,64535,771480,33,33,3,9,
53627,67859,771480,29,29,3,6,
53628,8600,771480,13,13,3,8,
53629,8867,771480,3,4,4,8,
53630,22237,771480,15,15,3,8,
53631,25936,771480,3,4,4,8,
53632,9851,771480,3,4,4,8,
53633,70837,771480,3,4,4,6,
53634,52554,771480,19,19,3,8,
53635,81169,771480,3,4,4,9,
53636,61350,771480,17,17,3,7,
53637,38702,771480,19,19,3,8,
53638,74708,771480,3,4,4,8,
53639,25028,771480,29,29,3,8,
53640,4748,771480,3,4,4,9,
53641,28447,771480,3,4,4,7,
53642,69892,771480,33,33,3,8,
53643,36669,771480,17,17,3,7,
53644,37472,771480,3,4,4,7,
53645,10197,771480,3,4,4,7,
53646,17857,771480,15,15,3,7,
53647,1662,771480,3,4,4,7,
53648,28157,771480,33,33,3,8,
53649,29145,771480,25,25,3,9,
53650,6231,771480,3,4,4,8,
53651,30954,771480,29,29,3,9,
53652,20918,771480,19,19,3,9,
53653,4140,771480,3,4,4,9,
53654,16818,771480,15,15,3,9,
53655,24034,771480,19,19,3,9,
53656,42889,771480,21,21,3,8,
53657,35179,771480,27,28,3,8,
53658,36320,771480,3,4,4,8,
53659,5362,771480,3,4,4,9,
53660,21493,771480,15,15,3,9,
53661,22566,771480,23,23,3,8,
53662,32772,771480,33,33,3,9,
53663,37125,771480,29,29,3,8,
53664,53420,771480,3,4,4,8,
53665,32434,771480,25,26,3,9,
53666,22377,771480,19,19,3,8,
53667,37075,771480,19,19,3,8,
53668,14209,771480,3,4,4,8,
53669,813,771480,3,4,4,7,
53670,40671,771480,13,13,3,7,
53671,44143,771480,19,19,3,8,
53672,48035,771480,33,33,3,8,
53673,31560,771480,3,4,4,9,
53674,46759,771480,25,25,3,9,
53675,2783,771480,3,4,4,8,
53676,36914,771480,15,15,3,8,
53677,44020,771480,23,23,3,8,
53678,9864,771480,3,4,4,7,
53679,25115,771480,3,4,4,8,
53680,15819,771480,3,4,4,9,
53681,26029,771480,27,28,3,8,
53682,13899,771480,3,4,4,8,
53683,8162,771480,15,15,3,8,
53684,16607,771480,19,19,3,9,
53685,2124,771480,3,4,4,9,
53686,18736,771480,29,29,3,8,
53687,14447,771480,23,23,3,9,
53688,9772,771480,15,15,3,8,
53689,18056,771480,33,33,3,8,
53690,3691,771480,3,4,4,9,
53691,19455,771480,33,33,3,8,
53692,4116,771480,3,4,4,9,
53693,18944,771480,3,4,4,8,
53694,12021,771480,15,15,3,8,
53695,12388,771480,3,4,4,9,
53696,9132,771480,3,4,4,8,
53697,7712,771480,3,4,4,9,
53698,16316,771480,19,19,3,8,
53699,16781,771480,3,4,4,8,
53700,3731,771480,3,4,4,8,
53701,16654,771480,23,23,3,9,
53702,21762,771480,25,25,3,8,
53703,24060,771480,31,31,3,8,
53704,2499,771480,3,4,4,9,
53705,2353,771480,3,4,4,7,
53706,21888,771480,3,4,4,8,
53707,1828,771480,3,4,4,8,
53708,4530,771480,3,4,4,8,
53709,1186,771480,3,4,4,8,
53710,13547,771480,17,17,3,8,
53711,2797,771480,3,4,4,8,
53712,3303,771480,3,4,4,9,
53713,11178,771480,3,4,4,7,
53714,3360,771480,3,4,4,8,
53715,11865,771480,29,29,3,9,
53716,3877,771480,3,4,4,8,
53717,10489,771480,3,4,4,9,
53718,2334,771480,3,4,4,9,
53719,7166,771480,3,4,4,8,
53720,1710,771480,3,4,4,9,
53721,2752,771480,3,4,4,8,
53722,7075,771480,17,17,3,8,
53723,7111,771480,15,15,3,8,
53724,7499,771480,3,4,4,8,
53725,2589,771480,3,4,4,8,
53726,6479,771480,3,4,4,9,
53727,1517,771480,3,4,4,8,
53728,10620,771480,15,15,3,9,
53729,2614,771480,3,4,4,8,
53730,1623,771480,3,4,4,8,
53731,10698,771480,3,4,4,8,
53732,23135,771480,27,27,3,8,
53733,9623,771480,15,15,3,9,
53734,23020,771480,3,4,4,7,
53735,2377,771480,3,4,4,8,
53736,8852,771480,3,4,4,8,
53737,1745,771480,3,4,4,7,
53738,2911,771480,3,4,4,9,
53739,2227,771480,3,4,4,7,
53740,13623,771480,17,17,3,8,
53741,18151,771480,17,17,3,8,
53742,14467,771480,13,13,3,8,
53743,19862,771480,29,29,3,9,
53744,23578,771480,33,33,3,9,
53745,28259,771480,33,33,3,8,
53746,23457,771480,3,4,4,8,
53747,9443,771480,19,19,3,9,
53748,14693,771480,25,25,3,9,
53749,17558,771480,25,25,3,8,
53750,13643,771480,3,4,4,9,
53751,989,771480,3,4,4,8,
53752,26464,771480,25,25,3,8,
53753,18441,771480,23,23,3,9,
53754,19210,771480,3,4,4,9,
53755,9228,771480,13,13,3,9,
53756,16432,771480,29,29,3,9,
53757,2477,771480,3,4,4,8,
53758,8979,771480,13,13,3,9,
53759,20504,771480,23,23,3,9,
53760,14945,771480,3,4,4,8,
53761,20033,771480,3,4,4,8,
53762,27699,771480,29,29,3,8,
53763,28787,771480,3,4,4,9,
53764,35214,771480,29,29,3,8,
53765,26449,771480,21,21,3,8,
53766,31957,771480,31,31,3,9,
53767,31857,771480,25,25,3,7,
53768,31166,771480,27,27,3,8,
53769,25034,771480,29,29,3,8,
53770,1411,771480,3,4,4,8,
53771,43835,771480,25,25,3,8,
53772,58392,771480,15,15,3,8,
53773,3008,771480,3,4,4,9,
53774,13381,771480,15,15,3,8,
53775,12141,771480,3,4,4,7,
53776,13147,771480,15,15,3,8,
53777,1889,771480,3,4,4,7,
53778,14597,771480,3,4,4,6,
53779,5817,771480,3,4,4,8,
53780,11854,771480,3,4,4,6,
53781,6510,771480,3,4,4,7,
53782,2309,771480,3,4,4,7,
53783,38383,771480,29,29,3,8,
53784,32776,771480,27,27,3,8,
53785,33375,771480,27,27,3,8,
53786,7465,771480,3,4,4,6,
53787,15733,771480,23,23,3,7,
53788,17176,771480,3,4,4,7,
53789,21837,771480,3,4,4,7,
53790,1201,771480,3,4,4,8,
53791,17423,771480,3,4,4,8,
53792,1433,771480,3,4,4,9,
53793,9272,771480,21,21,3,9,
53794,10112,771480,3,4,4,9,
53795,16440,771480,25,25,3,8,
53796,12281,771480,25,25,3,9,
53797,4710,771480,3,4,4,7,
53798,18168,771480,17,17,3,8,
53799,21057,771480,29,29,3,8,
53800,22856,771480,3,4,4,8,
53801,22209,771480,27,27,3,8,
53802,16685,771480,3,4,4,8,
53803,2181,771480,3,4,4,8,
53804,26515,771480,27,27,3,8,
53805,2761,771480,3,4,4,9,
53806,2837,771480,3,4,4,9,
53807,2119,771480,3,4,4,9,
53808,4594,771480,3,4,4,9,
53809,32297,771480,27,27,3,8,
53810,52418,771480,33,33,3,8,
53811,32398,771480,19,19,3,8,
53812,17643,771480,13,13,3,8,
53813,1021,771480,3,4,4,8,
53814,1769,771480,3,4,4,8,
53815,2482,771480,3,4,4,8,
53816,3006,771480,3,4,4,8,
53817,9981,771480,19,19,3,8,
53818,11211,771480,3,4,4,8,
53819,2206,771480,3,4,4,8,
53820,21842,771480,29,29,3,8,
53821,1763,771480,3,4,4,9,
53822,23950,771480,23,23,3,8,
53823,23017,771480,3,4,4,8,
53824,30282,771480,27,27,3,7,
53825,23494,771480,19,19,3,8,
53826,16211,771480,23,23,3,8,
53827,26184,771480,3,4,4,9,
53828,27616,771480,27,27,3,8,
53829,19477,771480,3,4,4,7,
53830,4983,771480,3,4,4,8,
53831,25132,771480,15,15,3,8,
53832,30313,771480,33,33,3,7,
53833,38287,771480,19,19,3,8,
53834,15165,771480,13,13,3,9,
53835,7546,771480,3,4,4,8,
53836,17130,771480,21,21,3,8,
53837,4756,771480,3,4,4,8,
53838,10830,771480,3,4,4,7,
53839,14981,771480,3,4,4,7,
53840,20783,771480,23,23,3,8,
53841,21661,771480,3,4,4,8,
53842,15904,771480,3,4,4,9,
53843,3378,771480,3,4,4,8,
53844,18701,771480,3,4,4,8,
53845,2777,771480,3,4,4,9,
53846,33917,771480,27,27,3,8,
53847,29190,771480,25,25,3,9,
53848,35375,771480,33,33,3,8,
53849,30831,771480,3,4,4,8,
53850,2618,771480,3,4,4,9,
53851,35229,771480,25,25,3,7,
53852,53423,771480,31,31,3,8,
53853,2127,771480,3,4,4,8,
53854,18075,771480,21,21,3,8,
53855,23978,771480,27,27,3,8,
53856,25438,771480,31,31,3,8,
53857,24187,771480,31,31,3,7,
53858,11789,771480,3,4,4,7,
53859,8824,771480,3,4,4,9,
53860,2567,771480,3,4,4,8,
53861,3898,771480,3,4,4,7,
53862,8961,771480,3,4,4,9,
53863,35675,771480,33,33,3,9,
53864,18469,771480,17,17,3,9,
53865,36000,771480,3,4,4,7,
53866,2870,771480,3,4,4,7,
53867,16113,771480,15,15,3,7,
53868,22207,771480,25,25,3,8,
53869,45055,771480,31,31,3,8,
53870,13189,771480,17,18,3,9,
53871,15864,771480,27,27,3,8,
53872,12479,771480,3,4,4,9,
53873,2341,771480,3,4,4,8,
53874,34130,771480,33,33,3,8,
53875,28340,771480,23,23,3,8,
53876,33632,771480,3,4,4,8,
53877,28883,771480,25,25,3,8,
53878,26629,771480,3,4,4,8,
53879,36771,771480,31,31,3,9,
53880,28593,771480,3,4,4,9,
53881,7457,771480,13,13,3,9,
53882,14115,771480,21,21,3,8,
53883,8546,771480,3,4,4,9,
53884,7149,771480,13,13,3,8,
53885,14568,771480,27,27,3,8,
53886,14385,771480,23,23,3,8,
53887,17822,771480,3,4,4,9,
53888,1534,771480,3,4,4,8,
53889,1837,771480,3,4,4,9,
53890,11956,771480,29,29,3,7,
53891,9857,771480,17,17,3,7,
53892,13266,771480,3,4,4,8,
53893,12225,771480,3,4,4,7,
53894,12147,771480,3,4,4,7,
53895,2572,771480,3,4,4,9,
53896,10144,771480,17,17,3,9,
53897,14266,771480,3,4,4,9,
53898,25822,771480,27,27,3,8,
53899,4159,771480,3,4,4,7,
53900,28261,771480,33,33,3,8,
53901,2970,771480,3,4,4,9,
53902,15138,771480,13,13,3,7,
53903,27573,771480,3,4,4,7,
53904,19628,771480,23,23,3,8,
53905,4917,771480,3,4,4,7,
53906,22402,771480,23,23,3,9,
53907,19767,771480,15,15,3,7,
53908,3646,771480,3,4,4,8,
53909,20104,771480,3,4,4,8,
53910,24938,771480,25,25,3,7,
53911,19637,771480,31,31,3,9,
53912,11887,771480,19,19,3,8,
53913,8488,771480,3,4,4,9,
53914,9137,771480,13,13,3,8,
53915,2044,771480,3,4,4,6,
53916,132609,771480,31,31,3,8,
53917,133358,771480,23,23,3,8,
53918,6082,771480,3,4,4,7,
53919,132873,771480,3,4,4,8,
53920,119931,771480,15,15,3,8,
53921,133798,771480,29,29,3,8,
53922,56201,771480,23,23,3,8,
53923,130687,771480,25,25,3,8,
53924,122775,771480,3,4,4,8,
53925,114714,771480,19,19,3,8,
53926,12711,771480,19,19,3,9,
53927,102620,771480,29,29,3,8,
53928,75559,771480,21,21,3,8,
53929,3223,771480,3,4,4,8,
53930,8234,771480,3,4,4,8,
53931,21885,771480,23,23,3,8,
53932,13111,771480,3,4,4,8,
53933,22117,771480,3,4,4,8,
53934,3526,771480,3,4,4,9,
53935,30373,771480,25,25,3,8,
53936,9028,771480,3,4,4,8,
53937,3955,771480,3,4,4,9,
53938,29670,771480,3,4,4,8,
53939,9128,771480,3,4,4,8,
53940,42671,771480,31,31,3,9,
53941,47173,771480,33,33,3,8,
53942,35655,771480,31,31,3,9,
53943,2779,771480,3,4,4,8,
53944,19673,771480,25,25,3,8,
53945,1339,771480,3,4,4,8,
53946,1951,771480,3,4,4,8,
53947,1091,771480,3,4,4,8,
53948,3328,771480,3,4,4,8,
53949,40542,771480,27,27,3,8,
53950,5244,771480,3,4,4,8,
53951,30421,771480,29,29,3,9,
53952,1540,771480,3,4,4,8,
53953,1147,771480,3,4,4,8,
53954,41960,771480,23,23,3,8,
53955,14845,771480,15,15,3,8,
53956,16531,771480,3,4,4,8,
53957,2864,771480,3,4,4,9,
53958,2587,771480,3,4,4,9,
53959,33859,771480,33,33,3,9,
53960,15668,771480,19,19,3,9,
53961,38653,771480,31,31,3,8,
53962,27603,771480,23,23,3,9,
53963,37482,771480,27,27,3,8,
53964,37457,771480,3,4,4,9,
53965,40980,771480,23,23,3,9,
53966,17645,771480,3,4,4,9,
53967,19677,771480,13,13,3,9,
53968,22464,771480,17,17,3,9,
53969,3349,771480,3,4,4,8,
53970,15642,771480,23,23,3,8,
53971,28090,771480,33,33,3,9,
53972,26881,771480,27,27,3,8,
53973,35016,771480,21,21,3,9,
53974,9409,771480,3,4,4,8,
53975,10041,771480,3,4,4,9,
53976,2242,771480,3,4,4,7,
53977,2398,771480,3,4,4,8,
53978,15147,771480,19,19,3,7,
53979,15357,771480,23,23,3,7,
53980,3238,771480,3,4,4,8,
53981,15435,771480,3,4,4,8,
53982,15050,771480,13,13,3,8,
53983,14920,771480,3,4,4,9,
53984,2176,771480,3,4,4,8,
53985,9046,771480,13,13,3,8,
53986,10740,771480,3,4,4,9,
53987,2468,771480,3,4,4,7,
53988,1988,771480,3,4,4,8,
53989,12657,771480,19,19,3,8,
53990,8875,771480,13,13,3,8,
53991,17934,771480,29,29,3,8,
53992,3588,771480,3,4,4,8,
53993,7467,771480,3,4,4,7,
53994,15762,771480,27,27,3,8,
53995,17821,771480,29,29,3,8,
53996,13968,771480,21,21,3,9,
53997,17334,771480,3,4,4,9,
53998,13143,771480,3,4,4,9,
53999,14745,771480,25,25,3,7,
54000,17423,771480,31,31,3,8,
54001,23556,771480,15,15,3,9,
54002,12752,771480,3,4,4,8,
54003,1707,771480,3,4,4,8,
54004,9664,771480,17,17,3,8,
54005,2868,771480,3,4,4,9,
54006,14714,771480,33,33,3,8,
54007,2828,771480,3,4,4,8,
54008,1909,771480,3,4,4,9,
54009,3596,771480,3,4,4,8,
54010,1830,771480,3,4,4,8,
54011,2850,771480,3,4,4,7,
54012,2008,771480,3,4,4,8,
54013,9782,771480,21,21,3,7,
54014,3470,771480,3,4,4,8,
54015,2828,771480,3,4,4,7,
54016,8202,771480,3,4,4,7,
54017,13970,771480,25,25,3,8,
54018,3127,771480,3,4,4,8,
54019,8894,771480,3,4,4,9,
54020,5998,771480,3,4,4,7,
54021,1736,771480,3,4,4,8,
54022,12372,771480,3,4,4,9,
54023,1867,771480,3,4,4,9,
54024,15309,771480,21,21,3,8,
54025,15251,771480,3,4,4,8,
54026,10485,771480,13,13,3,8,
54027,21475,771480,21,21,3,8,
54028,7538,771480,15,15,3,8,
54029,12643,771480,17,17,3,8,
54030,11479,771480,23,23,3,8,
54031,20066,771480,3,4,4,9,
54032,5137,771480,13,13,3,9,
54033,10356,771480,13,13,3,8,
54034,19383,771480,27,27,3,8,
54035,14790,771480,25,25,3,9,
54036,6955,771480,3,4,4,8,
54037,3595,771480,3,4,4,8,
54038,14023,771480,3,4,4,8,
54039,19060,771480,27,27,3,8,
54040,3021,771480,3,4,4,8,
54041,12136,771480,13,13,3,9,
54042,21340,771480,31,31,3,8,
54043,11836,771480,3,4,4,9,
54044,21967,771480,3,4,4,8,
54045,2199,771480,3,4,4,9,
54046,16917,771480,23,23,3,8,
54047,7679,771480,17,17,3,8,
54048,15523,771480,23,23,3,8,
54049,15362,771480,3,4,4,8,
54050,9920,771480,25,25,3,9,
54051,16177,771480,27,27,3,9,
54052,15857,771480,3,4,4,9,
54053,6294,771480,3,4,4,8,
54054,5666,771480,13,13,3,8,
54055,24171,771480,33,33,3,8,
54056,17328,771480,21,21,3,8,
54057,24832,771480,3,4,4,7,
54058,17779,771480,3,4,4,8,
54059,2401,771480,3,4,4,8,
54060,10476,771480,17,17,3,8,
54061,2721,771480,3,4,4,9,
54062,15557,771480,23,23,3,7,
54063,8226,771480,13,13,3,9,
54064,18024,771480,23,23,3,8,
54065,12220,771480,15,15,3,8,
54066,6852,771480,13,13,3,8,
54067,1031,771480,3,4,4,8,
54068,7662,771480,17,17,3,8,
54069,9116,771480,3,4,4,8,
54070,5910,771480,3,4,4,8,
54071,4161,771480,3,4,4,7,
54072,28236,771480,15,15,3,8,
54073,2503,771480,3,4,4,8,
54074,4644,771480,3,4,4,7,
54075,2812,771480,3,4,4,7,
54076,39669,771480,29,29,3,8,
54077,27844,771480,3,4,4,8,
54078,2700,771480,3,4,4,7,
54079,2368,771480,3,4,4,8,
54080,39223,771480,29,29,3,8,
54081,31127,771480,15,15,3,7,
54082,2296,771480,3,4,4,8,
54083,2261,771480,3,4,4,8,
54084,42247,771480,3,4,4,7,
54085,1916,771480,3,4,4,8,
54086,2328,771480,3,4,4,8,
54087,3244,771480,3,4,4,8,
54088,2412,771480,3,4,4,9,
54089,19694,771480,3,4,4,7,
54090,18276,771480,3,4,4,8,
54091,28556,771480,15,15,3,8,
54092,2550,771481,3,4,4,8,
54093,1969,771481,3,4,4,8,
54094,2284,771481,3,4,4,8,
54095,8172,771481,13,13,3,7,
54096,23830,771481,15,15,3,8,
54097,2623,771481,3,4,4,9,
54098,10958,771481,3,4,4,9,
54099,2523,771481,3,4,4,9,
54100,1287,771481,3,4,4,8,
54101,1385,771481,3,4,4,8,
54102,34394,771481,25,25,3,8,
54103,21490,771481,19,19,3,9,
54104,21627,771481,29,29,3,8,
54105,3270,771481,3,4,4,7,
54106,32970,771481,31,31,3,7,
54107,23634,771481,17,17,3,9,
54108,5044,771481,3,4,4,8,
54109,28173,771481,27,27,3,8,
54110,3885,771481,3,4,4,9,
54111,10215,771481,13,13,3,8,
54112,23493,771481,3,4,4,8,
54113,19806,771481,29,29,3,8,
54114,22994,771481,33,33,3,9,
54115,4804,771481,3,4,4,9,
54116,11921,771481,3,4,4,9,
54117,19825,771481,27,27,3,9,
54118,19017,771481,3,4,4,9,
54119,20440,771481,23,23,3,9,
54120,29494,771481,23,23,3,8,
54121,23488,771481,33,33,3,8,
54122,3157,771481,3,4,4,9,
54123,24538,771481,3,4,4,8,
54124,3008,771481,3,4,4,8,
54125,28237,771481,29,29,3,8,
54126,3002,771481,3,4,4,9,
54127,25570,771481,23,23,3,7,
54128,28645,771481,31,31,3,8,
54129,25900,771481,3,4,4,8,
54130,16690,771481,15,15,3,8,
54131,17035,771481,19,19,3,8,
54132,10039,771481,19,19,3,8,
54133,2361,771481,3,4,4,7,
54134,13172,771481,19,19,3,8,
54135,1551,771481,3,4,4,7,
54136,3277,771481,3,4,4,6,
54137,831,771481,3,4,4,7,
54138,23787,771481,33,33,3,4,
54139,3110,771481,3,4,4,7,
54140,11273,771481,23,23,3,5,
54141,13881,771481,25,25,3,5,
54142,2951,771481,3,4,4,7,
54143,1843,771481,3,4,4,7,
54144,13135,771481,27,27,3,5,
54145,1656,771481,3,4,4,8,
54146,2930,771481,3,4,4,9,
54147,18095,771481,19,19,3,3,
54148,4382,771481,3,4,4,7,
54149,2774,771481,3,4,4,7,
54150,12307,771481,21,21,3,5,
54151,1013,771481,3,4,4,0,
54152,1638,771481,3,4,4,1,
54153,704,771481,3,4,4,1,
54154,20562,771481,25,25,3,5,
54155,1065,771481,3,4,4,1,
54156,21751,771481,25,25,3,5,
54157,22407,771481,3,4,4,5,
54158,655,771481,3,4,4,5,
54159,24533,771481,29,29,3,6,
54160,1980,771481,3,4,4,6,
54161,19768,771481,17,17,3,7,
54162,1457,771481,3,4,4,8,
54163,19057,771481,3,4,4,8,
54164,12588,771481,13,13,3,8,
54165,27007,771481,3,4,4,9,
54166,13485,771481,3,4,4,8,
54167,19401,771481,19,19,3,8,
54168,21376,771481,29,29,3,9,
54169,6403,771481,13,13,3,9,
54170,22677,771481,33,33,3,9,
54171,24816,771481,3,4,4,8,
54172,2956,771481,3,4,4,9,
54173,17962,771481,29,29,3,9,
54174,29123,771481,33,33,3,8,
54175,20961,771481,3,4,4,9,
54176,6164,771481,13,13,3,8,
54177,8425,771481,13,13,3,8,
54178,5133,771481,3,4,4,8,
54179,16605,771481,19,19,3,9,
54180,20260,771481,33,33,3,8,
54181,21804,771481,3,4,4,8,
54182,19246,771481,33,33,3,8,
54183,16374,771481,3,4,4,8,
54184,17751,771481,33,33,3,9,
54185,10616,771481,19,19,3,9,
54186,16161,771481,3,4,4,9,
54187,9609,771481,3,4,4,9,
54188,18980,771481,31,31,3,9,
54189,2133,771481,3,4,4,8,
54190,15075,771481,3,4,4,9,
54191,1188,771481,3,4,4,8,
54192,15144,771481,21,21,3,8,
54193,2620,771481,3,4,4,8,
54194,20420,771481,23,23,3,8,
54195,13745,771481,19,19,3,8,
54196,22897,771481,29,29,3,8,
54197,13809,771481,3,4,4,9,
54198,8911,771481,13,13,3,8,
54199,11833,771481,17,17,3,9,
54200,10025,771481,19,19,3,9,
54201,2466,771481,3,4,4,8,
54202,15575,771481,27,27,3,8,
54203,2175,771481,3,4,4,8,
54204,3283,771481,3,4,4,8,
54205,10539,771481,17,17,3,8,
54206,6037,771481,3,4,4,8,
54207,10347,771481,19,19,3,8,
54208,10770,771481,3,4,4,8,
54209,1670,771481,3,4,4,8,
54210,2227,771481,3,4,4,8,
54211,9477,771481,3,4,4,8,
54212,11205,771481,21,21,3,8,
54213,10852,771481,3,4,4,8,
54214,1024,771481,3,4,4,8,
54215,11136,771481,15,15,3,8,
54216,11246,771481,3,4,4,9,
54217,6262,771481,3,4,4,8,
54218,2362,771481,3,4,4,8,
54219,2470,771481,3,4,4,9,
54220,21476,771481,31,31,3,8,
54221,23480,771481,27,27,3,7,
54222,14876,771481,25,25,3,8,
54223,9353,771481,13,13,3,9,
54224,16384,771481,33,33,3,8,
54225,10507,771481,13,13,3,8,
54226,9628,771481,17,17,3,9,
54227,16150,771481,19,19,3,8,
54228,9190,771481,17,17,3,9,
54229,9821,771481,3,4,4,9,
54230,10834,771481,3,4,4,9,
54231,8892,771481,3,4,4,8,
54232,10614,771481,27,27,3,8,
54233,22149,771481,29,29,3,9,
54234,10104,771481,3,4,4,8,
54235,22388,771481,3,4,4,9,
54236,24119,771481,23,23,3,9,
54237,1565,771481,3,4,4,8,
54238,2348,771481,3,4,4,8,
54239,19577,771481,23,23,3,7,
54240,24814,771481,27,27,3,8,
54241,19675,771481,3,4,4,7,
54242,20724,771481,3,4,4,8,
54243,23322,771481,25,25,3,8,
54244,20705,771481,25,25,3,8,
54245,19799,771481,25,25,3,8,
54246,3439,771481,3,4,4,9,
54247,4044,771481,3,4,4,8,
54248,2240,771481,3,4,4,8,
54249,9770,771481,15,15,3,8,
54250,2324,771481,3,4,4,8,
54251,11353,771481,3,4,4,8,
54252,24974,771481,29,29,3,7,
54253,26708,771481,3,4,4,8,
54254,2179,771481,3,4,4,9,
54255,2103,771481,3,4,4,8,
54256,27316,771481,31,31,3,8,
54257,28488,771481,3,4,4,8,
54258,16514,771481,23,23,3,8,
54259,2208,771481,3,4,4,9,
54260,12794,771481,15,15,3,8,
54261,1846,771481,3,4,4,9,
54262,13053,771481,15,15,3,9,
54263,20544,771481,23,23,3,8,
54264,3674,771481,3,4,4,9,
54265,1842,771481,3,4,4,9,
54266,11875,771481,21,21,3,9,
54267,15428,771481,19,19,3,8,
54268,16076,771481,23,23,3,9,
54269,15068,771481,25,25,3,8,
54270,13697,771481,3,4,4,8,
54271,2473,771481,3,4,4,8,
54272,5966,771481,3,4,4,8,
54273,13802,771481,19,19,3,9,
54274,13811,771481,3,4,4,8,
54275,11452,771481,13,13,3,9,
54276,15428,771481,15,15,3,8,
54277,2397,771481,3,4,4,8,
54278,24332,771481,33,33,3,8,
54279,27257,771481,31,31,3,8,
54280,17886,771481,25,25,3,9,
54281,1633,771481,3,4,4,8,
54282,5465,771481,3,4,4,8,
54283,906,771481,3,4,4,8,
54284,20014,771481,25,25,3,8,
54285,11016,771481,15,15,3,9,
54286,23613,771481,17,17,3,9,
54287,12129,771481,21,21,3,9,
54288,24131,771481,3,4,4,8,
54289,12565,771481,3,4,4,9,
54290,15991,771481,27,27,3,8,
54291,10314,771481,3,4,4,8,
54292,14296,771481,25,25,3,8,
54293,3122,771481,3,4,4,9,
54294,33002,771481,31,31,3,9,
54295,10997,771481,3,4,4,9,
54296,64662,771481,3,4,4,8,
54297,2402,771481,3,4,4,9,
54298,9378,771481,19,19,3,8,
54299,1547,771481,3,4,4,9,
54300,22673,771481,25,25,3,8,
54301,23037,771481,33,33,3,8,
54302,17583,771481,21,21,3,8,
54303,6697,771481,3,4,4,9,
54304,14984,771481,17,17,3,8,
54305,73979,771481,33,33,3,9,
54306,15888,771481,23,23,3,9,
54307,1780,771481,3,4,4,8,
54308,53298,771481,33,33,3,8,
54309,56736,771481,3,4,4,9,
54310,3585,771481,3,4,4,8,
54311,59378,771481,3,4,4,9,
54312,48953,771481,29,29,3,8,
54313,46039,771481,23,23,3,8,
54314,60980,771481,31,31,3,8,
54315,48753,771481,3,4,4,9,
54316,17936,771481,3,4,4,8,
54317,23887,771481,21,21,3,7,
54318,51530,771481,33,33,3,8,
54319,20911,771481,23,23,3,8,
54320,17363,771481,23,23,3,8,
54321,18941,771481,3,4,4,9,
54322,26421,771481,29,29,3,8,
54323,17210,771481,23,23,3,9,
54324,1582,771481,3,4,4,8,
54325,16632,771481,15,15,3,8,
54326,20745,771481,21,21,3,9,
54327,4102,771481,3,4,4,8,
54328,2177,771481,3,4,4,8,
54329,4397,771481,3,4,4,8,
54330,2601,771481,3,4,4,7,
54331,3478,771481,3,4,4,8,
54332,17723,771481,27,27,3,8,
54333,22030,771481,23,23,3,8,
54334,14289,771481,23,23,3,8,
54335,18454,771481,25,25,3,8,
54336,21601,771481,3,4,4,8,
54337,18649,771481,3,4,4,8,
54338,4935,771481,3,4,4,8,
54339,8183,771481,3,4,4,9,
54340,1563,771481,3,4,4,8,
54341,3138,771481,3,4,4,8,
54342,2590,771481,3,4,4,8,
54343,16227,771481,21,21,3,9,
54344,2711,771481,3,4,4,7,
54345,24297,771481,31,32,3,8,
54346,11735,771481,3,4,4,8,
54347,1744,771481,3,4,4,8,
54348,1615,771481,3,4,4,7,
54349,35796,771481,31,31,3,8,
54350,26125,771481,27,27,3,8,
54351,34819,771481,3,4,4,7,
54352,14058,771481,15,15,3,8,
54353,5533,771481,3,4,4,8,
54354,26189,771481,27,27,3,9,
54355,23653,771481,21,21,3,8,
54356,23704,771481,3,4,4,8,
54357,13777,771481,23,23,3,9,
54358,14494,771481,13,13,3,9,
54359,11052,771481,3,4,4,8,
54360,13719,771481,21,21,3,8,
54361,13275,771481,19,19,3,9,
54362,3341,771481,3,4,4,8,
54363,13664,771481,33,33,3,7,
54364,9933,771481,13,13,3,8,
54365,6685,771481,13,13,3,8,
54366,9058,771481,3,4,4,8,
54367,2027,771481,3,4,4,9,
54368,1995,771481,3,4,4,8,
54369,1403,771481,3,4,4,8,
54370,8642,771481,3,4,4,8,
54371,7411,771481,13,13,3,8,
54372,8637,771481,21,21,3,8,
54373,7465,771481,3,4,4,8,
54374,9236,771481,3,4,4,8,
54375,1643,771481,3,4,4,8,
54376,2124,771481,3,4,4,8,
54377,2228,771481,3,4,4,8,
54378,1637,771481,3,4,4,9,
54379,8717,771481,17,17,3,8,
54380,2679,771481,3,4,4,8,
54381,8420,771481,3,4,4,7,
54382,23867,771481,33,33,3,8,
54383,2721,771481,3,4,4,8,
54384,10973,771481,21,21,3,8,
54385,19004,771481,31,31,3,8,
54386,22732,771481,3,4,4,8,
54387,11623,771481,3,4,4,8,
54388,2629,771481,3,4,4,8,
54389,11619,771481,25,25,3,9,
54390,12563,771481,21,21,3,9,
54391,12334,771481,3,4,4,8,
54392,1863,771481,3,4,4,9,
54393,2153,771481,3,4,4,9,
54394,1625,771481,3,4,4,8,
54395,1557,771481,3,4,4,8,
54396,16577,771481,33,33,3,8,
54397,3158,771481,3,4,4,9,
54398,2060,771481,3,4,4,8,
54399,8222,771481,17,17,3,8,
54400,13590,771481,27,27,3,8,
54401,1952,771481,3,4,4,9,
54402,2087,771481,3,4,4,8,
54403,1549,771481,3,4,4,8,
54404,1703,771481,3,4,4,8,
54405,16192,771481,29,29,3,8,
54406,1834,771481,3,4,4,8,
54407,17588,771481,3,4,4,9,
54408,7704,771481,17,17,3,8,
54409,9582,771481,3,4,4,8,
54410,7442,771481,3,4,4,9,
54411,7119,771481,3,4,4,9,
54412,16980,771481,31,31,3,9,
54413,12113,771481,23,23,3,8,
54414,2500,771481,3,4,4,7,
54415,12774,771481,23,23,3,8,
54416,3190,771481,3,4,4,9,
54417,2350,771481,3,4,4,8,
54418,13027,771481,3,4,4,8,
54419,2394,771481,3,4,4,8,
54420,2040,771481,3,4,4,8,
54421,2649,771481,3,4,4,8,
54422,2408,771481,3,4,4,8,
54423,17045,771481,31,31,3,8,
54424,8970,771481,19,19,3,8,
54425,2497,771481,3,4,4,8,
54426,8903,771481,3,4,4,8,
54427,17011,771481,3,4,4,8,
54428,2289,771481,3,4,4,8,
54429,4000,771481,3,4,4,8,
54430,12527,771481,21,21,3,9,
54431,12019,771481,3,4,4,9,
54432,12848,771481,23,23,3,9,
54433,3339,771481,3,4,4,8,
54434,10527,771481,15,15,3,8,
54435,3742,771481,3,4,4,8,
54436,1489,771481,3,4,4,8,
54437,1973,771481,3,4,4,9,
54438,17020,771481,29,29,3,7,
54439,1293,771481,3,4,4,8,
54440,1898,771481,3,4,4,8,
54441,18006,771481,29,29,3,7,
54442,14290,771481,25,25,3,9,
54443,14383,771481,3,4,4,8,
54444,11972,771481,17,17,3,8,
54445,2467,771481,3,4,4,8,
54446,11997,771481,3,4,4,9,
54447,1600,771481,3,4,4,8,
54448,9269,771481,19,19,3,8,
54449,9488,771481,3,4,4,8,
54450,14094,771481,31,31,3,8,
54451,14790,771481,3,4,4,9,
54452,3398,771481,3,4,4,7,
54453,2306,771481,3,4,4,8,
54454,10716,771481,25,25,3,8,
54455,1905,771481,3,4,4,8,
54456,11046,771481,23,23,3,9,
54457,1746,771481,3,4,4,7,
54458,3197,771481,3,4,4,9,
54459,10584,771481,3,4,4,8,
54460,18052,771481,21,21,3,7,
54461,6167,771481,19,19,3,8,
54462,10526,771481,27,27,3,8,
54463,7430,771481,3,4,4,8,
54464,10725,771481,3,4,4,9,
54465,10435,771481,25,25,3,9,
54466,10934,771481,3,4,4,9,
54467,2207,771481,3,4,4,9,
54468,11304,771481,3,4,4,8,
54469,15171,771481,33,33,3,8,
54470,11651,771481,17,17,3,9,
54471,14252,771481,3,4,4,8,
54472,9103,771481,17,17,3,8,
54473,11651,771481,21,21,3,8,
54474,11018,771481,3,4,4,8,
54475,2213,771481,3,4,4,9,
54476,2219,771481,3,4,4,9,
54477,8146,771481,13,13,3,9,
54478,8571,771481,3,4,4,8,
54479,12556,771481,27,27,3,9,
54480,12148,771481,3,4,4,8,
54481,2317,771481,3,4,4,9,
54482,3492,771481,3,4,4,8,
54483,2133,771481,3,4,4,7,
54484,2543,771481,3,4,4,8,
54485,16732,771481,29,29,3,9,
54486,8571,771481,13,13,3,7,
54487,14576,771481,19,19,3,8,
54488,2379,771481,3,4,4,8,
54489,16418,771481,17,17,3,8,
54490,18445,771481,33,33,3,8,
54491,7879,771481,3,4,4,9,
54492,14334,771481,23,23,3,8,
54493,17648,771481,3,4,4,8,
54494,962,771481,3,4,4,8,
54495,24318,771481,31,31,3,8,
54496,18950,771481,29,29,3,8,
54497,1778,771481,3,4,4,9,
54498,2468,771481,3,4,4,9,
54499,12512,771481,15,15,3,8,
54500,11219,771481,3,4,4,9,
54501,2401,771481,3,4,4,9,
54502,22833,771481,31,31,3,9,
54503,1341,771481,3,4,4,8,
54504,3246,771481,3,4,4,9,
54505,19309,771481,31,31,3,9,
54506,3697,771481,3,4,4,8,
54507,1427,771481,3,4,4,9,
54508,10168,771481,15,15,3,8,
54509,21153,771481,29,29,3,9,
54510,16163,771481,21,21,3,8,
54511,10369,771481,3,4,4,8,
54512,1944,771481,3,4,4,9,
54513,1535,771481,3,4,4,8,
54514,1035,771481,3,4,4,8,
54515,1416,771481,3,4,4,9,
54516,5265,771481,3,4,4,9,
54517,2231,771481,3,4,4,9,
54518,9157,771481,15,15,3,8,
54519,7541,771481,3,4,4,7,
54520,24077,771481,25,25,3,8,
54521,1908,771481,3,4,4,8,
54522,2027,771481,3,4,4,9,
54523,23452,771481,3,4,4,8,
54524,1897,771481,3,4,4,9,
54525,19638,771481,27,27,3,9,
54526,11304,771481,17,17,3,8,
54527,9641,771481,15,15,3,8,
54528,13066,771481,17,17,3,8,
54529,22878,771481,29,29,3,8,
54530,18984,771481,23,23,3,8,
54531,14719,771481,31,31,3,9,
54532,9568,771481,17,17,3,9,
54533,19203,771481,33,33,3,8,
54534,8163,771481,3,4,4,9,
54535,7050,771481,3,4,4,8,
54536,17666,771481,31,31,3,9,
54537,9642,771481,17,17,3,9,
54538,3333,771481,3,4,4,8,
54539,2384,771481,3,4,4,9,
54540,12661,771481,15,15,3,8,
54541,18382,771481,25,25,3,8,
54542,2319,771481,3,4,4,9,
54543,19944,771481,3,4,4,8,
54544,9050,771481,15,15,3,8,
54545,6742,771481,13,13,3,9,
54546,6468,771481,3,4,4,8,
54547,23391,771481,31,31,3,9,
54548,6634,771481,13,13,3,8,
54549,1973,771481,3,4,4,8,
54550,8199,771481,17,17,3,8,
54551,20055,771481,25,25,3,9,
54552,1850,771481,3,4,4,9,
54553,6676,771481,13,13,3,7,
54554,10689,771481,21,21,3,9,
54555,16513,771481,3,4,4,8,
54556,6810,771481,3,4,4,8,
54557,5288,771481,3,4,4,7,
54558,16359,771481,31,31,3,7,
54559,9522,771481,19,19,3,7,
54560,19249,771481,33,33,3,8,
54561,9188,771481,17,17,3,9,
54562,18885,771481,3,4,4,8,
54563,10208,771481,19,19,3,8,
54564,7885,771481,3,4,4,9,
54565,2053,771481,3,4,4,8,
54566,15636,771481,27,27,3,8,
54567,3324,771481,3,4,4,8,
54568,16160,771481,17,17,3,8,
54569,2279,771481,3,4,4,8,
54570,12155,771481,15,15,3,9,
54571,27293,771481,31,31,3,8,
54572,11532,771481,21,21,3,9,
54573,12161,771481,19,19,3,8,
54574,26948,771481,3,4,4,8,
54575,21575,771481,33,33,3,9,
54576,23751,771481,23,23,3,9,
54577,18864,771481,27,27,3,8,
54578,3441,771481,3,4,4,8,
54579,2456,771481,3,4,4,9,
54580,21799,771481,31,32,3,9,
54581,19602,771481,25,25,3,8,
54582,1802,771481,3,4,4,9,
54583,2273,771481,3,4,4,8,
54584,13541,771481,25,25,3,8,
54585,2666,771481,3,4,4,9,
54586,1757,771481,3,4,4,9,
54587,8415,771481,15,15,3,8,
54588,8447,771481,3,4,4,8,
54589,11209,771481,17,17,3,9,
54590,15605,771481,31,31,3,8,
54591,13395,771481,23,23,3,8,
54592,16205,771481,27,27,3,8,
54593,9174,771481,17,17,3,7,
54594,17306,771481,3,4,4,8,
54595,9382,771481,19,19,3,8,
54596,10702,771481,3,4,4,9,
54597,6303,771481,3,4,4,9,
54598,3442,771481,3,4,4,9,
54599,6782,771481,15,15,3,7,
54600,5359,771481,3,4,4,8,
54601,9614,771481,19,19,3,8,
54602,11022,771481,25,25,3,9,
54603,10901,771481,3,4,4,9,
54604,2321,771481,3,4,4,8,
54605,13244,771481,27,27,3,9,
54606,1354,771481,3,4,4,8,
54607,17367,771481,29,29,3,7,
54608,13244,771481,3,4,4,8,
54609,16237,771481,29,29,3,7,
54610,12325,771481,17,17,3,8,
54611,17898,771481,3,4,4,9,
54612,16626,771481,33,33,3,9,
54613,10508,771481,3,4,4,9,
54614,17724,771481,31,31,3,9,
54615,17239,771481,3,4,4,9,
54616,3238,771481,3,4,4,8,
54617,3111,771481,3,4,4,8,
54618,19575,771481,23,23,3,9,
54619,2450,771481,3,4,4,8,
54620,18671,771481,23,23,3,8,
54621,6396,771481,13,13,3,8,
54622,3365,771481,3,4,4,8,
54623,22634,771481,33,33,3,9,
54624,7213,771481,3,4,4,8,
54625,12416,771481,17,17,3,8,
54626,10569,771481,19,19,3,9,
54627,9810,771481,21,21,3,8,
54628,13133,771481,19,19,3,9,
54629,13235,771481,23,23,3,8,
54630,29602,771481,31,31,3,8,
54631,12161,771481,3,4,4,8,
54632,2331,771481,3,4,4,8,
54633,17053,771481,33,33,3,8,
54634,9372,771481,3,4,4,9,
54635,4510,771481,13,13,3,9,
54636,16836,771481,3,4,4,8,
54637,4228,771481,3,4,4,9,
54638,16871,771481,31,31,3,8,
54639,17778,771481,31,31,3,8,
54640,14221,771481,25,25,3,7,
54641,11960,771481,17,17,3,9,
54642,15383,771481,3,4,4,9,
54643,2561,771481,3,4,4,9,
54644,2259,771481,3,4,4,9,
54645,6419,771481,13,13,3,9,
54646,7625,771481,3,4,4,9,
54647,3274,771481,3,4,4,8,
54648,11496,771481,21,21,3,8,
54649,11958,771481,21,21,3,8,
54650,14668,771481,23,23,3,9,
54651,10520,771481,3,4,4,7,
54652,15989,771481,25,25,3,7,
54653,7273,771481,13,13,3,9,
54654,9943,771481,3,4,4,8,
54655,12166,771481,25,25,3,8,
54656,2171,771481,3,4,4,9,
54657,11997,771481,25,25,3,8,
54658,12438,771481,3,4,4,8,
54659,7170,771481,3,4,4,9,
54660,1838,771481,3,4,4,9,
54661,9060,771481,13,13,3,8,
54662,14813,771481,29,29,3,8,
54663,15676,771481,3,4,4,8,
54664,9431,771481,3,4,4,9,
54665,10328,771481,15,15,3,9,
54666,2041,771481,3,4,4,8,
54667,15516,771481,23,23,3,8,
54668,12550,771481,15,15,3,8,
54669,1167,771481,3,4,4,8,
54670,13765,771481,25,25,3,8,
54671,1516,771481,3,4,4,9,
54672,8776,771481,15,15,3,8,
54673,10108,771481,3,4,4,9,
54674,2306,771481,3,4,4,9,
54675,11795,771481,21,21,3,9,
54676,11937,771481,3,4,4,9,
54677,41868,771481,31,31,3,8,
54678,1519,771481,3,4,4,9,
54679,2500,771481,3,4,4,8,
54680,43313,771481,25,25,3,7,
54681,3739,771481,3,4,4,8,
54682,44198,771481,27,27,3,8,
54683,43772,771481,3,4,4,7,
54684,2601,771481,3,4,4,8,
54685,34571,771481,13,13,3,8,
54686,39198,771481,25,25,3,7,
54687,2171,771481,3,4,4,8,
54688,34792,771481,21,21,3,7,
54689,38565,771481,21,21,3,8,
54690,37794,771481,3,4,4,7,
54691,38479,771481,3,4,4,7,
54692,4924,771481,3,4,4,7,
54693,5147,771481,3,4,4,7,
54694,24256,771481,19,19,3,7,
54695,8425,771481,3,4,4,8,
54696,9009,771481,13,13,3,9,
54697,35924,771481,33,33,3,6,
54698,10381,771481,13,13,3,7,
54699,8119,771481,3,4,4,7,
54700,20229,771481,27,27,3,8,
54701,3169,771481,3,4,4,9,
54702,24255,771481,23,23,3,8,
54703,5570,771481,3,4,4,9,
54704,8541,771481,13,13,3,8,
54705,4125,771481,3,4,4,8,
54706,3707,771481,3,4,4,8,
54707,25719,771481,27,27,3,8,
54708,3508,771481,3,4,4,9,
54709,11660,771481,3,4,4,8,
54710,27944,771481,29,29,3,8,
54711,22361,771481,23,23,3,9,
54712,24585,771481,33,33,3,8,
54713,11932,771481,17,17,3,9,
54714,2711,771481,3,4,4,8,
54715,16465,771481,19,19,3,8,
54716,1932,771481,3,4,4,9,
54717,2682,771481,3,4,4,8,
54718,14365,771481,23,23,3,9,
54719,1502,771481,3,4,4,9,
54720,2546,771481,3,4,4,8,
54721,14047,771481,3,4,4,8,
54722,2626,771481,3,4,4,9,
54723,1471,771481,3,4,4,9,
54724,1818,771481,3,4,4,8,
54725,1813,771481,3,4,4,8,
54726,16869,771481,29,29,3,8,
54727,5974,771481,13,13,3,8,
54728,13833,771481,17,17,3,8,
54729,17193,771481,3,4,4,8,
54730,2668,771481,3,4,4,8,
54731,3034,771481,3,4,4,8,
54732,10278,771481,19,19,3,8,
54733,3879,771481,3,4,4,8,
54734,19575,771481,33,33,3,9,
54735,2194,771481,3,4,4,8,
54736,22030,771481,21,21,3,8,
54737,3106,771481,3,4,4,8,
54738,1975,771481,3,4,4,8,
54739,2293,771481,3,4,4,8,
54740,3518,771481,3,4,4,8,
54741,2176,771481,3,4,4,8,
54742,16155,771481,25,25,3,9,
54743,14837,771481,25,25,3,8,
54744,17198,771481,31,31,3,8,
54745,14350,771481,3,4,4,8,
54746,23484,771481,25,25,3,8,
54747,15639,771481,3,4,4,9,
54748,2164,771481,3,4,4,9,
54749,3117,771481,3,4,4,9,
54750,2747,771481,3,4,4,9,
54751,1943,771481,3,4,4,9,
54752,3043,771481,3,4,4,9,
54753,17290,771481,31,31,3,8,
54754,10261,771481,15,15,3,9,
54755,17080,771481,3,4,4,9,
54756,14181,771481,25,25,3,9,
54757,13989,771481,33,33,3,7,
54758,15096,771481,3,4,4,8,
54759,2455,771481,3,4,4,9,
54760,14333,771481,33,33,3,8,
54761,12753,771481,3,4,4,7,
54762,14955,771481,3,4,4,8,
54763,17054,771481,31,31,3,9,
54764,18027,771481,3,4,4,8,
54765,3839,771481,3,4,4,8,
54766,2185,771481,3,4,4,7,
54767,2700,771481,3,4,4,8,
54768,1990,771481,3,4,4,6,
54769,10178,771481,21,21,3,8,
54770,3571,771481,3,4,4,8,
54771,3824,771481,3,4,4,8,
54772,3299,771481,3,4,4,7,
54773,22028,771481,27,27,3,8,
54774,3069,771481,3,4,4,8,
54775,18499,771481,25,25,3,8,
54776,19150,771481,21,21,3,9,
54777,20385,771481,3,4,4,7,
54778,26276,771481,33,33,3,8,
54779,19924,771481,3,4,4,8,
54780,17109,771481,19,19,3,8,
54781,30106,771481,31,32,3,9,
54782,12058,771481,3,4,4,8,
54783,8152,771481,19,19,3,9,
54784,14570,771481,13,13,3,9,
54785,3031,771481,3,4,4,8,
54786,5829,771481,3,4,4,7,
54787,21136,771481,17,17,3,7,
54788,3132,771481,3,4,4,7,
54789,31381,771481,25,25,3,7,
54790,17644,771481,21,21,3,8,
54791,16615,771481,23,23,3,8,
54792,2809,771481,3,4,4,8,
54793,24562,771481,33,33,3,8,
54794,14494,771481,19,19,3,8,
54795,24530,771481,3,4,4,8,
54796,26829,771481,3,4,4,8,
54797,3277,771481,3,4,4,8,
54798,7887,771481,17,17,3,8,
54799,17209,771481,23,23,3,9,
54800,4215,771481,3,4,4,9,
54801,2860,771481,3,4,4,8,
54802,12794,771481,15,15,3,7,
54803,2019,771481,3,4,4,8,
54804,14533,771481,25,25,3,9,
54805,10635,771481,3,4,4,6,
54806,11424,771481,19,19,3,7,
54807,13026,771481,3,4,4,8,
54808,22998,771481,23,23,3,8,
54809,23217,771481,3,4,4,8,
54810,2020,771481,3,4,4,8,
54811,2518,771481,3,4,4,7,
54812,12439,771481,19,19,3,7,
54813,26442,771481,19,19,3,7,
54814,1165,771481,3,4,4,7,
54815,16441,771481,23,23,3,8,
54816,2156,771481,3,4,4,8,
54817,21332,771481,23,23,3,9,
54818,1904,771481,3,4,4,8,
54819,24559,771481,29,29,3,8,
54820,7738,771481,15,15,3,9,
54821,19781,771481,3,4,4,8,
54822,19428,771481,29,30,3,8,
54823,17109,771481,3,4,4,8,
54824,21182,771481,19,19,3,8,
54825,11584,771481,3,4,4,8,
54826,2045,771481,3,4,4,9,
54827,1428,771481,3,4,4,9,
54828,16074,771481,21,21,3,9,
54829,17631,771481,3,4,4,9,
54830,13889,771481,17,17,3,8,
54831,28862,771481,27,27,3,8,
54832,27708,771481,25,25,3,9,
54833,30744,771481,31,31,3,7,
54834,3223,771481,3,4,4,8,
54835,28801,771481,3,4,4,8,
54836,23078,771481,13,13,3,7,
54837,24191,771481,3,4,4,8,
54838,26425,771481,3,4,4,9,
54839,2614,771482,3,4,4,8,
54840,10356,771482,13,13,3,9,
54841,7927,771482,13,13,3,8,
54842,36205,771482,29,29,3,9,
54843,21325,771482,27,27,3,8,
54844,28080,771482,3,4,4,9,
54845,16527,771482,3,4,4,8,
54846,33628,771482,29,29,3,8,
54847,16335,771482,31,31,3,8,
54848,9638,771482,13,13,3,8,
54849,26549,771482,27,27,3,8,
54850,2979,771482,3,4,4,9,
54851,21914,771482,21,21,3,9,
54852,22149,771482,3,4,4,9,
54853,5816,771482,3,4,4,8,
54854,2935,771482,3,4,4,9,
54855,954,771482,3,4,4,7,
54856,6775,771482,15,15,3,8,
54857,27638,771482,31,31,3,8,
54858,16984,771482,27,27,3,8,
54859,27263,771482,3,4,4,8,
54860,2067,771482,3,4,4,9,
54861,20014,771482,29,29,3,9,
54862,22267,771482,29,29,3,7,
54863,20637,771482,33,33,3,8,
54864,18056,771482,29,29,3,9,
54865,6255,771482,3,4,4,8,
54866,17532,771482,3,4,4,9,
54867,1351,771482,3,4,4,8,
54868,1950,771482,3,4,4,9,
54869,15174,771482,27,27,3,8,
54870,14463,771482,17,17,3,9,
54871,16552,771482,23,23,3,9,
54872,3377,771482,3,4,4,9,
54873,19490,771482,27,27,3,8,
54874,7515,771482,3,4,4,8,
54875,21344,771482,27,27,3,9,
54876,13033,771482,23,23,3,8,
54877,16313,771482,25,25,3,8,
54878,22816,771482,27,27,3,8,
54879,23940,771482,3,4,4,9,
54880,4109,771482,3,4,4,8,
54881,10561,771482,19,19,3,9,
54882,17379,771482,19,19,3,8,
54883,2414,771482,3,4,4,9,
54884,12588,771482,19,19,3,9,
54885,12161,771482,3,4,4,8,
54886,16104,771482,29,29,3,9,
54887,17033,771482,25,25,3,9,
54888,19075,771482,27,27,3,9,
54889,12164,771482,3,4,4,8,
54890,18228,771482,23,23,3,8,
54891,27583,771482,33,33,3,9,
54892,12824,771482,19,19,3,8,
54893,19741,771482,27,27,3,9,
54894,13556,771482,15,15,3,9,
54895,18763,771482,3,4,4,9,
54896,921,771482,3,4,4,8,
54897,1874,771482,3,4,4,9,
54898,5328,771482,13,13,3,8,
54899,5680,771482,3,4,4,8,
54900,12061,771482,25,25,3,8,
54901,15532,771482,33,33,3,8,
54902,28055,771482,29,29,3,8,
54903,11922,771482,19,19,3,9,
54904,7796,771482,15,15,3,7,
54905,14524,771482,25,25,3,8,
54906,13365,771482,3,4,4,9,
54907,1195,771482,3,4,4,9,
54908,1243,771482,3,4,4,9,
54909,2302,771482,3,4,4,8,
54910,1615,771482,3,4,4,9,
54911,3111,771482,3,4,4,8,
54912,2233,771482,3,4,4,8,
54913,2585,771482,3,4,4,9,
54914,14742,771482,23,23,3,8,
54915,5275,771482,3,4,4,8,
54916,13360,771482,25,25,3,9,
54917,13309,771482,21,21,3,8,
54918,9873,771482,15,15,3,9,
54919,13387,771482,3,4,4,8,
54920,1528,771482,3,4,4,9,
54921,1621,771482,3,4,4,8,
54922,9352,771482,17,17,3,8,
54923,12488,771482,17,17,3,8,
54924,13702,771482,25,25,3,7,
54925,12769,771482,3,4,4,8,
54926,4973,771482,3,4,4,8,
54927,2769,771482,3,4,4,7,
54928,7127,771482,3,4,4,7,
54929,2069,771482,3,4,4,8,
54930,2692,771482,3,4,4,8,
54931,2292,771482,3,4,4,8,
54932,7034,771482,17,17,3,9,
54933,2385,771482,3,4,4,7,
54934,7049,771482,3,4,4,8,
54935,9218,771482,21,21,3,9,
54936,2668,771482,3,4,4,8,
54937,18528,771482,33,33,3,8,
54938,8534,771482,3,4,4,8,
54939,18708,771482,3,4,4,8,
54940,11805,771482,21,21,3,8,
54941,19611,771482,33,33,3,9,
54942,18874,771482,3,4,4,8,
54943,11066,771482,3,4,4,9,
54944,11029,771482,19,19,3,9,
54945,16926,771482,33,33,3,7,
54946,2116,771482,3,4,4,9,
54947,12445,771482,23,23,3,8,
54948,18761,771482,17,17,3,8,
54949,11892,771482,23,23,3,8,
54950,12125,771482,3,4,4,9,
54951,9040,771482,17,17,3,9,
54952,2318,771482,3,4,4,8,
54953,2183,771482,3,4,4,8,
54954,13204,771482,27,27,3,8,
54955,2392,771482,3,4,4,8,
54956,13530,771482,3,4,4,7,
54957,8227,771482,3,4,4,8,
54958,1004,771482,3,4,4,8,
54959,3325,771482,3,4,4,8,
54960,15209,771482,33,33,3,8,
54961,16733,771482,3,4,4,9,
54962,2486,771482,3,4,4,8,
54963,2595,771482,3,4,4,8,
54964,21136,771482,31,31,3,8,
54965,1763,771482,3,4,4,8,
54966,15211,771482,27,27,3,8,
54967,14186,771482,29,29,3,9,
54968,15233,771482,3,4,4,8,
54969,5735,771482,13,13,3,9,
54970,5282,771482,3,4,4,8,
54971,2721,771482,3,4,4,9,
54972,1713,771482,3,4,4,8,
54973,2536,771482,3,4,4,7,
54974,3258,771482,3,4,4,9,
54975,3811,771482,3,4,4,8,
54976,14326,771482,25,25,3,7,
54977,7891,771482,13,13,3,8,
54978,17938,771482,27,27,3,8,
54979,14257,771482,21,21,3,8,
54980,17704,771482,3,4,4,8,
54981,6715,771482,3,4,4,8,
54982,10380,771482,13,13,3,9,
54983,18700,771482,27,27,3,9,
54984,18988,771482,3,4,4,9,
54985,5601,771482,15,15,3,8,
54986,7282,771482,15,15,3,8,
54987,7340,771482,3,4,4,8,
54988,17344,771482,33,33,3,7,
54989,1983,771482,3,4,4,8,
54990,14788,771482,21,21,3,8,
54991,2065,771482,3,4,4,8,
54992,2697,771482,3,4,4,7,
54993,13371,771482,27,27,3,8,
54994,28233,771482,27,27,3,8,
54995,2885,771482,3,4,4,8,
54996,2188,771482,3,4,4,9,
54997,8689,771482,15,15,3,8,
54998,9611,771482,19,19,3,9,
54999,9711,771482,3,4,4,8,
55000,9202,771482,3,4,4,7,
55001,2688,771482,3,4,4,9,
55002,2275,771482,3,4,4,9,
55003,19034,771482,31,31,3,9,
55004,18383,771482,27,27,3,8,
55005,20068,771482,25,25,3,9,
55006,9894,771482,13,13,3,8,
55007,20294,771482,31,31,3,6,
55008,2269,771482,3,4,4,8,
55009,10789,771482,3,4,4,8,
55010,6053,771482,13,13,3,8,
55011,3327,771482,3,4,4,9,
55012,2151,771482,3,4,4,8,
55013,1530,771482,3,4,4,8,
55014,2192,771482,3,4,4,9,
55015,1576,771482,3,4,4,8,
55016,12903,771482,3,4,4,8,
55017,2137,771482,3,4,4,9,
55018,12864,771482,17,17,3,8,
55019,3575,771482,3,4,4,9,
55020,12779,771482,3,4,4,9,
55021,12439,771482,25,25,3,9,
55022,12141,771482,3,4,4,9,
55023,1165,771482,3,4,4,9,
55024,2105,771482,3,4,4,8,
55025,6835,771482,3,4,4,8,
55026,2969,771482,3,4,4,9,
55027,13479,771482,21,21,3,8,
55028,2885,771482,3,4,4,9,
55029,13615,771482,25,25,3,8,
55030,12810,771482,3,4,4,8,
55031,2808,771482,3,4,4,8,
55032,8805,771482,13,13,3,8,
55033,1655,771482,3,4,4,8,
55034,11788,771482,23,23,3,9,
55035,11714,771482,3,4,4,8,
55036,10826,771482,25,25,3,8,
55037,1873,771482,3,4,4,8,
55038,11800,771482,3,4,4,9,
55039,12722,771482,23,23,3,8,
55040,45938,771482,33,33,3,9,
55041,30635,771482,29,29,3,8,
55042,28975,771482,29,29,3,9,
55043,48906,771482,31,31,3,8,
55044,32364,771482,3,4,4,8,
55045,1628,771482,3,4,4,8,
55046,33907,771482,31,31,3,9,
55047,2561,771482,3,4,4,8,
55048,33697,771482,3,4,4,8,
55049,2152,771482,3,4,4,8,
55050,35253,771482,3,4,4,8,
55051,1531,771482,3,4,4,8,
55052,32511,771482,25,25,3,8,
55053,30046,771482,31,31,3,9,
55054,20290,771482,3,4,4,7,
55055,1190,771482,3,4,4,8,
55056,1764,771482,3,4,4,8,
55057,13005,771482,21,21,3,9,
55058,1720,771482,3,4,4,8,
55059,11732,771482,3,4,4,8,
55060,9066,771482,17,17,3,8,
55061,11330,771482,23,23,3,7,
55062,8895,771482,3,4,4,8,
55063,13986,771482,3,4,4,7,
55064,2477,771482,3,4,4,9,
55065,2519,771482,3,4,4,9,
55066,1795,771482,3,4,4,9,
55067,1782,771482,3,4,4,9,
55068,22347,771482,33,33,3,9,
55069,23519,771482,25,25,3,8,
55070,1902,771482,3,4,4,7,
55071,2882,771482,3,4,4,7,
55072,12836,771482,13,13,3,9,
55073,2931,771482,3,4,4,7,
55074,14304,771482,21,21,3,7,
55075,2891,771482,3,4,4,7,
55076,1994,771482,3,4,4,8,
55077,9839,771482,3,4,4,8,
55078,19105,771482,25,25,3,7,
55079,28519,771482,29,29,3,8,
55080,3956,771482,3,4,4,9,
55081,30518,771482,3,4,4,8,
55082,21145,771482,23,23,3,9,
55083,18952,771482,22,23,3,9,
55084,2050,771482,3,4,4,9,
55085,4133,771482,3,4,4,9,
55086,21586,771482,21,21,3,8,
55087,8378,771482,3,4,4,8,
55088,19883,771482,3,4,4,9,
55089,3418,771482,3,4,4,9,
55090,1453,771482,3,4,4,8,
55091,20863,771482,17,17,3,8,
55092,1244,771482,3,4,4,8,
55093,9842,771482,13,13,3,8,
55094,26685,771482,31,31,3,7,
55095,17238,771482,29,29,3,8,
55096,3478,771482,3,4,4,9,
55097,1721,771482,3,4,4,8,
55098,2185,771482,3,4,4,8,
55099,14154,771482,21,21,3,8,
55100,12040,771482,19,19,3,9,
55101,16385,771482,29,29,3,8,
55102,13830,771482,3,4,4,8,
55103,10077,771482,23,23,3,8,
55104,12807,771482,19,19,3,8,
55105,13529,771482,3,4,4,8,
55106,11098,771482,3,4,4,8,
55107,9156,771482,3,4,4,8,
55108,3608,771482,3,4,4,9,
55109,3082,771482,3,4,4,8,
55110,3120,771482,3,4,4,8,
55111,2878,771482,3,4,4,7,
55112,5178,771482,3,4,4,7,
55113,3793,771482,3,4,4,8,
55114,1994,771482,3,4,4,7,
55115,11799,771482,19,19,3,7,
55116,15495,771482,23,23,3,8,
55117,13458,771482,17,17,3,7,
55118,10861,771482,15,15,3,8,
55119,2515,771482,3,4,4,8,
55120,4138,771482,3,4,4,8,
55121,14696,771482,3,4,4,8,
55122,10148,771482,3,4,4,7,
55123,16613,771482,25,25,3,7,
55124,6957,771482,13,13,3,8,
55125,8301,771482,17,17,3,9,
55126,8010,771482,3,4,4,7,
55127,10494,771482,15,15,3,7,
55128,8515,771482,15,15,3,8,
55129,15876,771482,33,33,3,9,
55130,12308,771482,29,29,3,7,
55131,14095,771482,3,4,4,7,
55132,9151,771482,3,4,4,8,
55133,6832,771482,3,4,4,9,
55134,8507,771482,17,17,3,8,
55135,7893,771482,3,4,4,8,
55136,8512,771482,23,23,3,8,
55137,8782,771482,3,4,4,8,
55138,8818,771482,3,4,4,8,
55139,3845,771482,3,4,4,9,
55140,3800,771482,3,4,4,8,
55141,4371,771482,3,4,4,8,
55142,10622,771482,13,13,3,9,
55143,13339,771482,19,19,3,8,
55144,2814,771482,3,4,4,9,
55145,29894,771482,29,29,3,8,
55146,12511,771482,3,4,4,8,
55147,2932,771482,3,4,4,8,
55148,37231,771482,31,31,3,8,
55149,7475,771482,3,4,4,7,
55150,22953,771482,23,23,3,8,
55151,2588,771482,3,4,4,8,
55152,17775,771482,31,31,3,9,
55153,1934,771482,3,4,4,9,
55154,2211,771482,3,4,4,9,
55155,2089,771482,3,4,4,8,
55156,2276,771482,3,4,4,9,
55157,2239,771482,3,4,4,8,
55158,12913,771482,21,21,3,8,
55159,16151,771482,15,15,3,9,
55160,22980,771482,23,23,3,8,
55161,22535,771482,29,29,3,8,
55162,2547,771482,3,4,4,9,
55163,2240,771482,3,4,4,8,
55164,10971,771482,15,15,3,8,
55165,68056,771482,31,31,3,9,
55166,20179,771482,23,23,3,8,
55167,17068,771482,25,25,3,9,
55168,13064,771482,17,17,3,8,
55169,8563,771482,3,4,4,8,
55170,78594,771482,29,29,3,8,
55171,54454,771482,19,19,3,9,
55172,8864,771482,3,4,4,8,
55173,60429,771482,31,31,3,8,
55174,57315,771482,31,31,3,9,
55175,49385,771482,17,17,3,8,
55176,54847,771482,27,27,3,9,
55177,51312,771482,25,25,3,8,
55178,53726,771482,27,27,3,9,
55179,50631,771482,3,4,4,9,
55180,23043,771482,33,33,3,9,
55181,23362,771482,33,33,3,9,
55182,9242,771482,3,4,4,8,
55183,3314,771482,3,4,4,7,
55184,3062,771482,3,4,4,8,
55185,28803,771482,19,19,3,8,
55186,4036,771482,3,4,4,8,
55187,10478,771482,21,21,3,9,
55188,2031,771482,3,4,4,8,
55189,2113,771482,3,4,4,8,
55190,8588,771482,17,17,3,8,
55191,2943,771482,3,4,4,9,
55192,12678,771482,19,19,3,9,
55193,2610,771482,3,4,4,9,
55194,12417,771482,3,4,4,8,
55195,1428,771482,3,4,4,9,
55196,16778,771482,21,21,3,9,
55197,25662,771482,25,25,3,9,
55198,15695,771482,15,15,3,8,
55199,1860,771482,3,4,4,8,
55200,9698,771482,13,13,3,9,
55201,13589,771482,29,29,3,9,
55202,25055,771482,23,23,3,9,
55203,10516,771482,17,17,3,8,
55204,24032,771482,31,31,3,8,
55205,17024,771482,23,23,3,8,
55206,6275,771482,3,4,4,9,
55207,17609,771482,27,27,3,8,
55208,21978,771482,33,33,3,8,
55209,2648,771482,3,4,4,8,
55210,14015,771482,15,15,3,9,
55211,20835,771482,3,4,4,9,
55212,2548,771482,3,4,4,9,
55213,23222,771482,33,33,3,9,
55214,10751,771482,15,15,3,8,
55215,12727,771482,19,19,3,8,
55216,15055,771482,21,21,3,9,
55217,6663,771482,15,15,3,9,
55218,9299,771482,3,4,4,7,
55219,22650,771482,31,31,3,9,
55220,27869,771482,29,29,3,8,
55221,11986,771482,3,4,4,8,
55222,19172,771482,3,4,4,8,
55223,2488,771482,3,4,4,8,
55224,6010,771482,13,13,3,8,
55225,30261,771482,29,29,3,9,
55226,8736,771482,15,15,3,8,
55227,14431,771482,19,19,3,8,
55228,20530,771482,23,23,3,8,
55229,9105,771482,13,13,3,8,
55230,8929,771482,13,13,3,8,
55231,16062,771482,31,31,3,9,
55232,22223,771482,33,33,3,9,
55233,8092,771482,3,4,4,8,
55234,7532,771482,3,4,4,8,
55235,2423,771482,3,4,4,9,
55236,7844,771482,13,13,3,8,
55237,13212,771482,3,4,4,9,
55238,15517,771482,29,29,3,8,
55239,2256,771482,3,4,4,9,
55240,22770,771482,33,33,3,8,
55241,14771,771482,17,17,3,8,
55242,25863,771482,33,33,3,8,
55243,12089,771482,3,4,4,9,
55244,14734,771482,21,21,3,9,
55245,10431,771482,3,4,4,9,
55246,24222,771482,33,33,3,9,
55247,9417,771482,15,15,3,8,
55248,12498,771482,21,21,3,8,
55249,3329,771482,3,4,4,8,
55250,12452,771482,17,17,3,9,
55251,2686,771482,3,4,4,8,
55252,2464,771482,3,4,4,8,
55253,40911,771482,29,29,3,8,
55254,2810,771482,3,4,4,8,
55255,52930,771482,17,18,3,8,
55256,14439,771482,3,4,4,8,
55257,19026,771482,25,25,3,9,
55258,14202,771482,21,21,3,9,
55259,4276,771482,3,4,4,9,
55260,3216,771482,3,4,4,8,
55261,20465,771482,33,33,3,7,
55262,19340,771482,29,29,3,9,
55263,19689,771482,27,27,3,7,
55264,21798,771482,3,4,4,9,
55265,23669,771482,31,31,3,9,
55266,14475,771482,19,19,3,8,
55267,10678,771482,19,19,3,8,
55268,18904,771482,13,13,3,8,
55269,990,771482,3,4,4,7,
55270,25258,771482,33,33,3,8,
55271,2752,771482,3,4,4,7,
55272,38389,771482,31,31,3,6,
55273,39796,771482,3,4,4,7,
55274,27301,771482,31,32,3,8,
55275,1048,771482,3,4,4,8,
55276,2181,771482,3,4,4,9,
55277,19982,771482,25,25,3,9,
55278,33293,771482,3,4,4,8,
55279,26824,771482,3,4,4,6,
55280,17238,771482,19,19,3,8,
55281,24352,771482,29,29,3,7,
55282,10111,771482,3,4,4,7,
55283,14550,771482,3,4,4,8,
55284,19089,771482,23,23,3,6,
55285,12024,771482,27,27,3,6,
55286,1545,771482,3,4,4,5,
55287,3069,771482,3,4,4,7,
55288,27490,771482,29,29,3,7,
55289,28153,771482,33,33,3,8,
55290,1941,771482,3,4,4,7,
55291,15099,771482,19,19,3,7,
55292,22108,771482,33,33,3,8,
55293,17960,771482,29,29,3,8,
55294,44929,771482,25,25,3,8,
55295,10180,771482,15,15,3,9,
55296,22776,771482,13,13,3,9,
55297,17784,771482,3,4,4,8,
55298,17594,771482,29,29,3,9,
55299,8709,771482,3,4,4,9,
55300,14544,771482,31,31,3,8,
55301,23777,771482,25,25,3,9,
55302,1836,771482,3,4,4,8,
55303,7932,771482,15,15,3,9,
55304,19808,771482,3,4,4,8,
55305,7505,771482,3,4,4,8,
55306,15252,771482,27,27,3,9,
55307,18834,771482,3,4,4,7,
55308,17475,771482,31,31,3,9,
55309,11395,771482,23,23,3,8,
55310,8783,771482,15,15,3,9,
55311,1681,771482,3,4,4,9,
55312,1554,771482,3,4,4,9,
55313,1863,771482,3,4,4,9,
55314,11158,771482,21,21,3,8,
55315,11929,771482,3,4,4,8,
55316,7094,771482,17,17,3,7,
55317,5225,771482,3,4,4,7,
55318,6768,771482,3,4,4,9,
55319,2453,771482,3,4,4,8,
55320,3316,771482,3,4,4,7,
55321,16044,771482,25,25,3,8,
55322,3531,771482,3,4,4,7,
55323,15511,771482,21,21,3,7,
55324,3150,771482,3,4,4,7,
55325,16584,771482,3,4,4,8,
55326,18402,771482,25,25,3,8,
55327,2576,771482,3,4,4,8,
55328,12461,771482,27,27,3,8,
55329,3102,771482,3,4,4,8,
55330,14977,771482,3,4,4,8,
55331,1562,771482,3,4,4,8,
55332,21383,771482,31,31,3,8,
55333,16543,771482,29,29,3,9,
55334,16899,771482,25,25,3,8,
55335,9847,771482,15,15,3,8,
55336,10833,771482,21,21,3,8,
55337,9394,771482,13,13,3,9,
55338,10116,771482,3,4,4,8,
55339,19544,771482,33,33,3,8,
55340,10054,771482,3,4,4,8,
55341,14224,771482,25,25,3,9,
55342,24251,771482,33,33,3,9,
55343,2628,771482,3,4,4,9,
55344,1730,771482,3,4,4,8,
55345,8110,771482,13,13,3,8,
55346,20478,771482,3,4,4,8,
55347,8408,771482,3,4,4,8,
55348,2205,771482,3,4,4,8,
55349,2993,771482,3,4,4,8,
55350,2051,771482,3,4,4,9,
55351,13993,771482,19,19,3,8,
55352,2103,771482,3,4,4,8,
55353,3653,771482,3,4,4,8,
55354,14633,771482,23,23,3,8,
55355,3711,771482,3,4,4,9,
55356,48840,771482,25,25,3,8,
55357,7706,771482,17,17,3,9,
55358,46255,771482,23,23,3,8,
55359,50277,771482,27,27,3,7,
55360,55869,771482,3,4,4,8,
55361,55472,771482,3,4,4,7,
55362,47111,771482,27,27,3,7,
55363,39656,771482,15,15,3,8,
55364,43452,771482,27,27,3,6,
55365,39759,771482,21,21,3,6,
55366,45163,771482,3,4,4,8,
55367,5533,771482,3,4,4,6,
55368,2823,771482,3,4,4,7,
55369,5705,771482,3,4,4,7,
55370,26047,771482,31,31,3,7,
55371,3772,771482,3,4,4,6,
55372,33249,771482,33,33,3,8,
55373,16374,771482,21,21,3,9,
55374,14293,771482,3,4,4,7,
55375,2358,771482,3,4,4,7,
55376,18582,771482,27,27,3,7,
55377,1977,771482,3,4,4,8,
55378,30949,771482,27,27,3,9,
55379,23358,771482,23,23,3,8,
55380,9522,771482,13,13,3,9,
55381,15585,771482,23,23,3,8,
55382,28723,771482,33,33,3,9,
55383,12117,771482,17,17,3,9,
55384,14439,771482,25,25,3,9,
55385,9221,771482,17,17,3,8,
55386,6089,771482,3,4,4,8,
55387,34214,771482,33,33,3,8,
55388,45161,771482,31,31,3,8,
55389,33056,771482,29,29,3,8,
55390,2879,771482,3,4,4,8,
55391,36373,771482,17,17,3,9,
55392,18530,771482,27,27,3,9,
55393,22544,771482,3,4,4,9,
55394,36880,771482,31,31,3,7,
55395,21902,771482,15,15,3,9,
55396,23431,771482,3,4,4,9,
55397,30844,771482,3,4,4,9,
55398,11686,771482,19,19,3,8,
55399,12623,771482,3,4,4,9,
55400,21750,771482,29,29,3,8,
55401,3360,771482,3,4,4,8,
55402,19955,771482,21,21,3,8,
55403,9528,771482,3,4,4,8,
55404,21757,771482,21,21,3,9,
55405,2787,771482,3,4,4,8,
55406,2812,771482,3,4,4,8,
55407,1753,771482,3,4,4,8,
55408,19722,771482,25,25,3,9,
55409,20993,771482,33,33,3,7,
55410,19468,771482,23,23,3,7,
55411,14568,771482,21,21,3,8,
55412,18529,771482,29,29,3,9,
55413,18014,771482,3,4,4,8,
55414,13110,771482,19,19,3,8,
55415,16947,771482,29,29,3,8,
55416,6486,771482,3,4,4,9,
55417,14414,771482,3,4,4,8,
55418,2565,771482,3,4,4,8,
55419,10070,771482,3,4,4,9,
55420,11083,771482,13,13,3,9,
55421,2243,771482,3,4,4,8,
55422,11789,771482,3,4,4,9,
55423,25599,771482,31,31,3,8,
55424,18536,771482,21,21,3,9,
55425,23697,771482,33,33,3,8,
55426,15705,771482,3,4,4,8,
55427,26722,771482,31,31,3,9,
55428,12811,771482,19,19,3,8,
55429,20981,771482,23,23,3,9,
55430,2144,771482,3,4,4,8,
55431,11765,771482,19,19,3,9,
55432,1946,771482,3,4,4,9,
55433,15662,771482,27,27,3,9,
55434,24391,771482,33,33,3,9,
55435,10656,771482,19,19,3,8,
55436,12755,771482,3,4,4,8,
55437,11105,771482,3,4,4,8,
55438,7065,771482,3,4,4,8,
55439,8356,771482,17,17,3,8,
55440,22894,771482,31,31,3,8,
55441,3477,771482,3,4,4,8,
55442,18833,771482,25,25,3,7,
55443,18082,771482,19,19,3,8,
55444,3613,771482,3,4,4,9,
55445,28546,771482,33,33,3,8,
55446,17459,771482,3,4,4,8,
55447,21482,771482,21,21,3,8,
55448,15665,771482,23,23,3,7,
55449,27860,771482,31,31,3,9,
55450,11953,771482,17,17,3,9,
55451,11826,771482,23,23,3,9,
55452,8221,771482,3,4,4,9,
55453,19776,771482,29,29,3,7,
55454,3299,771482,3,4,4,8,
55455,22742,771482,31,31,3,7,
55456,18303,771482,27,28,3,8,
55457,9615,771482,15,15,3,8,
55458,11401,771482,17,17,3,9,
55459,18357,771482,19,19,3,8,
55460,24916,771482,23,23,3,9,
55461,20725,771482,29,29,3,9,
55462,9445,771482,3,4,4,8,
55463,8873,771482,3,4,4,9,
55464,58728,771482,19,19,3,8,
55465,8070,771482,13,13,3,8,
55466,4187,771482,3,4,4,8,
55467,1678,771482,3,4,4,8,
55468,4475,771482,3,4,4,8,
55469,2499,771482,3,4,4,8,
55470,8823,771482,15,15,3,8,
55471,3249,771482,3,4,4,7,
55472,62934,771482,27,27,3,8,
55473,49252,771482,3,4,4,8,
55474,2970,771482,3,4,4,8,
55475,6284,771482,15,15,3,8,
55476,5733,771482,3,4,4,8,
55477,32793,771482,33,33,3,7,
55478,36108,771482,3,4,4,7,
55479,3537,771482,3,4,4,9,
55480,19917,771482,3,4,4,8,
55481,76905,771482,33,33,3,8,
55482,50595,771482,27,27,3,9,
55483,57098,771482,17,17,3,9,
55484,45696,771482,19,19,3,7,
55485,30632,771482,29,29,3,8,
55486,4649,771482,3,4,4,8,
55487,26769,771482,17,17,3,9,
55488,42917,771482,29,29,3,8,
55489,16601,771482,13,13,3,8,
55490,54982,771482,25,25,3,9,
55491,27331,771482,3,4,4,8,
55492,22742,771482,3,4,4,9,
55493,6744,771482,3,4,4,8,
55494,26888,771482,21,21,3,8,
55495,25879,771483,31,31,3,8,
55496,2443,771483,3,4,4,9,
55497,2417,771483,3,4,4,8,
55498,777,771483,3,4,4,8,
55499,60308,771483,33,33,3,8,
55500,61018,771483,3,4,4,8,
55501,2888,771483,3,4,4,8,
55502,41766,771483,25,25,3,7,
55503,9915,771483,3,4,4,7,
55504,61348,771483,31,31,3,8,
55505,42379,771483,19,19,3,9,
55506,1614,771483,3,4,4,7,
55507,11894,771483,3,4,4,8,
55508,33954,771483,13,13,3,7,
55509,51774,771483,3,4,4,8,
55510,36195,771483,3,4,4,9,
55511,28820,771483,15,15,3,9,
55512,10430,771483,3,4,4,8,
55513,32463,771483,33,33,3,9,
55514,31015,771483,3,4,4,8,
55515,5742,771483,3,4,4,8,
55516,5396,771483,3,4,4,9,
55517,1772,771483,3,4,4,8,
55518,4019,771483,3,4,4,8,
55519,3752,771483,3,4,4,7,
55520,2619,771483,3,4,4,9,
55521,19065,771483,25,25,3,7,
55522,24885,771483,29,29,3,8,
55523,22220,771483,31,31,3,8,
55524,16073,771483,19,19,3,8,
55525,33524,771483,23,23,3,7,
55526,13477,771483,19,19,3,9,
55527,19632,771483,27,27,3,9,
55528,19780,771483,3,4,4,8,
55529,17189,771483,33,33,3,9,
55530,6540,771483,3,4,4,8,
55531,19536,771483,3,4,4,8,
55532,24464,771483,31,31,3,9,
55533,17914,771483,21,21,3,7,
55534,13449,771483,19,19,3,7,
55535,13491,771483,3,4,4,8,
55536,9765,771483,3,4,4,8,
55537,18044,771483,29,29,3,8,
55538,18841,771483,3,4,4,9,
55539,29862,771483,25,25,3,7,
55540,3526,771483,3,4,4,7,
55541,14554,771483,15,15,3,8,
55542,26359,771483,25,25,3,8,
55543,1896,771483,3,4,4,8,
55544,24548,771483,25,25,3,7,
55545,4678,771483,3,4,4,8,
55546,11326,771483,17,17,3,9,
55547,12678,771483,3,4,4,9,
55548,11687,771483,15,15,3,8,
55549,10548,771483,3,4,4,8,
55550,2065,771483,3,4,4,9,
55551,2388,771483,3,4,4,9,
55552,6019,771483,13,13,3,8,
55553,6714,771483,3,4,4,7,
55554,15773,771483,3,4,4,9,
55555,3505,771483,3,4,4,8,
55556,5431,771483,3,4,4,9,
55557,3263,771483,3,4,4,7,
55558,23561,771483,19,19,3,8,
55559,31870,771483,21,21,3,8,
55560,46917,771483,31,31,3,8,
55561,20754,771483,19,19,3,8,
55562,40677,771483,33,33,3,8,
55563,18477,771483,3,4,4,8,
55564,1392,771483,3,4,4,8,
55565,3606,771483,3,4,4,9,
55566,45587,771483,23,23,3,8,
55567,4223,771483,3,4,4,9,
55568,22060,771483,21,22,3,9,
55569,31314,771483,17,17,3,9,
55570,13249,771483,19,19,3,8,
55571,1275,771483,3,4,4,8,
55572,2796,771483,3,4,4,7,
55573,28733,771483,17,17,3,9,
55574,2951,771483,3,4,4,7,
55575,15392,771483,3,4,4,7,
55576,8087,771483,13,13,3,8,
55577,28556,771483,29,29,3,9,
55578,23874,771483,3,4,4,8,
55579,23157,771483,23,23,3,9,
55580,15423,771483,17,17,3,9,
55581,32037,771483,27,27,3,8,
55582,30250,771483,17,17,3,7,
55583,33654,771483,3,4,4,9,
55584,19514,771483,23,23,3,9,
55585,25508,771483,29,29,3,9,
55586,18536,771483,17,17,3,8,
55587,31733,771483,31,31,3,8,
55588,26814,771483,31,31,3,9,
55589,12734,771483,3,4,4,9,
55590,29138,771483,3,4,4,8,
55591,1971,771483,3,4,4,9,
55592,1579,771483,3,4,4,8,
55593,21939,771483,23,23,3,8,
55594,11333,771483,3,4,4,8,
55595,14633,771483,15,15,3,8,
55596,21821,771483,3,4,4,8,
55597,31363,771483,29,29,3,9,
55598,13396,771483,27,27,3,8,
55599,16295,771483,15,15,3,8,
55600,2147,771483,3,4,4,8,
55601,4042,771483,3,4,4,8,
55602,11315,771483,15,15,3,7,
55603,3922,771483,3,4,4,8,
55604,8737,771483,3,4,4,8,
55605,18829,771483,23,23,3,8,
55606,18158,771483,21,21,3,8,
55607,9499,771483,13,13,3,8,
55608,17783,771483,3,4,4,8,
55609,20377,771483,27,27,3,8,
55610,2002,771483,3,4,4,8,
55611,21594,771483,3,4,4,9,
55612,830,771483,3,4,4,8,
55613,8272,771483,17,17,3,8,
55614,10787,771483,3,4,4,8,
55615,18865,771483,31,31,3,8,
55616,19217,771483,29,29,3,9,
55617,21040,771483,33,33,3,8,
55618,17863,771483,27,27,3,9,
55619,17721,771483,33,33,3,9,
55620,8617,771483,17,17,3,8,
55621,17690,771483,3,4,4,8,
55622,18476,771483,27,27,3,8,
55623,2405,771483,3,4,4,8,
55624,10961,771483,25,25,3,7,
55625,8647,771483,3,4,4,7,
55626,10924,771483,3,4,4,7,
55627,12044,771483,3,4,4,9,
55628,6553,771483,3,4,4,8,
55629,3492,771483,3,4,4,8,
55630,10775,771483,17,17,3,8,
55631,2525,771483,3,4,4,8,
55632,10997,771483,3,4,4,7,
55633,18395,771483,33,33,3,8,
55634,2848,771483,3,4,4,7,
55635,50020,771483,33,33,3,7,
55636,3356,771483,3,4,4,7,
55637,23729,771483,33,33,3,7,
55638,20114,771483,27,27,3,8,
55639,53703,771483,3,4,4,7,
55640,4031,771483,3,4,4,8,
55641,9373,771483,13,13,3,8,
55642,3213,771483,3,4,4,8,
55643,663,771483,3,4,4,7,
55644,4598,771483,3,4,4,8,
55645,2573,771483,3,4,4,8,
55646,3282,771483,3,4,4,7,
55647,14194,771483,23,23,3,8,
55648,2034,771483,3,4,4,9,
55649,35457,771483,3,4,4,7,
55650,9066,771483,3,4,4,8,
55651,2216,771483,3,4,4,9,
55652,35182,771483,19,19,3,7,
55653,41297,771483,3,4,4,7,
55654,30795,771483,3,4,4,9,
55655,35044,771483,15,15,3,7,
55656,35597,771483,27,27,3,8,
55657,34779,771483,3,4,4,8,
55658,17090,771483,21,21,3,7,
55659,2489,771483,3,4,4,6,
55660,1626,771483,3,4,4,6,
55661,3600,771483,3,4,4,7,
55662,1774,771483,3,4,4,6,
55663,3822,771483,3,4,4,7,
55664,4113,771483,3,4,4,7,
55665,7441,771483,13,13,3,7,
55666,12391,771483,21,21,3,8,
55667,14045,771483,3,4,4,8,
55668,15223,771483,21,21,3,8,
55669,6398,771483,3,4,4,7,
55670,2894,771483,3,4,4,8,
55671,18995,771483,27,27,3,8,
55672,2281,771483,3,4,4,8,
55673,3392,771483,3,4,4,7,
55674,2778,771483,3,4,4,9,
55675,18521,771483,15,15,3,8,
55676,1909,771483,3,4,4,7,
55677,9435,771483,17,17,3,7,
55678,17462,771483,3,4,4,7,
55679,30606,771483,33,33,3,7,
55680,16090,771483,23,23,3,8,
55681,26458,771483,27,27,3,9,
55682,26134,771483,23,23,3,9,
55683,22713,771483,27,27,3,8,
55684,7012,771483,3,4,4,9,
55685,15719,771483,23,23,3,9,
55686,29628,771483,29,29,3,9,
55687,12887,771483,21,21,3,8,
55688,13051,771483,15,15,3,9,
55689,26988,771483,27,27,3,8,
55690,17820,771483,21,21,3,9,
55691,12536,771483,19,19,3,9,
55692,4099,771483,3,4,4,8,
55693,17342,771483,3,4,4,8,
55694,6967,771483,3,4,4,9,
55695,2615,771483,3,4,4,8,
55696,8741,771483,13,13,3,9,
55697,9449,771483,3,4,4,8,
55698,16780,771483,13,13,3,9,
55699,19825,771483,21,21,3,8,
55700,1416,771483,3,4,4,8,
55701,9698,771483,15,15,3,8,
55702,9997,771483,13,13,3,8,
55703,5982,771483,3,4,4,8,
55704,18072,771483,17,17,3,9,
55705,14143,771483,23,23,3,9,
55706,3687,771483,3,4,4,8,
55707,1463,771483,3,4,4,8,
55708,24712,771483,29,29,3,8,
55709,3392,771483,3,4,4,8,
55710,24085,771483,3,4,4,7,
55711,2038,771483,3,4,4,9,
55712,3732,771483,3,4,4,8,
55713,20484,771483,25,25,3,9,
55714,5040,771483,3,4,4,8,
55715,19737,771483,3,4,4,7,
55716,4809,771483,3,4,4,9,
55717,3228,771483,3,4,4,8,
55718,19548,771483,13,13,3,8,
55719,24057,771483,33,33,3,8,
55720,25466,771483,21,21,3,9,
55721,9352,771483,13,13,3,9,
55722,19045,771483,15,15,3,9,
55723,7461,771483,3,4,4,8,
55724,22784,771483,21,21,3,8,
55725,22771,771483,3,4,4,8,
55726,2416,771483,3,4,4,6,
55727,15825,771483,25,25,3,7,
55728,2428,771483,3,4,4,8,
55729,17316,771483,3,4,4,8,
55730,23956,771483,17,17,3,8,
55731,11234,771483,15,15,3,9,
55732,13039,771483,19,19,3,8,
55733,3027,771483,3,4,4,8,
55734,8472,771483,3,4,4,9,
55735,765,771483,3,4,4,8,
55736,1404,771483,3,4,4,8,
55737,24197,771483,17,17,3,8,
55738,25484,771483,3,4,4,9,
55739,1607,771483,3,4,4,7,
55740,32555,771483,29,29,3,7,
55741,1799,771483,3,4,4,7,
55742,8914,771483,3,4,4,8,
55743,24182,771483,19,19,3,9,
55744,14762,771483,17,17,3,8,
55745,1411,771483,3,4,4,8,
55746,44026,771483,31,31,3,8,
55747,3905,771483,3,4,4,9,
55748,8872,771483,13,13,3,8,
55749,8188,771483,3,4,4,8,
55750,2100,771483,3,4,4,9,
55751,2415,771483,3,4,4,9,
55752,17041,771483,15,15,3,9,
55753,19675,771483,3,4,4,8,
55754,1838,771483,3,4,4,9,
55755,40368,771483,27,27,3,8,
55756,19049,771483,15,15,3,9,
55757,19247,771483,3,4,4,8,
55758,1878,771483,3,4,4,8,
55759,37478,771483,25,25,3,8,
55760,37865,771483,3,4,4,9,
55761,8803,771483,3,4,4,8,
55762,15186,771483,15,15,3,8,
55763,28124,771483,21,21,3,8,
55764,19614,771483,15,15,3,9,
55765,20540,771483,15,15,3,8,
55766,16057,771483,25,25,3,8,
55767,24604,771483,23,23,3,9,
55768,12185,771483,3,4,4,8,
55769,22854,771483,21,21,3,8,
55770,11639,771483,3,4,4,9,
55771,31044,771483,31,31,3,8,
55772,3444,771483,3,4,4,8,
55773,6096,771483,3,4,4,9,
55774,15640,771483,13,13,3,8,
55775,1058,771483,3,4,4,8,
55776,25092,771483,21,21,3,8,
55777,41147,771483,19,19,3,8,
55778,15194,771483,3,4,4,9,
55779,5103,771483,3,4,4,8,
55780,29238,771483,31,31,3,8,
55781,4127,771483,3,4,4,8,
55782,23426,771483,27,27,3,9,
55783,9835,771483,15,15,3,8,
55784,22159,771483,29,29,3,8,
55785,29699,771483,31,31,3,8,
55786,2107,771483,3,4,4,8,
55787,3181,771483,3,4,4,8,
55788,3499,771483,3,4,4,8,
55789,32265,771483,21,21,3,8,
55790,9314,771483,19,19,3,7,
55791,33785,771483,33,33,3,9,
55792,16765,771483,3,4,4,8,
55793,8574,771483,15,15,3,9,
55794,2174,771483,3,4,4,8,
55795,5524,771483,3,4,4,8,
55796,18151,771483,27,27,3,7,
55797,24314,771483,3,4,4,8,
55798,31105,771483,23,23,3,8,
55799,3019,771483,3,4,4,8,
55800,803,771483,3,4,4,7,
55801,9616,771483,12,13,3,8,
55802,11475,771483,3,4,4,7,
55803,31902,771483,33,33,3,8,
55804,21198,771483,23,23,3,8,
55805,18685,771483,19,19,3,9,
55806,22169,771483,3,4,4,7,
55807,15137,771483,3,4,4,7,
55808,1787,771483,3,4,4,8,
55809,1554,771483,3,4,4,9,
55810,13118,771483,21,21,3,8,
55811,14756,771483,3,4,4,8,
55812,15112,771483,25,25,3,8,
55813,15337,771483,3,4,4,8,
55814,3332,771483,3,4,4,9,
55815,2018,771483,3,4,4,7,
55816,20893,771483,25,25,3,9,
55817,1630,771483,3,4,4,8,
55818,17870,771483,27,27,3,8,
55819,1453,771483,3,4,4,8,
55820,16144,771483,21,21,3,9,
55821,1953,771483,3,4,4,7,
55822,32159,771483,33,33,3,8,
55823,34494,771483,33,33,3,9,
55824,35425,771483,3,4,4,7,
55825,2093,771483,3,4,4,8,
55826,22791,771483,23,23,3,9,
55827,14888,771483,27,27,3,8,
55828,6880,771483,15,15,3,9,
55829,14639,771483,3,4,4,8,
55830,6394,771483,13,13,3,9,
55831,18009,771483,3,4,4,8,
55832,3685,771483,3,4,4,8,
55833,21365,771483,27,27,3,9,
55834,13867,771483,15,15,3,8,
55835,2869,771483,3,4,4,7,
55836,12303,771483,19,19,3,8,
55837,18536,771483,15,15,3,9,
55838,19006,771483,33,33,3,8,
55839,11159,771483,15,15,3,9,
55840,13142,771483,3,4,4,8,
55841,14435,771483,25,25,3,8,
55842,14209,771483,3,4,4,9,
55843,18566,771483,25,25,3,8,
55844,24876,771483,31,31,3,9,
55845,6547,771483,3,4,4,8,
55846,17447,771483,3,4,4,9,
55847,23525,771483,3,4,4,8,
55848,10494,771483,15,15,3,9,
55849,26720,771483,27,27,3,8,
55850,20293,771483,27,27,3,9,
55851,15228,771483,21,21,3,9,
55852,11669,771483,23,23,3,9,
55853,23313,771483,31,31,3,8,
55854,17839,771483,19,19,3,8,
55855,31012,771483,33,33,3,9,
55856,31218,771483,3,4,4,8,
55857,13479,771483,3,4,4,9,
55858,25731,771483,27,27,3,8,
55859,24638,771483,3,4,4,7,
55860,16882,771483,15,15,3,9,
55861,20873,771483,23,23,3,8,
55862,11239,771483,23,23,3,8,
55863,2354,771483,3,4,4,8,
55864,28027,771483,27,27,3,8,
55865,1407,771483,3,4,4,8,
55866,12866,771483,19,19,3,8,
55867,10782,771483,19,19,3,8,
55868,8409,771483,3,4,4,8,
55869,15987,771483,15,15,3,9,
55870,3454,771483,3,4,4,8,
55871,3523,771483,3,4,4,7,
55872,23048,771483,33,33,3,8,
55873,2876,771483,3,4,4,7,
55874,25054,771483,3,4,4,7,
55875,21303,771483,33,33,3,9,
55876,22148,771483,3,4,4,7,
55877,17378,771483,25,25,3,8,
55878,15021,771483,21,21,3,8,
55879,17335,771483,29,29,3,8,
55880,20484,771483,29,29,3,8,
55881,17694,771483,33,33,3,8,
55882,31316,771483,15,15,3,8,
55883,3209,771483,3,4,4,8,
55884,5447,771483,3,4,4,8,
55885,2225,771483,3,4,4,9,
55886,3806,771483,3,4,4,9,
55887,4195,771483,3,4,4,8,
55888,1002,771483,3,4,4,7,
55889,3291,771483,3,4,4,7,
55890,10820,771483,19,19,3,8,
55891,3461,771483,3,4,4,7,
55892,11231,771483,3,4,4,8,
55893,14672,771483,21,21,3,8,
55894,3787,771483,3,4,4,9,
55895,19768,771483,27,27,3,9,
55896,14162,771483,3,4,4,8,
55897,19500,771483,3,4,4,8,
55898,17094,771483,29,29,3,8,
55899,17928,771483,3,4,4,8,
55900,12998,771483,23,23,3,8,
55901,2339,771483,3,4,4,9,
55902,1789,771483,3,4,4,9,
55903,2238,771483,3,4,4,8,
55904,2882,771483,3,4,4,8,
55905,18794,771483,23,24,3,8,
55906,2401,771483,3,4,4,7,
55907,24728,771483,27,27,3,8,
55908,1184,771483,3,4,4,7,
55909,15033,771483,25,25,3,8,
55910,33993,771483,31,31,3,8,
55911,18107,771483,15,15,3,9,
55912,18329,771483,3,4,4,8,
55913,27060,771483,33,33,3,8,
55914,19683,771483,33,33,3,9,
55915,25788,771483,3,4,4,8,
55916,11972,771483,17,17,3,8,
55917,9450,771483,3,4,4,8,
55918,21156,771483,23,23,3,8,
55919,19707,771483,19,19,3,8,
55920,32242,771483,23,23,3,9,
55921,32518,771483,3,4,4,9,
55922,14945,771483,3,4,4,8,
55923,2888,771483,3,4,4,9,
55924,2150,771483,3,4,4,8,
55925,36020,771483,33,33,3,8,
55926,21050,771483,15,15,3,8,
55927,23679,771483,17,17,3,8,
55928,26728,771483,19,19,3,9,
55929,3945,771483,3,4,4,8,
55930,3999,771483,3,4,4,8,
55931,7612,771483,3,4,4,7,
55932,4225,771483,3,4,4,8,
55933,2129,771483,3,4,4,7,
55934,11899,771483,17,17,3,8,
55935,19209,771483,27,27,3,8,
55936,48563,771483,23,23,3,8,
55937,12221,771483,15,15,3,8,
55938,10139,771483,3,4,4,9,
55939,2881,771483,3,4,4,9,
55940,2408,771483,3,4,4,8,
55941,17433,771483,23,23,3,9,
55942,16480,771483,15,15,3,8,
55943,15942,771483,3,4,4,8,
55944,39250,771483,31,31,3,9,
55945,3812,771483,3,4,4,9,
55946,36976,771483,3,4,4,8,
55947,2335,771483,3,4,4,9,
55948,34386,771483,29,29,3,9,
55949,28836,771483,29,29,3,8,
55950,70551,771483,29,29,3,8,
55951,28509,771483,3,4,4,8,
55952,47190,771483,13,13,3,8,
55953,2275,771483,3,4,4,8,
55954,6349,771483,3,4,4,9,
55955,61876,771483,29,29,3,8,
55956,64328,771483,33,33,3,9,
55957,42077,771483,3,4,4,8,
55958,48111,771483,27,27,3,7,
55959,55923,771483,27,27,3,8,
55960,57980,771483,3,4,4,9,
55961,39940,771483,3,4,4,8,
55962,47386,771483,21,21,3,8,
55963,12273,771483,13,13,3,6,
55964,21400,771483,25,25,3,8,
55965,25697,771483,31,31,3,8,
55966,8283,771483,3,4,4,9,
55967,9420,771483,15,15,3,8,
55968,24170,771483,31,31,3,8,
55969,2687,771483,3,4,4,9,
55970,3049,771483,3,4,4,8,
55971,24845,771483,3,4,4,9,
55972,10019,771483,15,15,3,7,
55973,14335,771483,3,4,4,7,
55974,10038,771483,3,4,4,8,
55975,12274,771483,13,13,3,8,
55976,2939,771483,3,4,4,9,
55977,3917,771483,3,4,4,8,
55978,18440,771483,21,21,3,9,
55979,4328,771483,3,4,4,8,
55980,8774,771483,13,13,3,8,
55981,17890,771483,3,4,4,8,
55982,3820,771483,3,4,4,9,
55983,1985,771483,3,4,4,7,
55984,16079,771483,19,19,3,8,
55985,23918,771483,31,31,3,8,
55986,21500,771483,27,27,3,8,
55987,15599,771483,3,4,4,8,
55988,20710,771483,3,4,4,8,
55989,20314,771483,3,4,4,8,
55990,13089,771483,27,27,3,9,
55991,13472,771483,3,4,4,8,
55992,3044,771483,3,4,4,8,
55993,4461,771483,3,4,4,9,
55994,7447,771483,13,13,3,8,
55995,18047,771483,27,27,3,9,
55996,8225,771483,3,4,4,8,
55997,27278,771483,15,15,3,9,
55998,6122,771483,3,4,4,9,
55999,26779,771483,31,31,3,8,
56000,6149,771483,3,4,4,8,
56001,22225,771483,31,31,3,9,
56002,30622,771483,33,33,3,8,
56003,29505,771483,31,31,3,8,
56004,29461,771483,3,4,4,8,
56005,14479,771483,17,17,3,9,
56006,15922,771483,17,17,3,9,
56007,9313,771483,13,13,3,9,
56008,14911,771483,21,21,3,9,
56009,15924,771483,27,27,3,8,
56010,53879,771483,31,31,3,8,
56011,13489,771483,3,4,4,9,
56012,5079,771483,3,4,4,8,
56013,3687,771483,3,4,4,8,
56014,4158,771483,3,4,4,8,
56015,15250,771483,25,25,3,9,
56016,12163,771483,15,15,3,8,
56017,14687,771483,15,15,3,9,
56018,32813,771483,19,19,3,7,
56019,21003,771483,25,25,3,9,
56020,17875,771483,13,13,3,9,
56021,21766,771483,3,4,4,8,
56022,3956,771483,3,4,4,9,
56023,4602,771483,3,4,4,9,
56024,14601,771483,13,13,3,8,
56025,21539,771483,25,25,3,9,
56026,3039,771483,3,4,4,8,
56027,34150,771483,23,23,3,8,
56028,30406,771483,31,31,3,8,
56029,33444,771483,3,4,4,9,
56030,22220,771483,17,17,3,8,
56031,16719,771483,23,23,3,8,
56032,7860,771483,3,4,4,8,
56033,16858,771483,3,4,4,9,
56034,28513,771483,33,33,3,7,
56035,55883,771483,21,21,3,8,
56036,13134,771483,3,4,4,9,
56037,17444,771483,25,25,3,8,
56038,2895,771483,3,4,4,9,
56039,17046,771483,3,4,4,8,
56040,2313,771483,3,4,4,9,
56041,4405,771483,3,4,4,8,
56042,2640,771483,3,4,4,8,
56043,36634,771483,29,29,3,8,
56044,11460,771483,19,19,3,8,
56045,3390,771483,3,4,4,9,
56046,12785,771483,3,4,4,8,
56047,14105,771483,19,19,3,9,
56048,2212,771483,3,4,4,8,
56049,26852,771483,21,21,3,9,
56050,27004,771483,3,4,4,9,
56051,29618,771483,23,23,3,8,
56052,19690,771483,17,17,3,8,
56053,21331,771483,19,19,3,9,
56054,20458,771483,13,13,3,7,
56055,12037,771483,23,23,3,8,
56056,21683,771483,15,15,3,9,
56057,13960,771483,3,4,4,9,
56058,32393,771483,29,29,3,8,
56059,17085,771483,27,27,3,9,
56060,17711,771483,25,25,3,8,
56061,15521,771483,3,4,4,8,
56062,20237,771483,25,25,3,9,
56063,3388,771483,3,4,4,9,
56064,15609,771483,27,27,3,9,
56065,15696,771483,3,4,4,9,
56066,11558,771483,13,13,3,8,
56067,3272,771484,3,4,4,9,
56068,37755,771484,33,33,3,9,
56069,14100,771484,25,25,3,9,
56070,15783,771484,29,29,3,9,
56071,20125,771484,29,29,3,8,
56072,22158,771484,27,28,3,9,
56073,3973,771484,3,4,4,9,
56074,15602,771484,23,23,3,9,
56075,16824,771484,19,19,3,8,
56076,21515,771484,25,25,3,9,
56077,19351,771484,31,31,3,9,
56078,29083,771484,27,27,3,9,
56079,10552,771484,3,4,4,9,
56080,32248,771484,29,29,3,9,
56081,8593,771484,15,15,3,8,
56082,31367,771484,27,27,3,8,
56083,10947,771484,31,31,3,8,
56084,27618,771484,21,21,3,9,
56085,27254,771484,3,4,4,8,
56086,9906,771484,3,4,4,8,
56087,5506,771484,3,4,4,8,
56088,5085,771484,3,4,4,9,
56089,2668,771484,3,4,4,8,
56090,5929,771484,3,4,4,8,
56091,2434,771484,3,4,4,8,
56092,20031,771484,29,29,3,8,
56093,15792,771484,25,25,3,8,
56094,7389,771484,13,13,3,8,
56095,17794,771484,3,4,4,9,
56096,2757,771484,3,4,4,9,
56097,3179,771484,3,4,4,9,
56098,7935,771484,13,13,3,8,
56099,8667,771484,21,21,3,8,
56100,13287,771484,3,4,4,8,
56101,9541,771484,17,17,3,8,
56102,5173,771484,3,4,4,7,
56103,20548,771484,25,25,3,8,
56104,35414,771484,31,31,3,8,
56105,21267,771484,3,4,4,8,
56106,4320,771484,3,4,4,8,
56107,25237,771484,29,29,3,8,
56108,1961,771484,3,4,4,6,
56109,13613,771484,15,15,3,8,
56110,29877,771484,15,15,3,8,
56111,2944,771484,3,4,4,8,
56112,12310,771484,15,15,3,7,
56113,3247,771484,3,4,4,8,
56114,28565,771484,23,23,3,8,
56115,3371,771484,3,4,4,8,
56116,20234,771484,25,25,3,9,
56117,19329,771484,21,21,3,9,
56118,7106,771484,13,13,3,7,
56119,40961,771484,27,27,3,8,
56120,3210,771484,3,4,4,9,
56121,2849,771484,3,4,4,9,
56122,1953,771484,3,4,4,9,
56123,38364,771484,25,25,3,9,
56124,39175,771484,3,4,4,8,
56125,10623,771484,3,4,4,9,
56126,8505,771484,15,15,3,9,
56127,37879,771484,27,27,3,9,
56128,26812,771484,15,15,3,8,
56129,27099,771484,3,4,4,7,
56130,1465,771484,3,4,4,8,
56131,25634,771484,15,15,3,8,
56132,2057,771484,3,4,4,9,
56133,30359,771484,13,13,3,7,
56134,34386,771484,33,33,3,8,
56135,34353,771484,3,4,4,8,
56136,8587,771484,19,19,3,7,
56137,7488,771484,3,4,4,7,
56138,10222,771484,21,21,3,8,
56139,10284,771484,3,4,4,8,
56140,2695,771484,3,4,4,9,
56141,2338,771484,3,4,4,8,
56142,1254,771484,3,4,4,7,
56143,2276,771484,3,4,4,7,
56144,15183,771484,25,25,3,8,
56145,14049,771484,23,23,3,8,
56146,2510,771484,3,4,4,8,
56147,15970,771484,3,4,4,9,
56148,3431,771484,3,4,4,8,
56149,25188,771484,29,29,3,9,
56150,3929,771484,3,4,4,8,
56151,3028,771484,3,4,4,8,
56152,13864,771484,21,21,3,8,
56153,8537,771484,15,15,3,8,
56154,3708,771484,3,4,4,9,
56155,16346,771484,23,23,3,8,
56156,14261,771484,19,19,3,9,
56157,15282,771484,31,31,3,8,
56158,13102,771484,3,4,4,9,
56159,14151,771484,3,4,4,9,
56160,15370,771484,23,23,3,8,
56161,9096,771484,15,15,3,9,
56162,7378,771484,3,4,4,8,
56163,7754,771484,15,15,3,8,
56164,1249,771484,3,4,4,8,
56165,15852,771484,31,31,3,7,
56166,15057,771484,29,29,3,7,
56167,17366,771484,3,4,4,8,
56168,17054,771484,3,4,4,8,
56169,1620,771484,3,4,4,8,
56170,11064,771484,23,23,3,8,
56171,4300,771484,3,4,4,8,
56172,11243,771484,3,4,4,9,
56173,1462,771484,3,4,4,9,
56174,1572,771484,3,4,4,8,
56175,2340,771484,3,4,4,9,
56176,8671,771484,21,21,3,8,
56177,24949,771484,33,33,3,9,
56178,8982,771484,3,4,4,9,
56179,24107,771484,3,4,4,8,
56180,11243,771484,17,17,3,9,
56181,4486,771484,3,4,4,8,
56182,10555,771484,15,15,3,8,
56183,3155,771484,3,4,4,8,
56184,17774,771484,31,31,3,8,
56185,24450,771484,29,29,3,8,
56186,3397,771484,3,4,4,8,
56187,20483,771484,29,29,3,9,
56188,11487,771484,17,17,3,8,
56189,19672,771484,3,4,4,9,
56190,9684,771484,17,17,3,9,
56191,8702,771484,19,19,3,8,
56192,8911,771484,3,4,4,9,
56193,1666,771484,3,4,4,8,
56194,13140,771484,15,15,3,9,
56195,12066,771484,19,19,3,8,
56196,12346,771484,15,15,3,8,
56197,11564,771484,17,17,3,8,
56198,23833,771484,31,31,3,8,
56199,14023,771484,17,17,3,9,
56200,14007,771484,3,4,4,9,
56201,19724,771484,27,27,3,9,
56202,19810,771484,3,4,4,8,
56203,13781,771484,17,17,3,9,
56204,2367,771484,3,4,4,8,
56205,2122,771484,3,4,4,8,
56206,2970,771484,3,4,4,9,
56207,16597,771484,29,29,3,9,
56208,22975,771484,27,27,3,8,
56209,2667,771484,3,4,4,8,
56210,3074,771484,3,4,4,9,
56211,11167,771484,21,21,3,8,
56212,6781,771484,13,13,3,8,
56213,16401,771484,25,25,3,9,
56214,15565,771484,3,4,4,9,
56215,3341,771484,3,4,4,9,
56216,4707,771484,3,4,4,8,
56217,16556,771484,29,29,3,8,
56218,24730,771484,27,27,3,9,
56219,16263,771484,3,4,4,8,
56220,8667,771484,11,12,3,8,
56221,10182,771484,21,21,3,9,
56222,12173,771484,13,13,3,7,
56223,7826,771484,3,4,4,9,
56224,2482,771484,3,4,4,9,
56225,45555,771484,23,23,3,5,
56226,41082,771484,31,31,3,8,
56227,40313,771484,19,19,3,8,
56228,3008,771484,3,4,4,8,
56229,40433,771484,31,31,3,7,
56230,40759,771484,27,27,3,6,
56231,35842,771484,27,27,3,7,
56232,37000,771484,31,31,3,6,
56233,45592,771484,3,4,4,8,
56234,34287,771484,17,17,3,7,
56235,35585,771484,3,4,4,9,
56236,4237,771484,3,4,4,4,
56237,4211,771484,3,4,4,5,
56238,5529,771484,3,4,4,6,
56239,26089,771484,27,27,3,7,
56240,23602,771484,29,29,3,7,
56241,20184,771484,27,27,3,8,
56242,1474,771484,3,4,4,8,
56243,3573,771484,3,4,4,7,
56244,18945,771484,3,4,4,8,
56245,17598,771484,21,21,3,8,
56246,22806,771484,3,4,4,7,
56247,17671,771484,23,23,3,7,
56248,20328,771484,25,25,3,8,
56249,19468,771484,27,27,3,9,
56250,8017,771484,15,15,3,9,
56251,8568,771484,3,4,4,8,
56252,3065,771484,3,4,4,8,
56253,24439,771484,29,29,3,8,
56254,4233,771484,3,4,4,8,
56255,11713,771484,23,23,3,8,
56256,12714,771484,3,4,4,9,
56257,14753,771484,23,23,3,8,
56258,24975,771484,31,31,3,8,
56259,8530,771484,13,13,3,8,
56260,14548,771484,3,4,4,8,
56261,18600,771484,29,29,3,8,
56262,12111,771484,19,19,3,8,
56263,19368,771484,3,4,4,8,
56264,12790,771484,21,21,3,9,
56265,2170,771484,3,4,4,9,
56266,11161,771484,17,17,3,9,
56267,16741,771484,23,24,3,9,
56268,1680,771484,3,4,4,8,
56269,11871,771484,3,4,4,8,
56270,1947,771484,3,4,4,9,
56271,2129,771484,3,4,4,9,
56272,2309,771484,3,4,4,9,
56273,20237,771484,29,29,3,9,
56274,11950,771484,25,25,3,8,
56275,19079,771484,31,31,3,8,
56276,19221,771484,33,33,3,9,
56277,19809,771484,3,4,4,8,
56278,18376,771484,3,4,4,9,
56279,18885,771484,25,25,3,9,
56280,3021,771484,3,4,4,9,
56281,1803,771484,3,4,4,9,
56282,7847,771484,17,17,3,9,
56283,15122,771484,21,21,3,8,
56284,7104,771484,17,17,3,8,
56285,9955,771484,19,19,3,8,
56286,8915,771484,3,4,4,8,
56287,5745,771484,3,4,4,9,
56288,3991,771484,3,4,4,8,
56289,21859,771484,33,33,3,8,
56290,4622,771484,3,4,4,8,
56291,22180,771484,33,33,3,8,
56292,1890,771484,3,4,4,7,
56293,3787,771484,3,4,4,8,
56294,3163,771484,3,4,4,8,
56295,7203,771484,15,15,3,9,
56296,2902,771484,3,4,4,8,
56297,15043,771484,25,26,3,8,
56298,6471,771484,3,4,4,8,
56299,15002,771484,29,29,3,9,
56300,14602,771484,3,4,4,8,
56301,10763,771484,17,17,3,8,
56302,15648,771484,3,4,4,8,
56303,10436,771484,17,17,3,9,
56304,998,771484,3,4,4,8,
56305,2167,771484,3,4,4,9,
56306,8120,771484,13,13,3,8,
56307,7825,771484,3,4,4,8,
56308,14903,771484,25,25,3,8,
56309,34096,771484,27,27,3,9,
56310,1820,771484,3,4,4,8,
56311,8901,771484,15,15,3,8,
56312,6295,771484,15,15,3,8,
56313,6938,771484,13,13,3,8,
56314,2871,771484,3,4,4,8,
56315,6865,771484,3,4,4,7,
56316,21806,771484,33,33,3,8,
56317,7238,771484,3,4,4,8,
56318,22948,771484,27,27,3,8,
56319,23880,771484,27,27,3,8,
56320,3159,771484,3,4,4,8,
56321,16994,771484,3,4,4,9,
56322,1984,771484,3,4,4,8,
56323,2251,771484,3,4,4,9,
56324,1685,771484,3,4,4,8,
56325,9569,771484,19,19,3,8,
56326,2517,771484,3,4,4,9,
56327,25018,771484,33,33,3,8,
56328,14107,771484,23,23,3,8,
56329,2316,771484,3,4,4,9,
56330,2226,771484,3,4,4,9,
56331,18336,771484,31,31,3,9,
56332,11171,771484,17,17,3,8,
56333,8317,771484,13,13,3,9,
56334,1704,771484,3,4,4,8,
56335,12667,771484,23,23,3,8,
56336,10852,771484,17,17,3,7,
56337,11452,771484,17,17,3,7,
56338,30403,771484,33,33,3,9,
56339,10718,771484,3,4,4,8,
56340,10880,771484,23,23,3,8,
56341,9105,771484,3,4,4,8,
56342,7756,771484,3,4,4,8,
56343,12973,771484,23,23,3,9,
56344,2272,771484,3,4,4,7,
56345,19821,771484,31,31,3,8,
56346,2930,771484,3,4,4,8,
56347,14664,771484,23,23,3,8,
56348,19919,771484,33,33,3,8,
56349,19479,771484,3,4,4,7,
56350,9104,771484,3,4,4,7,
56351,2609,771484,3,4,4,8,
56352,8008,771484,13,13,3,9,
56353,2561,771484,3,4,4,9,
56354,2491,771484,3,4,4,9,
56355,20055,771484,31,31,3,9,
56356,13384,771484,21,21,3,8,
56357,10941,771484,15,15,3,8,
56358,21116,771484,31,31,3,8,
56359,33326,771484,25,25,3,9,
56360,4728,771484,3,4,4,8,
56361,2658,771484,3,4,4,8,
56362,2853,771484,3,4,4,9,
56363,10357,771484,13,13,3,8,
56364,24854,771484,3,4,4,8,
56365,16137,771484,25,25,3,8,
56366,2627,771484,3,4,4,8,
56367,7329,771484,13,13,3,9,
56368,9943,771484,3,4,4,9,
56369,11267,771484,15,15,3,9,
56370,18436,771484,27,27,3,8,
56371,15370,771484,29,29,3,9,
56372,11158,771484,19,19,3,8,
56373,13786,771484,21,21,3,9,
56374,14828,771484,17,17,3,8,
56375,5186,771484,3,4,4,9,
56376,12993,771484,23,23,3,8,
56377,2247,771484,3,4,4,9,
56378,1825,771484,3,4,4,9,
56379,15296,771484,19,19,3,9,
56380,7663,771484,15,15,3,8,
56381,15706,771484,3,4,4,9,
56382,6826,771484,3,4,4,8,
56383,16385,771484,27,27,3,8,
56384,23678,771484,31,31,3,9,
56385,8734,771484,19,19,3,8,
56386,24681,771484,3,4,4,8,
56387,21860,771484,27,27,3,8,
56388,22542,771484,33,33,3,8,
56389,976,771484,3,4,4,8,
56390,16441,771484,25,25,3,8,
56391,15164,771484,23,23,3,9,
56392,17215,771484,3,4,4,8,
56393,2002,771484,3,4,4,9,
56394,1133,771484,3,4,4,9,
56395,1358,771484,3,4,4,9,
56396,1141,771484,3,4,4,8,
56397,13417,771484,33,33,3,8,
56398,11589,771484,19,19,3,8,
56399,13895,771484,3,4,4,9,
56400,1757,771484,3,4,4,8,
56401,3824,771484,3,4,4,8,
56402,2742,771484,3,4,4,8,
56403,14946,771484,29,29,3,8,
56404,14364,771484,21,21,3,9,
56405,8825,771484,19,19,3,8,
56406,21182,771484,33,33,3,8,
56407,27101,771484,15,15,3,8,
56408,9098,771484,3,4,4,7,
56409,21183,771484,3,4,4,8,
56410,12820,771484,3,4,4,9,
56411,14567,771484,23,23,3,9,
56412,18374,771484,33,33,3,8,
56413,17771,771484,23,23,3,8,
56414,10733,771484,17,17,3,9,
56415,9592,771484,21,21,3,8,
56416,15811,771484,25,25,3,8,
56417,14373,771484,19,19,3,9,
56418,6184,771484,3,4,4,8,
56419,17605,771484,29,29,3,8,
56420,1954,771484,3,4,4,9,
56421,3035,771484,3,4,4,8,
56422,20168,771484,33,33,3,8,
56423,7537,771484,3,4,4,9,
56424,4095,771484,3,4,4,8,
56425,19709,771484,3,4,4,8,
56426,8339,771484,13,13,3,9,
56427,2569,771484,3,4,4,8,
56428,12080,771484,3,4,4,8,
56429,22521,771484,27,27,3,9,
56430,12811,771484,25,25,3,8,
56431,16136,771484,29,29,3,8,
56432,13107,771484,3,4,4,8,
56433,16636,771484,29,29,3,9,
56434,17237,771484,3,4,4,9,
56435,1167,771484,3,4,4,8,
56436,1129,771484,3,4,4,8,
56437,11957,771484,19,19,3,9,
56438,12340,771484,3,4,4,8,
56439,20475,771484,27,27,3,7,
56440,1986,771484,3,4,4,8,
56441,11482,771484,15,15,3,8,
56442,18392,771484,25,25,3,8,
56443,19624,771484,17,17,3,8,
56444,15560,771484,21,21,3,8,
56445,13652,771484,19,19,3,9,
56446,2187,771484,3,4,4,8,
56447,10088,771484,17,17,3,8,
56448,2269,771484,3,4,4,8,
56449,9037,771484,3,4,4,7,
56450,10687,771484,15,15,3,8,
56451,11612,771484,17,17,3,7,
56452,8941,771484,17,17,3,8,
56453,15629,771484,31,31,3,8,
56454,16982,771484,3,4,4,8,
56455,3719,771484,3,4,4,8,
56456,1093,771484,3,4,4,8,
56457,16751,771484,33,33,3,8,
56458,2695,771484,3,4,4,8,
56459,10594,771484,17,17,3,9,
56460,3022,771484,3,4,4,8,
56461,1469,771484,3,4,4,8,
56462,12090,771484,19,19,3,9,
56463,16487,771484,25,25,3,8,
56464,9378,771484,3,4,4,8,
56465,14012,771484,3,4,4,9,
56466,22850,771484,33,33,3,9,
56467,15691,771484,3,4,4,9,
56468,17601,771484,27,27,3,8,
56469,16838,771484,27,27,3,8,
56470,2433,771484,3,4,4,8,
56471,6511,771484,13,13,3,8,
56472,20758,771484,29,29,3,9,
56473,1910,771484,3,4,4,8,
56474,21297,771484,3,4,4,9,
56475,13907,771484,27,27,3,9,
56476,14644,771484,3,4,4,9,
56477,9402,771484,17,17,3,9,
56478,16834,771484,31,31,3,8,
56479,12586,771484,13,13,3,9,
56480,13141,771484,3,4,4,9,
56481,15000,771484,27,27,3,8,
56482,17146,771484,25,25,3,8,
56483,16302,771484,25,25,3,9,
56484,2313,771484,3,4,4,9,
56485,40224,771484,29,29,3,8,
56486,11913,771484,3,4,4,9,
56487,32923,771484,23,23,3,8,
56488,12486,771484,17,17,3,9,
56489,12181,771484,3,4,4,8,
56490,24635,771484,19,19,3,8,
56491,34278,771484,3,4,4,8,
56492,1633,771484,3,4,4,8,
56493,37692,771484,19,19,3,8,
56494,32498,771484,19,19,3,8,
56495,35763,771484,23,23,3,8,
56496,37102,771484,3,4,4,9,
56497,26874,771484,3,4,4,9,
56498,14278,771484,3,4,4,8,
56499,6918,771484,3,4,4,8,
56500,7512,771484,13,13,3,8,
56501,21071,771484,33,33,3,8,
56502,22174,771484,3,4,4,8,
56503,2755,771484,3,4,4,8,
56504,10007,771484,19,19,3,8,
56505,11372,771484,21,21,3,8,
56506,12158,771484,3,4,4,9,
56507,11746,771484,27,27,3,8,
56508,4462,771484,3,4,4,9,
56509,9393,771484,3,4,4,8,
56510,1593,771484,3,4,4,9,
56511,14399,771484,25,25,3,9,
56512,14429,771484,3,4,4,7,
56513,1932,771484,3,4,4,9,
56514,20035,771484,33,33,3,9,
56515,16360,771484,29,29,3,9,
56516,7888,771484,17,17,3,8,
56517,7869,771484,3,4,4,8,
56518,1150,771484,3,4,4,8,
56519,4698,771484,13,13,3,8,
56520,7193,771484,3,4,4,9,
56521,2145,771484,3,4,4,9,
56522,3707,771484,3,4,4,8,
56523,31585,771484,27,27,3,7,
56524,4100,771484,3,4,4,8,
56525,2160,771484,3,4,4,8,
56526,1982,771484,3,4,4,8,
56527,11373,771484,15,15,3,8,
56528,17294,771484,21,21,3,8,
56529,2361,771484,3,4,4,8,
56530,15791,771484,25,25,3,8,
56531,29251,771484,3,4,4,8,
56532,26114,771484,33,33,3,8,
56533,12940,771484,19,19,3,9,
56534,13421,771484,3,4,4,8,
56535,3076,771484,3,4,4,8,
56536,1258,771484,3,4,4,8,
56537,24143,771484,23,23,3,8,
56538,26482,771484,19,19,3,8,
56539,23223,771484,33,33,3,9,
56540,21160,771484,17,17,3,8,
56541,19370,771484,3,4,4,8,
56542,9740,771484,25,25,3,8,
56543,15153,771484,21,21,3,8,
56544,10225,771484,3,4,4,7,
56545,17129,771484,19,19,3,7,
56546,18301,771484,13,13,3,8,
56547,37584,771484,27,27,3,9,
56548,32647,771484,29,29,3,8,
56549,23120,771484,23,23,3,8,
56550,31122,771484,3,4,4,8,
56551,1181,771484,3,4,4,8,
56552,16083,771484,21,21,3,8,
56553,13268,771484,23,23,3,8,
56554,1851,771484,3,4,4,8,
56555,3578,771484,3,4,4,8,
56556,1965,771484,3,4,4,8,
56557,2059,771484,3,4,4,8,
56558,2648,771484,3,4,4,8,
56559,28105,771484,21,21,3,8,
56560,25928,771484,27,27,3,8,
56561,31866,771484,29,29,3,9,
56562,26102,771484,3,4,4,8,
56563,12541,771484,13,13,3,8,
56564,20283,771484,17,17,3,7,
56565,30067,771484,31,31,3,9,
56566,17598,771484,25,25,3,8,
56567,11834,771484,3,4,4,9,
56568,20340,771484,19,19,3,9,
56569,29930,771484,21,21,3,9,
56570,15469,771484,15,15,3,8,
56571,24961,771484,29,29,3,7,
56572,30585,771484,31,31,3,8,
56573,15395,771484,3,4,4,9,
56574,30625,771484,3,4,4,9,
56575,28324,771484,27,27,3,8,
56576,17319,771484,13,13,3,8,
56577,16593,771484,29,29,3,9,
56578,11504,771484,15,15,3,8,
56579,3035,771484,3,4,4,9,
56580,3994,771484,3,4,4,9,
56581,14332,771484,13,13,3,8,
56582,16012,771484,3,4,4,8,
56583,11491,771484,3,4,4,8,
56584,24224,771484,33,33,3,8,
56585,4575,771484,3,4,4,8,
56586,11660,771484,17,17,3,8,
56587,15082,771484,21,21,3,9,
56588,13532,771484,17,17,3,8,
56589,3826,771484,3,4,4,7,
56590,3072,771484,3,4,4,7,
56591,15768,771484,13,13,3,7,
56592,3111,771484,3,4,4,8,
56593,16224,771484,3,4,4,8,
56594,2157,771484,3,4,4,8,
56595,35981,771484,27,27,3,7,
56596,47062,771484,33,33,3,8,
56597,46849,771484,29,29,3,8,
56598,18864,771484,15,15,3,9,
56599,47514,771484,3,4,4,9,
56600,28618,771484,29,29,3,7,
56601,27753,771484,33,33,3,8,
56602,22069,771484,21,21,3,8,
56603,735,771484,3,4,4,8,
56604,14798,771484,25,25,3,9,
56605,15801,771484,3,4,4,9,
56606,37901,771484,25,25,3,9,
56607,1544,771484,3,4,4,8,
56608,1303,771484,3,4,4,8,
56609,2310,771484,3,4,4,8,
56610,68523,771484,31,31,3,7,
56611,23728,771484,21,21,3,7,
56612,19807,771484,25,25,3,7,
56613,68890,771484,3,4,4,8,
56614,24656,771484,3,4,4,8,
56615,25650,771484,23,23,3,8,
56616,2750,771484,3,4,4,8,
56617,11796,771484,19,19,3,8,
56618,22084,771484,15,15,3,9,
56619,43183,771484,19,19,3,9,
56620,39830,771484,17,17,3,8,
56621,34876,771484,27,27,3,8,
56622,3048,771484,3,4,4,8,
56623,18488,771484,19,19,3,8,
56624,38386,771484,23,23,3,7,
56625,29591,771484,33,33,3,8,
56626,35409,771484,25,25,3,8,
56627,24127,771484,3,4,4,8,
56628,12079,771484,3,4,4,8,
56629,4750,771484,3,4,4,8,
56630,2990,771484,3,4,4,8,
56631,2790,771484,3,4,4,7,
56632,3777,771484,3,4,4,8,
56633,2986,771484,3,4,4,8,
56634,23867,771484,33,33,3,7,
56635,20231,771484,25,25,3,8,
56636,3269,771484,3,4,4,8,
56637,16207,771484,27,27,3,8,
56638,24002,771484,33,33,3,8,
56639,19343,771484,3,4,4,8,
56640,2804,771484,3,4,4,8,
56641,16131,771484,3,4,4,9,
56642,2847,771484,3,4,4,8,
56643,19457,771484,25,25,3,8,
56644,9271,771484,13,13,3,8,
56645,18511,771484,3,4,4,8,
56646,15474,771484,25,25,3,9,
56647,20970,771484,25,25,3,9,
56648,1407,771484,3,4,4,9,
56649,32870,771484,33,33,3,9,
56650,44414,771484,33,33,3,8,
56651,25386,771484,31,31,3,8,
56652,7500,771484,13,13,3,9,
56653,22186,771484,33,33,3,7,
56654,21013,771484,23,23,3,8,
56655,5798,771484,13,13,3,8,
56656,16110,771484,19,19,3,8,
56657,21055,771484,3,4,4,8,
56658,25335,771484,31,31,3,9,
56659,11566,771484,3,4,4,9,
56660,11168,771484,3,4,4,9,
56661,3252,771484,3,4,4,7,
56662,20843,771484,27,27,3,9,
56663,1962,771484,3,4,4,7,
56664,12525,771484,13,13,3,8,
56665,13597,771484,15,15,3,8,
56666,2702,771484,3,4,4,8,
56667,5562,771484,13,13,3,9,
56668,20083,771484,31,31,3,8,
56669,21643,771484,27,27,3,8,
56670,20561,771484,3,4,4,9,
56671,13931,771484,25,25,3,9,
56672,22058,771484,33,33,3,9,
56673,6674,771484,3,4,4,9,
56674,22678,771484,31,31,3,8,
56675,17850,771484,21,21,3,8,
56676,18009,771484,3,4,4,9,
56677,2037,771484,3,4,4,8,
56678,13404,771484,15,16,3,8,
56679,20899,771484,23,23,3,8,
56680,21021,771484,3,4,4,9,
56681,13647,771484,21,21,3,8,
56682,13622,771484,3,4,4,7,
56683,6368,771484,13,13,3,9,
56684,2206,771484,3,4,4,9,
56685,1829,771484,3,4,4,8,
56686,4049,771484,3,4,4,9,
56687,21715,771484,23,23,3,8,
56688,1502,771484,3,4,4,9,
56689,18461,771484,15,15,3,8,
56690,33273,771484,3,4,4,9,
56691,38948,771484,31,31,3,8,
56692,1882,771484,3,4,4,8,
56693,1162,771484,3,4,4,8,
56694,30733,771484,23,23,3,8,
56695,32382,771484,3,4,4,8,
56696,15584,771484,13,13,3,9,
56697,16534,771484,3,4,4,9,
56698,27885,771484,23,23,3,8,
56699,29609,771484,3,4,4,8,
56700,19100,771484,23,23,3,9,
56701,25714,771484,27,27,3,8,
56702,24754,771484,15,15,3,9,
56703,16786,771484,3,4,4,9,
56704,13373,771484,19,19,3,8,
56705,21304,771484,33,33,3,8,
56706,18049,771484,19,19,3,9,
56707,20613,771484,3,4,4,8,
56708,16705,771484,3,4,4,9,
56709,12609,771484,15,15,3,9,
56710,12938,771484,17,17,3,8,
56711,8495,771484,13,13,3,7,
56712,11161,771484,3,4,4,7,
56713,21652,771484,31,31,3,8,
56714,11431,771484,13,13,3,7,
56715,25390,771484,33,33,3,8,
56716,1958,771484,3,4,4,8,
56717,15582,771484,23,23,3,9,
56718,12913,771484,13,13,3,8,
56719,19278,771484,21,21,3,7,
56720,3758,771484,3,4,4,7,
56721,9744,771485,13,13,3,7,
56722,17571,771485,27,27,3,7,
56723,10051,771485,15,15,3,8,
56724,3882,771485,3,4,4,8,
56725,20608,771485,19,19,3,8,
56726,10276,771485,21,21,3,9,
56727,10175,771485,19,19,3,8,
56728,41849,771485,29,29,3,8,
56729,46479,771485,27,27,3,9,
56730,10013,771485,3,4,4,8,
56731,3768,771485,3,4,4,9,
56732,10961,771485,3,4,4,8,
56733,26564,771485,17,17,3,8,
56734,1935,771485,3,4,4,9,
56735,2225,771485,3,4,4,8,
56736,41991,771485,3,4,4,9,
56737,1869,771485,3,4,4,9,
56738,2133,771485,3,4,4,8,
56739,38387,771485,19,19,3,8,
56740,43466,771485,33,33,3,9,
56741,33414,771485,19,19,3,8,
56742,33550,771485,13,13,3,8,
56743,13366,771485,3,4,4,8,
56744,49463,771485,23,23,3,9,
56745,23938,771485,3,4,4,7,
56746,6172,771485,3,4,4,8,
56747,5955,771485,3,4,4,8,
56748,5661,771485,3,4,4,7,
56749,20062,771485,31,31,3,8,
56750,15321,771485,19,19,3,9,
56751,21222,771485,29,29,3,8,
56752,2297,771485,3,4,4,8,
56753,2364,771485,3,4,4,9,
56754,9901,771485,23,23,3,7,
56755,2900,771485,3,4,4,8,
56756,6049,771485,13,13,3,9,
56757,15727,771485,31,31,3,8,
56758,12203,771485,3,4,4,9,
56759,15992,771485,3,4,4,8,
56760,13837,771485,23,23,3,8,
56761,9490,771485,3,4,4,8,
56762,12921,771485,3,4,4,9,
56763,14973,771485,23,23,3,8,
56764,13625,771485,25,25,3,8,
56765,15134,771485,3,4,4,8,
56766,15558,771485,29,29,3,8,
56767,2314,771485,3,4,4,8,
56768,8197,771485,15,15,3,8,
56769,9802,771485,3,4,4,8,
56770,20946,771485,23,23,3,8,
56771,21497,771485,3,4,4,8,
56772,23629,771485,27,27,3,9,
56773,20488,771485,27,27,3,9,
56774,2948,771485,3,4,4,7,
56775,13157,771485,13,13,3,8,
56776,2885,771485,3,4,4,8,
56777,21573,771485,23,23,3,8,
56778,20033,771485,19,19,3,8,
56779,14801,771485,17,17,3,8,
56780,19841,771485,3,4,4,8,
56781,23042,771485,21,21,3,8,
56782,5335,771485,3,4,4,8,
56783,11267,771485,17,17,3,9,
56784,20226,771485,25,25,3,9,
56785,1945,771485,3,4,4,9,
56786,2580,771485,3,4,4,9,
56787,21758,771485,27,27,3,9,
56788,7799,771485,13,13,3,8,
56789,8688,771485,3,4,4,8,
56790,7676,771485,17,17,3,8,
56791,5557,771485,3,4,4,8,
56792,1901,771485,3,4,4,8,
56793,22464,771485,31,31,3,9,
56794,10741,771485,3,4,4,8,
56795,22843,771485,31,31,3,9,
56796,1994,771485,3,4,4,7,
56797,2356,771485,3,4,4,8,
56798,12939,771485,3,4,4,8,
56799,4953,771485,3,4,4,9,
56800,3822,771485,3,4,4,8,
56801,9728,771485,15,15,3,8,
56802,16679,771485,23,23,3,9,
56803,7282,771485,3,4,4,8,
56804,17166,771485,3,4,4,9,
56805,20701,771485,33,33,3,8,
56806,22178,771485,3,4,4,9,
56807,2353,771485,3,4,4,8,
56808,13150,771485,25,25,3,9,
56809,18743,771485,33,33,3,8,
56810,10276,771485,21,21,3,9,
56811,18520,771485,3,4,4,9,
56812,7163,771485,15,15,3,9,
56813,7642,771485,3,4,4,9,
56814,7673,771485,17,17,3,9,
56815,7713,771485,3,4,4,9,
56816,19435,771485,27,27,3,8,
56817,40549,771485,17,17,3,8,
56818,37612,771485,31,31,3,7,
56819,15293,771485,15,15,3,9,
56820,9025,771485,13,13,3,9,
56821,31946,771485,27,27,3,9,
56822,15313,771485,21,21,3,9,
56823,31705,771485,3,4,4,8,
56824,2562,771485,3,4,4,9,
56825,2333,771485,3,4,4,9,
56826,45983,771485,31,31,3,8,
56827,17793,771485,21,21,3,8,
56828,28298,771485,3,4,4,9,
56829,34800,771485,19,19,3,8,
56830,21020,771485,17,17,3,8,
56831,32389,771485,23,23,3,9,
56832,25907,771485,27,27,3,9,
56833,1593,771485,3,4,4,8,
56834,40532,771485,31,31,3,9,
56835,16498,771485,29,29,3,7,
56836,38569,771485,33,33,3,7,
56837,1601,771485,3,4,4,8,
56838,5083,771485,3,4,4,9,
56839,38968,771485,3,4,4,9,
56840,4039,771485,3,4,4,8,
56841,14952,771485,17,17,3,8,
56842,37314,771485,33,33,3,8,
56843,1239,771485,3,4,4,8,
56844,3121,771485,3,4,4,9,
56845,2523,771485,3,4,4,8,
56846,18801,771485,27,27,3,8,
56847,12583,771485,15,15,3,9,
56848,1903,771485,3,4,4,9,
56849,11802,771485,15,15,3,8,
56850,15417,771485,23,23,3,8,
56851,26083,771485,27,27,3,9,
56852,22574,771485,29,29,3,8,
56853,13648,771485,25,25,3,8,
56854,6065,771485,3,4,4,9,
56855,12246,771485,3,4,4,8,
56856,11850,771485,17,17,3,8,
56857,11490,771485,3,4,4,9,
56858,19443,771485,21,21,3,8,
56859,2879,771485,3,4,4,9,
56860,15912,771485,19,19,3,8,
56861,17330,771485,3,4,4,8,
56862,14307,771485,3,4,4,7,
56863,20698,771485,25,25,3,8,
56864,26586,771485,33,33,3,8,
56865,1900,771485,3,4,4,8,
56866,3206,771485,3,4,4,8,
56867,3364,771485,3,4,4,8,
56868,2434,771485,3,4,4,8,
56869,4043,771485,3,4,4,9,
56870,16148,771485,13,13,3,9,
56871,16267,771485,23,23,3,8,
56872,16902,771485,3,4,4,8,
56873,16596,771485,3,4,4,8,
56874,22620,771485,29,29,3,7,
56875,16603,771485,17,17,3,8,
56876,20352,771485,15,15,3,9,
56877,8537,771485,13,13,3,8,
56878,18410,771485,13,13,3,8,
56879,2440,771485,3,4,4,8,
56880,16788,771485,21,21,3,7,
56881,1842,771485,3,4,4,8,
56882,10645,771485,17,17,3,9,
56883,31172,771485,33,33,3,8,
56884,12953,771485,13,13,3,8,
56885,20542,771485,3,4,4,8,
56886,24049,771485,17,17,3,9,
56887,6501,771485,3,4,4,8,
56888,2480,771485,3,4,4,9,
56889,29276,771485,27,27,3,7,
56890,2284,771485,3,4,4,9,
56891,33587,771485,3,4,4,8,
56892,2494,771485,3,4,4,9,
56893,18255,771485,23,23,3,8,
56894,25425,771485,29,29,3,8,
56895,14594,771485,13,13,3,9,
56896,25386,771485,3,4,4,7,
56897,18303,771485,19,19,3,9,
56898,8347,771485,3,4,4,8,
56899,12752,771485,21,21,3,8,
56900,24102,771485,33,33,3,8,
56901,27295,771485,3,4,4,8,
56902,9471,771485,3,4,4,7,
56903,31676,771485,31,31,3,9,
56904,34307,771485,19,19,3,9,
56905,18893,771485,17,17,3,7,
56906,6547,771485,3,4,4,7,
56907,1952,771485,3,4,4,8,
56908,26134,771485,27,27,3,8,
56909,20201,771485,3,4,4,9,
56910,26673,771485,3,4,4,8,
56911,3589,771485,3,4,4,9,
56912,27022,771485,21,21,3,9,
56913,28892,771485,25,25,3,8,
56914,3075,771485,3,4,4,8,
56915,24546,771485,25,25,3,8,
56916,4616,771485,3,4,4,8,
56917,23131,771485,3,4,4,8,
56918,3294,771485,3,4,4,9,
56919,9732,771485,3,4,4,9,
56920,13388,771485,17,17,3,8,
56921,13294,771485,3,4,4,8,
56922,2845,771485,3,4,4,9,
56923,4574,771485,3,4,4,8,
56924,23716,771485,23,23,3,9,
56925,41391,771485,25,25,3,8,
56926,3844,771485,3,4,4,9,
56927,37676,771485,29,29,3,8,
56928,2869,771485,3,4,4,8,
56929,40496,771485,31,31,3,8,
56930,3212,771485,3,4,4,8,
56931,34077,771485,3,4,4,7,
56932,40447,771485,3,4,4,8,
56933,35045,771485,25,25,3,9,
56934,34056,771485,33,33,3,8,
56935,13477,771485,13,13,3,8,
56936,17465,771485,19,19,3,9,
56937,27833,771485,33,33,3,9,
56938,7448,771485,19,19,3,9,
56939,4286,771485,3,4,4,9,
56940,1563,771485,3,4,4,8,
56941,10369,771485,19,19,3,8,
56942,12704,771485,3,4,4,8,
56943,12213,771485,17,17,3,7,
56944,9828,771485,3,4,4,8,
56945,22571,771485,25,25,3,9,
56946,22679,771485,17,17,3,8,
56947,23707,771485,3,4,4,9,
56948,19729,771485,17,17,3,7,
56949,4913,771485,3,4,4,8,
56950,29088,771485,30,31,3,9,
56951,2293,771485,3,4,4,8,
56952,3520,771485,3,4,4,8,
56953,41790,771485,25,25,3,9,
56954,24717,771485,17,17,3,7,
56955,15898,771485,17,17,3,8,
56956,30380,771485,23,23,3,8,
56957,33730,771485,33,33,3,9,
56958,5396,771485,3,4,4,8,
56959,2097,771485,3,4,4,8,
56960,22776,771485,33,33,3,8,
56961,4256,771485,3,4,4,9,
56962,18966,771485,29,29,3,7,
56963,15819,771485,21,21,3,8,
56964,9822,771485,15,15,3,9,
56965,13339,771485,3,4,4,8,
56966,39991,771485,23,23,3,8,
56967,16147,771485,3,4,4,8,
56968,8150,771485,3,4,4,8,
56969,3826,771485,3,4,4,8,
56970,2489,771485,3,4,4,8,
56971,2138,771485,3,4,4,7,
56972,15306,771485,15,15,3,8,
56973,19795,771485,17,17,3,8,
56974,33257,771485,15,15,3,8,
56975,3057,771485,3,4,4,8,
56976,21201,771485,25,25,3,7,
56977,77050,771485,27,27,3,8,
56978,18018,771485,19,19,3,9,
56979,17795,771485,19,19,3,8,
56980,76406,771485,29,29,3,7,
56981,77227,771485,33,33,3,7,
56982,64404,771485,3,4,4,8,
56983,3512,771485,3,4,4,9,
56984,2746,771485,3,4,4,8,
56985,65686,771485,15,15,3,8,
56986,2138,771485,3,4,4,9,
56987,56516,771485,15,15,3,7,
56988,74121,771485,33,33,3,9,
56989,66073,771485,23,23,3,9,
56990,53373,771485,3,4,4,8,
56991,41463,771485,27,27,3,9,
56992,9919,771485,3,4,4,7,
56993,1193,771485,3,4,4,7,
56994,15363,771485,3,4,4,7,
56995,11523,771485,17,17,3,8,
56996,18582,771485,23,23,3,8,
56997,24131,771485,31,31,3,8,
56998,18730,771485,29,29,3,9,
56999,11335,771485,3,4,4,8,
57000,1442,771485,3,4,4,9,
57001,23458,771485,27,27,3,9,
57002,7591,771485,13,13,3,9,
57003,9391,771485,3,4,4,9,
57004,20102,771485,25,25,3,8,
57005,1931,771485,3,4,4,8,
57006,9669,771485,21,21,3,8,
57007,10887,771485,17,17,3,8,
57008,11120,771485,3,4,4,8,
57009,21502,771485,27,27,3,9,
57010,14839,771485,17,17,3,9,
57011,7006,771485,3,4,4,9,
57012,9618,771485,15,15,3,9,
57013,22915,771485,33,33,3,8,
57014,31793,771485,33,33,3,8,
57015,1819,771485,3,4,4,8,
57016,31684,771485,3,4,4,8,
57017,11432,771485,17,17,3,8,
57018,11699,771485,3,4,4,8,
57019,3659,771485,3,4,4,9,
57020,17824,771485,31,31,3,8,
57021,15510,771485,3,4,4,8,
57022,1616,771485,3,4,4,9,
57023,2406,771485,3,4,4,9,
57024,1977,771485,3,4,4,9,
57025,2364,771485,3,4,4,8,
57026,9695,771485,13,13,3,8,
57027,11363,771485,3,4,4,8,
57028,1248,771485,3,4,4,8,
57029,24739,771485,29,29,3,8,
57030,2060,771485,3,4,4,8,
57031,29731,771485,33,33,3,9,
57032,29473,771485,3,4,4,9,
57033,20825,771485,21,21,3,8,
57034,19643,771485,3,4,4,9,
57035,16886,771485,23,23,3,8,
57036,11526,771485,19,19,3,9,
57037,23662,771485,33,33,3,8,
57038,19002,771485,17,17,3,9,
57039,25597,771485,29,29,3,9,
57040,27145,771485,33,33,3,8,
57041,3734,771485,3,4,4,8,
57042,24553,771485,29,29,3,8,
57043,24759,771485,21,21,3,8,
57044,31169,771485,17,17,3,8,
57045,31191,771485,19,19,3,8,
57046,2047,771485,3,4,4,9,
57047,1701,771485,3,4,4,8,
57048,13025,771485,17,17,3,7,
57049,10468,771485,19,19,3,8,
57050,21801,771485,25,25,3,9,
57051,10040,771485,15,15,3,9,
57052,22245,771485,27,27,3,9,
57053,11715,771485,17,17,3,8,
57054,22208,771485,19,19,3,9,
57055,15863,771485,15,15,3,7,
57056,16710,771485,21,21,3,9,
57057,10482,771485,3,4,4,8,
57058,10494,771485,3,4,4,9,
57059,23189,771485,29,29,3,8,
57060,12229,771485,13,13,3,9,
57061,11494,771485,19,19,3,8,
57062,2023,771485,3,4,4,8,
57063,28701,771485,25,25,3,9,
57064,11389,771485,3,4,4,7,
57065,22423,771485,25,25,3,8,
57066,27882,771485,3,4,4,9,
57067,10639,771485,13,13,3,8,
57068,19120,771485,15,15,3,9,
57069,13217,771485,13,13,3,9,
57070,7847,771485,3,4,4,9,
57071,5865,771485,3,4,4,8,
57072,17596,771485,23,23,3,8,
57073,21803,771485,23,23,3,9,
57074,14841,771485,3,4,4,8,
57075,6573,771485,13,13,3,7,
57076,6807,771485,3,4,4,7,
57077,4975,771485,3,4,4,7,
57078,11981,771485,13,13,3,7,
57079,13988,771485,17,17,3,7,
57080,2130,771485,3,4,4,7,
57081,17938,771485,3,4,4,8,
57082,4518,771485,3,4,4,9,
57083,28309,771485,23,23,3,8,
57084,4814,771485,3,4,4,8,
57085,10579,771485,13,13,3,9,
57086,43898,771485,29,29,3,8,
57087,22153,771485,15,15,3,8,
57088,40914,771485,27,27,3,8,
57089,42549,771485,3,4,4,8,
57090,35846,771485,23,23,3,9,
57091,35374,771485,3,4,4,8,
57092,11083,771485,3,4,4,9,
57093,26901,771485,3,4,4,9,
57094,28581,771485,19,19,3,8,
57095,32337,771485,33,33,3,9,
57096,20998,771485,3,4,4,8,
57097,13413,771485,3,4,4,9,
57098,23665,771485,33,33,3,9,
57099,22716,771485,3,4,4,9,
57100,2711,771485,3,4,4,8,
57101,18230,771485,25,25,3,8,
57102,2832,771485,3,4,4,7,
57103,15139,771485,17,17,3,8,
57104,16288,771485,33,33,3,9,
57105,18964,771485,25,25,3,6,
57106,14151,771485,3,4,4,7,
57107,20622,771485,3,4,4,8,
57108,20029,771485,33,33,3,9,
57109,7661,771485,3,4,4,8,
57110,2120,771485,3,4,4,9,
57111,18382,771485,31,31,3,8,
57112,2712,771485,3,4,4,8,
57113,14306,771485,21,21,3,9,
57114,2758,771485,3,4,4,8,
57115,11788,771485,15,15,3,8,
57116,8102,771485,13,13,3,9,
57117,25346,771485,31,31,3,8,
57118,11736,771485,19,19,3,8,
57119,12179,771485,3,4,4,8,
57120,2907,771485,3,4,4,9,
57121,7851,771485,13,13,3,8,
57122,19290,771485,29,29,3,8,
57123,20323,771485,3,4,4,8,
57124,14455,771485,25,25,3,9,
57125,15822,771485,3,4,4,7,
57126,7654,771485,3,4,4,9,
57127,13917,771485,3,4,4,8,
57128,1386,771485,3,4,4,9,
57129,4447,771485,3,4,4,8,
57130,5123,771485,3,4,4,8,
57131,11400,771485,22,23,3,9,
57132,1338,771485,3,4,4,8,
57133,13890,771485,27,27,3,8,
57134,2565,771485,3,4,4,9,
57135,4949,771485,3,4,4,8,
57136,4314,771485,3,4,4,7,
57137,4531,771485,3,4,4,8,
57138,2622,771485,3,4,4,8,
57139,3087,771485,3,4,4,7,
57140,3398,771485,3,4,4,8,
57141,8739,771485,19,19,3,7,
57142,2801,771485,3,4,4,8,
57143,7370,771485,13,13,3,8,
57144,10270,771485,3,4,4,8,
57145,2007,771485,3,4,4,7,
57146,3548,771485,3,4,4,8,
57147,8930,771485,3,4,4,8,
57148,5224,771485,3,4,4,8,
57149,10875,771485,15,15,3,9,
57150,16795,771485,21,21,3,8,
57151,15245,771485,15,15,3,9,
57152,16183,771485,3,4,4,9,
57153,2174,771485,3,4,4,8,
57154,24325,771485,27,27,3,8,
57155,22792,771485,29,29,3,8,
57156,2252,771485,3,4,4,8,
57157,18123,771485,27,27,3,8,
57158,1748,771485,3,4,4,8,
57159,7063,771485,13,13,3,9,
57160,2487,771485,3,4,4,8,
57161,25288,771485,27,27,3,9,
57162,6055,771485,3,4,4,8,
57163,22935,771485,31,31,3,8,
57164,15619,771485,3,4,4,8,
57165,1787,771485,3,4,4,8,
57166,13294,771485,21,21,3,7,
57167,21758,771485,21,21,3,9,
57168,13249,771485,3,4,4,8,
57169,11425,771485,21,21,3,9,
57170,20182,771485,27,27,3,9,
57171,19864,771485,3,4,4,8,
57172,6041,771485,15,15,3,8,
57173,27340,771485,27,27,3,7,
57174,5862,771485,3,4,4,8,
57175,31703,771485,33,33,3,8,
57176,19273,771485,25,25,3,9,
57177,749,771485,3,4,4,8,
57178,2139,771485,3,4,4,8,
57179,2063,771485,3,4,4,8,
57180,2230,771485,3,4,4,8,
57181,3228,771485,3,4,4,8,
57182,2724,771485,3,4,4,9,
57183,20315,771485,23,23,3,8,
57184,4667,771485,3,4,4,9,
57185,20351,771485,33,33,3,9,
57186,19812,771485,3,4,4,7,
57187,3888,771485,3,4,4,9,
57188,11290,771485,23,23,3,9,
57189,12227,771485,21,21,3,8,
57190,15499,771485,19,19,3,7,
57191,14333,771485,3,4,4,7,
57192,20128,771485,31,31,3,8,
57193,4216,771485,3,4,4,8,
57194,3754,771485,3,4,4,8,
57195,14877,771485,21,21,3,9,
57196,2889,771485,3,4,4,8,
57197,14820,771485,3,4,4,7,
57198,2715,771485,3,4,4,8,
57199,22715,771485,25,25,3,8,
57200,2622,771485,3,4,4,8,
57201,21867,771485,25,25,3,6,
57202,3311,771485,3,4,4,8,
57203,6372,771485,15,15,3,8,
57204,7423,771485,13,13,3,9,
57205,3159,771485,3,4,4,8,
57206,6930,771485,3,4,4,9,
57207,2522,771485,3,4,4,9,
57208,15930,771485,23,23,3,8,
57209,24818,771485,33,33,3,8,
57210,19078,771485,27,27,3,8,
57211,2031,771485,3,4,4,8,
57212,3265,771485,3,4,4,8,
57213,18554,771485,25,25,3,8,
57214,4050,771485,3,4,4,8,
57215,19934,771485,33,33,3,9,
57216,14078,771485,17,17,3,8,
57217,1575,771485,3,4,4,9,
57218,1815,771485,3,4,4,9,
57219,17721,771485,19,19,3,8,
57220,20024,771485,3,4,4,9,
57221,857,771485,3,4,4,8,
57222,1910,771485,3,4,4,8,
57223,68192,771485,19,19,3,8,
57224,2825,771485,3,4,4,9,
57225,19883,771485,33,33,3,8,
57226,66148,771485,25,25,3,6,
57227,15031,771485,25,25,3,8,
57228,3482,771485,3,4,4,7,
57229,60003,771485,3,4,4,9,
57230,2257,771485,3,4,4,7,
57231,56534,771485,17,17,3,8,
57232,11037,771485,13,13,3,8,
57233,4793,771485,3,4,4,8,
57234,55144,771485,17,17,3,7,
57235,67587,771485,29,29,3,8,
57236,59770,771485,21,21,3,8,
57237,68178,771485,29,29,3,8,
57238,60854,771485,25,25,3,8,
57239,53719,771485,3,4,4,9,
57240,10538,771485,17,17,3,7,
57241,12262,771485,13,13,3,6,
57242,10096,771485,3,4,4,7,
57243,15783,771485,3,4,4,7,
57244,14445,771485,19,19,3,7,
57245,11945,771485,3,4,4,8,
57246,6528,771485,3,4,4,8,
57247,2540,771485,3,4,4,8,
57248,8980,771485,3,4,4,8,
57249,12876,771485,25,25,3,8,
57250,5335,771485,3,4,4,8,
57251,2939,771485,3,4,4,8,
57252,13458,771485,27,27,3,8,
57253,11750,771485,3,4,4,8,
57254,3867,771485,3,4,4,8,
57255,24447,771485,21,21,3,7,
57256,924,771485,3,4,4,8,
57257,8495,771485,15,15,3,8,
57258,2007,771485,3,4,4,8,
57259,2726,771485,3,4,4,9,
57260,15607,771485,21,21,3,8,
57261,8255,771485,17,17,3,7,
57262,7190,771485,3,4,4,7,
57263,8753,771485,3,4,4,9,
57264,16697,771485,25,25,3,8,
57265,23151,771485,25,25,3,8,
57266,22941,771485,23,23,3,8,
57267,22672,771485,27,27,3,7,
57268,14184,771485,3,4,4,8,
57269,22177,771485,3,4,4,8,
57270,1732,771485,3,4,4,9,
57271,2462,771485,3,4,4,9,
57272,2193,771485,3,4,4,9,
57273,2516,771485,3,4,4,8,
57274,2210,771485,3,4,4,8,
57275,4679,771485,3,4,4,8,
57276,31337,771485,27,28,3,9,
57277,50418,771485,33,33,3,8,
57278,32570,771485,29,29,3,8,
57279,33095,771485,3,4,4,8,
57280,16201,771485,13,13,3,9,
57281,11748,771485,13,13,3,8,
57282,2314,771485,3,4,4,8,
57283,1291,771485,3,4,4,8,
57284,2438,771485,3,4,4,9,
57285,2430,771485,3,4,4,8,
57286,24703,771485,27,27,3,9,
57287,25812,771485,23,23,3,8,
57288,34124,771485,33,33,3,8,
57289,23947,771485,23,23,3,8,
57290,4404,771485,3,4,4,9,
57291,10666,771485,13,13,3,9,
57292,7995,771485,3,4,4,9,
57293,36634,771485,29,29,3,9,
57294,3264,771485,3,4,4,9,
57295,2946,771485,3,4,4,8,
57296,13959,771485,17,17,3,9,
57297,15327,771485,13,13,3,8,
57298,15003,771485,3,4,4,7,
57299,30830,771485,29,29,3,9,
57300,11988,771485,3,4,4,8,
57301,32811,771485,31,31,3,8,
57302,20643,771485,17,17,3,9,
57303,21680,771485,3,4,4,8,
57304,17359,771485,3,4,4,7,
57305,5527,771485,3,4,4,8,
57306,19593,771485,23,23,3,8,
57307,21739,771485,21,21,3,8,
57308,27322,771485,33,33,3,9,
57309,16980,771485,3,4,4,8,
57310,11798,771486,3,4,4,9,
57311,16301,771486,25,25,3,9,
57312,22339,771486,27,27,3,7,
57313,15558,771486,3,4,4,8,
57314,22304,771486,3,4,4,8,
57315,14869,771486,25,25,3,9,
57316,17590,771486,25,25,3,8,
57317,2833,771486,3,4,4,8,
57318,16118,771486,3,4,4,8,
57319,10758,771486,17,17,3,8,
57320,10982,771486,3,4,4,8,
57321,7363,771486,3,4,4,8,
57322,14071,771486,23,23,3,8,
57323,13812,771486,3,4,4,9,
57324,12396,771486,29,29,3,8,
57325,1766,771486,3,4,4,7,
57326,36866,771486,29,29,3,8,
57327,2350,771486,3,4,4,8,
57328,18926,771486,27,27,3,8,
57329,1734,771486,3,4,4,8,
57330,1875,771486,3,4,4,8,
57331,19227,771486,3,4,4,8,
57332,3636,771486,3,4,4,8,
57333,1765,771486,3,4,4,9,
57334,18064,771486,21,21,3,8,
57335,3152,771486,3,4,4,8,
57336,2765,771486,3,4,4,9,
57337,17162,771486,3,4,4,8,
57338,2009,771486,3,4,4,8,
57339,12731,771486,23,23,3,8,
57340,2838,771486,3,4,4,8,
57341,11013,771486,25,25,3,8,
57342,14864,771486,17,17,3,8,
57343,12895,771486,15,15,3,7,
57344,6819,771486,13,13,3,9,
57345,20728,771486,29,29,3,8,
57346,13209,771486,17,17,3,8,
57347,2407,771486,3,4,4,8,
57348,3360,771486,3,4,4,8,
57349,22336,771486,25,25,3,9,
57350,21354,771486,25,26,3,8,
57351,19168,771486,29,29,3,8,
57352,10080,771486,25,25,3,8,
57353,19625,771486,3,4,4,7,
57354,16479,771486,21,21,3,8,
57355,9731,771486,15,15,3,9,
57356,11423,771486,3,4,4,9,
57357,10825,771486,3,4,4,8,
57358,16379,771486,27,27,3,8,
57359,7568,771486,13,13,3,8,
57360,13326,771486,3,4,4,9,
57361,21600,771486,25,25,3,8,
57362,14164,771486,21,21,3,9,
57363,3279,771486,3,4,4,8,
57364,2320,771486,3,4,4,7,
57365,9763,771486,13,13,3,8,
57366,13729,771486,3,4,4,9,
57367,3982,771486,3,4,4,9,
57368,16192,771486,27,27,3,8,
57369,19076,771486,33,33,3,9,
57370,3528,771486,3,4,4,9,
57371,2617,771486,3,4,4,8,
57372,9616,771486,17,17,3,8,
57373,2406,771486,3,4,4,8,
57374,10346,771486,3,4,4,9,
57375,12679,771486,23,23,3,8,
57376,11610,771486,19,19,3,7,
57377,12553,771486,3,4,4,9,
57378,1810,771486,3,4,4,9,
57379,8154,771486,21,21,3,8,
57380,8294,771486,3,4,4,8,
57381,23023,771486,33,33,3,8,
57382,4888,771486,3,4,4,8,
57383,23103,771486,3,4,4,8,
57384,17422,771486,25,25,3,8,
57385,11850,771486,17,17,3,8,
57386,8639,771486,17,17,3,8,
57387,2430,771486,3,4,4,8,
57388,2092,771486,3,4,4,8,
57389,24468,771486,33,33,3,8,
57390,1862,771486,3,4,4,8,
57391,10637,771486,19,19,3,9,
57392,7773,771486,19,19,3,8,
57393,11657,771486,3,4,4,8,
57394,8813,771486,3,4,4,8,
57395,5815,771486,3,4,4,8,
57396,18817,771486,21,21,3,8,
57397,13986,771486,19,19,3,9,
57398,2111,771486,3,4,4,7,
57399,20663,771486,21,21,3,8,
57400,3183,771486,3,4,4,8,
57401,917,771486,3,4,4,8,
57402,20936,771486,27,27,3,8,
57403,1397,771486,3,4,4,7,
57404,2385,771486,3,4,4,8,
57405,17254,771486,29,29,3,7,
57406,2708,771486,3,4,4,8,
57407,20326,771486,31,31,3,9,
57408,26915,771486,33,33,3,7,
57409,2372,771486,3,4,4,9,
57410,17630,771486,25,25,3,9,
57411,18913,771486,31,31,3,8,
57412,1123,771486,3,4,4,8,
57413,1623,771486,3,4,4,9,
57414,14552,771486,19,19,3,9,
57415,15067,771486,3,4,4,9,
57416,6012,771486,3,4,4,9,
57417,9642,771486,17,17,3,7,
57418,12158,771486,3,4,4,9,
57419,14412,771486,17,17,3,9,
57420,8809,771486,19,19,3,8,
57421,16241,771486,33,33,3,8,
57422,3492,771486,3,4,4,8,
57423,2591,771486,3,4,4,8,
57424,2388,771486,3,4,4,8,
57425,2791,771486,3,4,4,7,
57426,12111,771486,19,19,3,8,
57427,8337,771486,17,17,3,8,
57428,12269,771486,3,4,4,8,
57429,6479,771486,3,4,4,9,
57430,19820,771486,33,33,3,7,
57431,8328,771486,3,4,4,8,
57432,18481,771486,19,19,3,9,
57433,19384,771486,3,4,4,9,
57434,14053,771486,23,23,3,8,
57435,19593,771486,23,23,3,9,
57436,2353,771486,3,4,4,9,
57437,2092,771486,3,4,4,8,
57438,15556,771486,33,33,3,8,
57439,2110,771486,3,4,4,8,
57440,1716,771486,3,4,4,8,
57441,20063,771486,29,29,3,8,
57442,21091,771486,33,33,3,8,
57443,17017,771486,25,25,3,8,
57444,29547,771486,19,19,3,8,
57445,3355,771486,3,4,4,8,
57446,12748,771486,21,21,3,8,
57447,13739,771486,23,23,3,9,
57448,18111,771486,23,23,3,8,
57449,36044,771486,33,33,3,8,
57450,9837,771486,3,4,4,9,
57451,8929,771486,3,4,4,8,
57452,22220,771486,25,25,3,9,
57453,20710,771486,27,27,3,8,
57454,3914,771486,3,4,4,9,
57455,19581,771486,3,4,4,8,
57456,10760,771486,13,13,3,8,
57457,6778,771486,19,19,3,8,
57458,2735,771486,3,4,4,9,
57459,4114,771486,3,4,4,9,
57460,2990,771486,3,4,4,8,
57461,20055,771486,3,4,4,8,
57462,2713,771486,3,4,4,8,
57463,16180,771486,25,25,3,9,
57464,22773,771486,31,31,3,8,
57465,2275,771486,3,4,4,8,
57466,22777,771486,3,4,4,8,
57467,1186,771486,3,4,4,8,
57468,1741,771486,3,4,4,9,
57469,1275,771486,3,4,4,9,
57470,10546,771486,15,15,3,8,
57471,11443,771486,3,4,4,9,
57472,13891,771486,19,19,3,8,
57473,6402,771486,3,4,4,8,
57474,13528,771486,3,4,4,9,
57475,1119,771486,3,4,4,8,
57476,9087,771486,19,19,3,8,
57477,10717,771486,3,4,4,8,
57478,22993,771486,33,33,3,7,
57479,1798,771486,3,4,4,8,
57480,8406,771486,13,13,3,8,
57481,21608,771486,3,4,4,8,
57482,20393,771486,29,29,3,8,
57483,10233,771486,13,13,3,8,
57484,13817,771486,21,21,3,8,
57485,13212,771486,13,13,3,7,
57486,11786,771486,3,4,4,9,
57487,8149,771486,15,15,3,8,
57488,13771,771486,3,4,4,8,
57489,8116,771486,3,4,4,9,
57490,4155,771486,3,4,4,8,
57491,2548,771486,3,4,4,8,
57492,3250,771486,3,4,4,7,
57493,15219,771486,21,21,3,8,
57494,29966,771486,33,33,3,8,
57495,24961,771486,33,33,3,8,
57496,18113,771486,27,27,3,9,
57497,14460,771486,3,4,4,7,
57498,2718,771486,3,4,4,8,
57499,3009,771486,3,4,4,8,
57500,20306,771486,23,23,3,9,
57501,4029,771486,3,4,4,8,
57502,25065,771486,25,25,3,9,
57503,9247,771486,17,17,3,8,
57504,2411,771486,3,4,4,9,
57505,22137,771486,29,29,3,8,
57506,23093,771486,3,4,4,9,
57507,28418,771486,31,31,3,8,
57508,10911,771486,15,15,3,9,
57509,28082,771486,3,4,4,8,
57510,5068,771486,3,4,4,9,
57511,18574,771486,21,21,3,9,
57512,6119,771486,3,4,4,8,
57513,18140,771486,29,29,3,9,
57514,3893,771486,3,4,4,8,
57515,2871,771486,3,4,4,8,
57516,29966,771486,29,29,3,8,
57517,13205,771486,21,21,3,8,
57518,2064,771486,3,4,4,7,
57519,30742,771486,3,4,4,9,
57520,3065,771486,3,4,4,8,
57521,11761,771486,3,4,4,8,
57522,27341,771486,29,29,3,8,
57523,8518,771486,13,13,3,8,
57524,2237,771486,3,4,4,8,
57525,38153,771486,25,25,3,8,
57526,2806,771486,3,4,4,8,
57527,2470,771486,3,4,4,7,
57528,49513,771486,33,33,3,8,
57529,3875,771486,3,4,4,8,
57530,15167,771486,21,21,3,8,
57531,42904,771486,25,25,3,8,
57532,1407,771486,3,4,4,8,
57533,13718,771486,3,4,4,8,
57534,2212,771486,3,4,4,9,
57535,2142,771486,3,4,4,9,
57536,42281,771486,23,23,3,8,
57537,37416,771486,23,23,3,7,
57538,2239,771486,3,4,4,7,
57539,36613,771486,33,33,3,8,
57540,40678,771486,23,23,3,9,
57541,23421,771486,3,4,4,8,
57542,40710,771486,3,4,4,8,
57543,41435,771486,13,13,3,9,
57544,8380,771486,3,4,4,7,
57545,6707,771486,3,4,4,7,
57546,6312,771486,3,4,4,8,
57547,13283,771486,3,4,4,8,
57548,4374,771486,3,4,4,8,
57549,30583,771486,29,29,3,9,
57550,16961,771486,19,20,3,8,
57551,24763,771486,23,23,3,8,
57552,2209,771486,3,4,4,8,
57553,15401,771486,17,17,3,8,
57554,29515,771486,25,25,3,8,
57555,27690,771486,31,31,3,8,
57556,11567,771486,13,13,3,9,
57557,11494,771486,3,4,4,8,
57558,1252,771486,3,4,4,8,
57559,16241,771486,21,21,3,9,
57560,14779,771486,17,17,3,8,
57561,14569,771486,13,13,3,8,
57562,2092,771486,3,4,4,8,
57563,16484,771486,27,27,3,8,
57564,18312,771486,29,29,3,9,
57565,9773,771486,13,13,3,9,
57566,1397,771486,3,4,4,8,
57567,18901,771486,33,33,3,7,
57568,15678,771486,23,23,3,9,
57569,17767,771486,3,4,4,8,
57570,13866,771486,3,4,4,9,
57571,15160,771486,27,27,3,8,
57572,1687,771486,3,4,4,8,
57573,9486,771486,13,13,3,8,
57574,12599,771486,17,17,3,8,
57575,9988,771486,21,21,3,8,
57576,15023,771486,15,15,3,8,
57577,11748,771486,21,21,3,8,
57578,4488,771486,3,4,4,8,
57579,9522,771486,3,4,4,8,
57580,3253,771486,3,4,4,8,
57581,1949,771486,3,4,4,6,
57582,1737,771486,3,4,4,7,
57583,2261,771486,3,4,4,8,
57584,2353,771486,3,4,4,8,
57585,2930,771486,3,4,4,7,
57586,6109,771486,13,13,3,7,
57587,3343,771486,3,4,4,7,
57588,3461,771486,3,4,4,7,
57589,16029,771486,29,29,3,8,
57590,13018,771486,27,27,3,8,
57591,22760,771486,33,33,3,8,
57592,3411,771486,3,4,4,8,
57593,8869,771486,13,13,3,7,
57594,2521,771486,3,4,4,8,
57595,11452,771486,3,4,4,8,
57596,21183,771486,3,4,4,8,
57597,9835,771486,17,17,3,8,
57598,7943,771486,3,4,4,8,
57599,12605,771486,3,4,4,8,
57600,9188,771486,19,19,3,8,
57601,16435,771486,19,19,3,9,
57602,32862,771486,31,31,3,8,
57603,2238,771486,3,4,4,8,
57604,2220,771486,3,4,4,7,
57605,21106,771486,25,25,3,8,
57606,27724,771486,27,27,3,7,
57607,19795,771486,15,15,3,8,
57608,18220,771486,17,17,3,7,
57609,7865,771486,13,13,3,8,
57610,19748,771486,25,25,3,8,
57611,14667,771486,17,17,3,8,
57612,15603,771486,3,4,4,8,
57613,12709,771486,3,4,4,8,
57614,13212,771486,19,19,3,8,
57615,1683,771486,3,4,4,8,
57616,3957,771486,3,4,4,9,
57617,5402,771486,3,4,4,8,
57618,3457,771486,3,4,4,7,
57619,5171,771486,3,4,4,8,
57620,3693,771486,3,4,4,8,
57621,12871,771486,23,23,3,8,
57622,31607,771486,23,23,3,8,
57623,3151,771486,3,4,4,8,
57624,5243,771486,3,4,4,8,
57625,10957,771486,3,4,4,8,
57626,35990,771486,13,13,3,8,
57627,2503,771486,3,4,4,8,
57628,20705,771486,15,15,3,9,
57629,24748,771486,15,15,3,8,
57630,21853,771486,21,21,3,8,
57631,3760,771486,3,4,4,8,
57632,22845,771486,27,27,3,8,
57633,2694,771486,3,4,4,9,
57634,16740,771486,19,19,3,8,
57635,30814,771486,21,21,3,8,
57636,3995,771486,3,4,4,9,
57637,1489,771486,3,4,4,8,
57638,777,771486,3,4,4,8,
57639,27509,771486,33,33,3,9,
57640,18380,771486,15,15,3,9,
57641,2382,771486,3,4,4,8,
57642,10411,771486,17,17,3,8,
57643,16528,771486,3,4,4,8,
57644,15336,771486,29,29,3,8,
57645,2356,771486,3,4,4,8,
57646,23271,771486,25,25,3,9,
57647,21828,771486,3,4,4,8,
57648,5759,771486,3,4,4,9,
57649,8267,771486,3,4,4,8,
57650,13314,771486,19,19,3,9,
57651,15836,771486,19,19,3,9,
57652,17920,771486,27,27,3,9,
57653,2280,771486,3,4,4,9,
57654,4625,771486,3,4,4,8,
57655,15250,771486,23,23,3,8,
57656,26240,771486,23,23,3,8,
57657,3424,771486,3,4,4,8,
57658,28708,771486,33,33,3,8,
57659,25066,771486,33,33,3,9,
57660,16016,771486,19,19,3,9,
57661,10326,771486,19,19,3,9,
57662,16175,771486,19,19,3,9,
57663,15323,771486,19,19,3,9,
57664,7186,771486,15,15,3,9,
57665,17619,771486,3,4,4,8,
57666,15686,771486,23,23,3,9,
57667,1837,771486,3,4,4,9,
57668,16990,771486,25,25,3,9,
57669,16610,771486,3,4,4,8,
57670,17638,771486,23,23,3,9,
57671,2024,771486,3,4,4,8,
57672,20854,771486,31,31,3,8,
57673,15480,771486,19,19,3,8,
57674,9237,771486,21,21,3,9,
57675,24180,771486,23,23,3,9,
57676,17210,771486,27,27,3,8,
57677,2166,771486,3,4,4,9,
57678,8822,771486,15,15,3,9,
57679,9439,771486,3,4,4,9,
57680,16228,771486,19,19,3,8,
57681,15587,771486,23,23,3,8,
57682,18935,771486,31,31,3,8,
57683,14042,771486,3,4,4,9,
57684,11629,771486,17,17,3,8,
57685,18435,771486,31,31,3,8,
57686,10932,771486,3,4,4,8,
57687,13735,771486,23,23,3,7,
57688,20773,771486,3,4,4,8,
57689,9872,771486,3,4,4,8,
57690,4853,771486,3,4,4,8,
57691,1942,771486,3,4,4,8,
57692,2298,771486,3,4,4,8,
57693,2640,771486,3,4,4,8,
57694,5635,771486,3,4,4,9,
57695,15402,771486,17,17,3,7,
57696,4759,771486,3,4,4,7,
57697,5092,771486,3,4,4,8,
57698,15155,771486,3,4,4,7,
57699,14188,771486,17,17,3,8,
57700,22412,771486,31,31,3,7,
57701,7874,771486,3,4,4,7,
57702,10632,771486,3,4,4,7,
57703,19281,771486,17,17,3,8,
57704,14288,771486,19,19,3,8,
57705,1954,771486,3,4,4,8,
57706,3849,771486,3,4,4,7,
57707,13888,771486,23,23,3,8,
57708,10338,771486,13,13,3,8,
57709,3508,771486,3,4,4,8,
57710,10117,771486,3,4,4,7,
57711,10118,771486,23,23,3,7,
57712,12497,771486,25,25,3,8,
57713,22562,771486,33,33,3,9,
57714,13722,771486,3,4,4,9,
57715,7494,771486,3,4,4,8,
57716,4576,771486,3,4,4,9,
57717,26825,771486,17,17,3,9,
57718,12198,771486,19,19,3,8,
57719,2339,771486,3,4,4,8,
57720,20205,771486,31,31,3,8,
57721,8459,771486,17,17,3,8,
57722,12273,771486,3,4,4,8,
57723,9674,771486,3,4,4,7,
57724,23884,771486,33,33,3,9,
57725,3439,771486,3,4,4,9,
57726,2746,771486,3,4,4,9,
57727,3364,771486,3,4,4,9,
57728,4339,771486,3,4,4,8,
57729,5671,771486,3,4,4,9,
57730,2926,771486,3,4,4,8,
57731,2616,771486,3,4,4,8,
57732,5651,771486,3,4,4,8,
57733,12760,771486,3,4,4,7,
57734,5946,771486,3,4,4,8,
57735,3039,771486,3,4,4,9,
57736,18362,771486,19,19,3,8,
57737,6328,771486,3,4,4,9,
57738,24035,771486,27,27,3,9,
57739,23959,771486,29,29,3,7,
57740,22883,771486,3,4,4,8,
57741,3564,771486,3,4,4,9,
57742,10568,771486,15,15,3,8,
57743,3221,771486,3,4,4,8,
57744,2707,771486,3,4,4,7,
57745,8546,771486,13,13,3,8,
57746,29959,771486,25,25,3,7,
57747,5809,771486,3,4,4,8,
57748,27047,771486,25,25,3,8,
57749,23137,771486,31,31,3,9,
57750,20911,771486,31,31,3,9,
57751,16105,771486,23,23,3,8,
57752,9148,771486,15,15,3,8,
57753,12111,771486,17,17,3,9,
57754,13505,771486,20,21,3,9,
57755,12627,771486,15,15,3,8,
57756,13518,771486,13,13,3,8,
57757,15014,771486,25,25,3,8,
57758,17043,771486,27,27,3,9,
57759,5818,771486,3,4,4,8,
57760,14744,771486,3,4,4,9,
57761,14610,771486,27,27,3,8,
57762,2596,771486,3,4,4,8,
57763,6958,771486,13,13,3,9,
57764,12385,771486,27,27,3,7,
57765,13666,771486,3,4,4,8,
57766,2519,771486,3,4,4,8,
57767,7629,771486,13,13,3,8,
57768,9537,771486,19,19,3,8,
57769,19954,771486,17,17,3,8,
57770,6659,771486,3,4,4,9,
57771,16073,771486,21,21,3,9,
57772,2428,771486,3,4,4,9,
57773,6732,771486,13,13,3,8,
57774,2236,771486,3,4,4,9,
57775,6230,771486,3,4,4,9,
57776,2437,771486,3,4,4,8,
57777,12758,771486,3,4,4,8,
57778,11056,771486,3,4,4,8,
57779,2225,771486,3,4,4,8,
57780,2280,771486,3,4,4,8,
57781,3115,771486,3,4,4,8,
57782,25187,771486,27,27,3,9,
57783,24959,771486,3,4,4,7,
57784,22440,771486,27,27,3,8,
57785,1390,771486,3,4,4,8,
57786,560,771486,3,4,4,8,
57787,15847,771486,23,23,3,8,
57788,1565,771486,3,4,4,9,
57789,1578,771486,3,4,4,8,
57790,7837,771486,17,17,3,8,
57791,22800,771486,17,17,3,9,
57792,666,771486,3,4,4,7,
57793,13916,771486,23,23,3,8,
57794,1175,771486,3,4,4,8,
57795,16661,771486,27,27,3,7,
57796,1556,771486,3,4,4,8,
57797,2988,771486,3,4,4,8,
57798,22345,771486,29,30,3,8,
57799,15029,771486,3,4,4,8,
57800,10494,771486,15,15,3,7,
57801,5375,771486,3,4,4,8,
57802,14153,771486,21,21,3,8,
57803,13615,771486,23,23,3,9,
57804,9856,771486,13,13,3,7,
57805,14595,771486,19,19,3,7,
57806,19354,771486,33,33,3,8,
57807,11608,771486,3,4,4,8,
57808,10072,771486,3,4,4,8,
57809,16024,771486,13,13,3,8,
57810,18957,771486,3,4,4,8,
57811,14853,771486,21,21,3,8,
57812,8473,771486,13,13,3,9,
57813,3384,771486,3,4,4,7,
57814,8961,771486,3,4,4,8,
57815,16255,771486,29,29,3,8,
57816,6647,771486,15,15,3,8,
57817,11237,771486,21,21,3,8,
57818,11641,771486,3,4,4,8,
57819,14562,771486,21,21,3,8,
57820,3800,771486,3,4,4,9,
57821,15989,771486,23,23,3,8,
57822,10091,771486,3,4,4,9,
57823,45459,771486,23,23,3,8,
57824,1362,771486,3,4,4,9,
57825,48276,771486,33,33,3,8,
57826,48302,771486,3,4,4,8,
57827,36612,771486,31,31,3,9,
57828,980,771486,3,4,4,8,
57829,1465,771486,3,4,4,8,
57830,39309,771486,31,31,3,8,
57831,41181,771486,27,27,3,8,
57832,8320,771486,19,19,3,9,
57833,35672,771486,31,31,3,9,
57834,34372,771486,3,4,4,8,
57835,28287,771486,3,4,4,8,
57836,29590,771486,23,23,3,8,
57837,1934,771486,3,4,4,7,
57838,13340,771486,25,25,3,9,
57839,4536,771486,3,4,4,8,
57840,3022,771486,3,4,4,7,
57841,1897,771486,3,4,4,7,
57842,11909,771486,3,4,4,8,
57843,6302,771486,13,13,3,8,
57844,18829,771486,21,21,3,8,
57845,2460,771486,3,4,4,8,
57846,6121,771486,3,4,4,8,
57847,18371,771486,3,4,4,9,
57848,1943,771486,3,4,4,8,
57849,10139,771486,17,17,3,8,
57850,2109,771486,3,4,4,8,
57851,14794,771486,21,21,3,9,
57852,21456,771486,29,29,3,9,
57853,19284,771486,19,19,3,8,
57854,17657,771486,29,29,3,9,
57855,19963,771486,29,29,3,8,
57856,14607,771486,25,25,3,8,
57857,14080,771486,27,27,3,8,
57858,13788,771486,25,25,3,8,
57859,10212,771486,3,4,4,7,
57860,12646,771486,27,27,3,8,
57861,13372,771486,3,4,4,8,
57862,3878,771486,3,4,4,7,
57863,1484,771486,3,4,4,8,
57864,2978,771486,3,4,4,8,
57865,8058,771486,19,19,3,8,
57866,9525,771486,3,4,4,8,
57867,2971,771486,3,4,4,8,
57868,2725,771486,3,4,4,8,
57869,2673,771486,3,4,4,8,
57870,29890,771486,31,31,3,7,
57871,24852,771486,27,27,3,8,
57872,24575,771486,25,25,3,8,
57873,31229,771486,25,25,3,8,
57874,7802,771486,15,15,3,7,
57875,8064,771486,15,15,3,7,
57876,6981,771486,13,13,3,8,
57877,5783,771486,3,4,4,8,
57878,3605,771486,3,4,4,9,
57879,23175,771486,33,33,3,8,
57880,2163,771486,3,4,4,8,
57881,23021,771486,27,27,3,7,
57882,15535,771486,3,4,4,8,
57883,15436,771486,19,19,3,8,
57884,1846,771486,3,4,4,9,
57885,19721,771486,25,25,3,8,
57886,19673,771486,3,4,4,8,
57887,8899,771486,21,21,3,8,
57888,2039,771486,3,4,4,9,
57889,2264,771486,3,4,4,8,
57890,9313,771486,3,4,4,9,
57891,2044,771486,3,4,4,8,
57892,1849,771486,3,4,4,8,
57893,5053,771486,3,4,4,9,
57894,1717,771486,3,4,4,8,
57895,11273,771486,21,21,3,9,
57896,15821,771486,31,31,3,9,
57897,16736,771486,3,4,4,7,
57898,13779,771486,25,25,3,8,
57899,16021,771486,25,25,3,7,
57900,8893,771486,3,4,4,8,
57901,19198,771486,33,33,3,9,
57902,2213,771486,3,4,4,8,
57903,15548,771486,3,4,4,9,
57904,1391,771486,3,4,4,9,
57905,1436,771486,3,4,4,9,
57906,2272,771486,3,4,4,9,
57907,14501,771486,29,29,3,8,
57908,14097,771486,3,4,4,8,
57909,2236,771486,3,4,4,9,
57910,9199,771486,19,19,3,9,
57911,8131,771486,3,4,4,8,
57912,7551,771486,3,4,4,8,
57913,9236,771486,15,15,3,9,
57914,8911,771486,3,4,4,8,
57915,1171,771486,3,4,4,8,
57916,11650,771486,21,21,3,8,
57917,9147,771486,19,19,3,9,
57918,1929,771486,3,4,4,9,
57919,22796,771486,31,31,3,8,
57920,2268,771486,3,4,4,7,
57921,12956,771486,15,15,3,9,
57922,6785,771486,13,13,3,8,
57923,20705,771486,3,4,4,6,
57924,9657,771486,21,21,3,8,
57925,7483,771486,3,4,4,8,
57926,2641,771486,3,4,4,9,
57927,10426,771486,25,25,3,9,
57928,10576,771486,3,4,4,8,
57929,7180,771486,15,15,3,9,
57930,11516,771486,23,23,3,8,
57931,13321,771486,19,19,3,8,
57932,10844,771486,3,4,4,9,
57933,9384,771486,23,23,3,8,
57934,10280,771486,3,4,4,9,
57935,8931,771486,3,4,4,8,
57936,21176,771486,33,33,3,7,
57937,20266,771486,33,33,3,8,
57938,1761,771486,3,4,4,8,
57939,3138,771486,3,4,4,8,
57940,2560,771486,3,4,4,7,
57941,1287,771486,3,4,4,7,
57942,17950,771486,31,31,3,7,
57943,4298,771486,3,4,4,8,
57944,11357,771486,13,13,3,8,
57945,12868,771486,21,21,3,8,
57946,20890,771486,33,33,3,8,
57947,4782,771486,3,4,4,9,
57948,24330,771486,33,33,3,8,
57949,20649,771486,3,4,4,8,
57950,10403,771486,17,17,3,9,
57951,10713,771486,3,4,4,9,
57952,15886,771486,3,4,4,8,
57953,19106,771486,33,33,3,8,
57954,28928,771486,31,31,3,8,
57955,20017,771486,29,29,3,9,
57956,3042,771486,3,4,4,9,
57957,1406,771486,3,4,4,8,
57958,8603,771486,15,15,3,8,
57959,1616,771486,3,4,4,9,
57960,2964,771486,3,4,4,8,
57961,3089,771486,3,4,4,9,
57962,20227,771486,27,27,3,9,
57963,14168,771486,15,15,3,8,
57964,30923,771486,29,29,3,9,
57965,14895,771486,25,25,3,9,
57966,1834,771486,3,4,4,8,
57967,7862,771486,3,4,4,8,
57968,12053,771486,21,21,3,9,
57969,13548,771486,21,21,3,8,
57970,2018,771486,3,4,4,9,
57971,9957,771486,3,4,4,8,
57972,1285,771486,3,4,4,8,
57973,22226,771486,33,33,3,8,
57974,17907,771486,27,27,3,7,
57975,22364,771486,3,4,4,9,
57976,20643,771486,19,19,3,8,
57977,3490,771486,3,4,4,9,
57978,15716,771486,25,25,3,8,
57979,14378,771486,23,23,3,8,
57980,1997,771486,3,4,4,9,
57981,12959,771486,23,23,3,8,
57982,15897,771486,25,25,3,8,
57983,8640,771486,17,17,3,8,
57984,15995,771486,29,29,3,7,
57985,7039,771486,3,4,4,8,
57986,6145,771486,3,4,4,8,
57987,11155,771486,23,23,3,8,
57988,12455,771486,3,4,4,8,
57989,17993,771486,29,29,3,8,
57990,8413,771486,13,13,3,9,
57991,8358,771486,3,4,4,8,
57992,3255,771486,3,4,4,9,
57993,4067,771486,13,13,3,8,
57994,3483,771486,3,4,4,8,
57995,5019,771486,3,4,4,9,
57996,14767,771486,17,17,3,8,
57997,3785,771486,3,4,4,8,
57998,12031,771486,19,19,3,8,
57999,12497,771486,17,17,3,8,
58000,3701,771486,3,4,4,8,
58001,11841,771486,3,4,4,8,
58002,2379,771486,3,4,4,8,
58003,9299,771486,17,17,3,7,
58004,2821,771486,3,4,4,8,
58005,6482,771486,13,13,3,9,
58006,16461,771486,29,29,3,8,
58007,9789,771486,3,4,4,8,
58008,8470,771486,17,17,3,9,
58009,1397,771486,3,4,4,8,
58010,1379,771486,3,4,4,8,
58011,9845,771486,15,15,3,8,
58012,1475,771486,3,4,4,7,
58013,11958,771486,3,4,4,8,
58014,2238,771486,3,4,4,9,
58015,21003,771486,33,33,3,8,
58016,1821,771486,3,4,4,8,
58017,2705,771486,3,4,4,8,
58018,1855,771486,3,4,4,8,
58019,11217,771486,15,15,3,8,
58020,20510,771486,3,4,4,8,
58021,13548,771486,29,29,3,9,
58022,20168,771486,23,23,3,7,
58023,4894,771486,13,13,3,8,
58024,12565,771486,3,4,4,9,
58025,2645,771486,3,4,4,8,
58026,19324,771486,29,29,3,8,
58027,17137,771486,25,25,3,8,
58028,1364,771486,3,4,4,8,
58029,2112,771486,3,4,4,9,
58030,14838,771486,27,27,3,7,
58031,2685,771486,3,4,4,8,
58032,12949,771486,17,17,3,8,
58033,1793,771486,3,4,4,8,
58034,12287,771486,3,4,4,8,
58035,2171,771486,3,4,4,9,
58036,2678,771486,3,4,4,9,
58037,3298,771486,3,4,4,8,
58038,2987,771486,3,4,4,9,
58039,6962,771486,13,13,3,8,
58040,3468,771486,3,4,4,8,
58041,7820,771486,3,4,4,8,
58042,7422,771486,3,4,4,8,
58043,2640,771486,3,4,4,8,
58044,2128,771486,3,4,4,7,
58045,2593,771486,3,4,4,8,
58046,2587,771486,3,4,4,8,
58047,19400,771486,25,25,3,8,
58048,184038,771486,33,33,3,8,
58049,4042,771486,3,4,4,8,
58050,26028,771486,15,15,3,8,
58051,27576,771486,3,4,4,7,
58052,2415,771486,3,4,4,7,
58053,185861,771486,3,4,4,8,
58054,130860,771486,29,29,3,8,
58055,35468,771486,19,19,3,8,
58056,51030,771486,21,21,3,7,
58057,86771,771486,3,4,4,8,
58058,193028,771486,31,31,3,9,
58059,1204,771486,3,4,4,7,
58060,8618,771486,15,15,3,7,
58061,15630,771486,27,27,3,7,
58062,162426,771486,21,21,3,7,
58063,127684,771486,27,27,3,8,
58064,136518,771486,15,15,3,8,
58065,149256,771487,31,31,3,8,
58066,11672,771487,3,4,4,8,
58067,8799,771487,3,4,4,7,
58068,63673,771487,15,15,3,8,
58069,35789,771487,3,4,4,8,
58070,31889,771487,3,4,4,7,
58071,43584,771487,33,33,3,7,
58072,34020,771487,25,25,3,8,
58073,26391,771487,27,27,3,9,
58074,4176,771487,3,4,4,7,
58075,37485,771487,33,33,3,8,
58076,27495,771487,25,25,3,7,
58077,7960,771487,3,4,4,7,
58078,38261,771487,3,4,4,8,
58079,14661,771487,21,21,3,8,
58080,11095,771487,19,19,3,8,
58081,29872,771487,23,23,3,8,
58082,29382,771487,27,27,3,8,
58083,6323,771487,3,4,4,8,
58084,8537,771487,15,15,3,8,
58085,17283,771487,19,19,3,9,
58086,1829,771487,3,4,4,8,
58087,1543,771487,3,4,4,8,
58088,2113,771487,3,4,4,8,
58089,6238,771487,3,4,4,8,
58090,14217,771487,29,29,3,8,
58091,15110,771487,21,21,3,9,
58092,15434,771487,3,4,4,8,
58093,11342,771487,15,15,3,8,
58094,10141,771487,3,4,4,8,
58095,1826,771487,3,4,4,8,
58096,3005,771487,3,4,4,8,
58097,965,771487,3,4,4,8,
58098,1245,771487,3,4,4,8,
58099,18418,771487,29,29,3,8,
58100,2521,771487,3,4,4,9,
58101,2260,771487,3,4,4,8,
58102,19409,771487,3,4,4,8,
58103,1538,771487,3,4,4,8,
58104,1286,771487,3,4,4,8,
58105,22999,771487,31,31,3,8,
58106,1909,771487,3,4,4,8,
58107,14006,771487,27,27,3,8,
58108,2549,771487,3,4,4,9,
58109,9274,771487,17,17,3,8,
58110,2451,771487,3,4,4,8,
58111,9939,771487,3,4,4,8,
58112,1345,771487,3,4,4,7,
58113,11573,771487,23,23,3,8,
58114,9760,771487,19,19,3,8,
58115,11371,771487,3,4,4,8,
58116,10335,771487,3,4,4,8,
58117,2860,771487,3,4,4,8,
58118,3131,771487,3,4,4,8,
58119,3786,771487,3,4,4,7,
58120,2516,771487,3,4,4,7,
58121,2398,771487,3,4,4,7,
58122,9830,771487,3,4,4,8,
58123,10568,771487,17,17,3,8,
58124,22282,771487,29,29,3,8,
58125,13827,771487,31,31,3,8,
58126,9976,771487,15,15,3,7,
58127,25998,771487,31,31,3,7,
58128,35042,771487,15,15,3,6,
58129,12029,771487,3,4,4,8,
58130,27147,771487,3,4,4,8,
58131,3182,771487,3,4,4,9,
58132,23295,771487,25,25,3,8,
58133,1773,771487,3,4,4,9,
58134,46236,771487,29,29,3,7,
58135,41373,771487,29,29,3,8,
58136,43895,771487,3,4,4,8,
58137,978,771487,3,4,4,8,
58138,1853,771487,3,4,4,9,
58139,1413,771487,3,4,4,8,
58140,767,771487,3,4,4,8,
58141,3996,771487,3,4,4,8,
58142,3062,771487,3,4,4,8,
58143,15902,771487,3,4,4,8,
58144,2154,771487,3,4,4,8,
58145,6981,771487,13,13,3,7,
58146,5196,771487,3,4,4,8,
58147,36150,771487,27,27,3,8,
58148,13519,771487,19,19,3,8,
58149,9292,771487,3,4,4,7,
58150,23093,771487,27,27,3,8,
58151,27957,771487,3,4,4,7,
58152,9968,771487,27,27,3,8,
58153,12237,771487,19,19,3,8,
58154,938,771487,3,4,4,9,
58155,21671,771487,19,19,3,7,
58156,19591,771487,17,17,3,8,
58157,19428,771487,15,15,3,8,
58158,12138,771487,17,17,3,7,
58159,36125,771487,33,33,3,8,
58160,19491,771487,19,19,3,8,
58161,26470,771487,31,31,3,9,
58162,3235,771487,15,15,3,9,
58163,18635,771487,3,4,4,8,
58164,17405,771487,15,15,3,9,
58165,5679,771487,3,4,4,7,
58166,20585,771487,13,13,3,8,
58167,1162,771487,3,4,4,8,
58168,16500,771487,23,23,3,9,
58169,6607,771487,13,13,3,9,
58170,2107,771487,3,4,4,9,
58171,53016,771487,31,31,3,8,
58172,19938,771487,31,31,3,9,
58173,4496,771487,13,13,3,9,
58174,16975,771487,19,19,3,9,
58175,53192,771487,29,29,3,9,
58176,46655,771487,29,29,3,8,
58177,7593,771487,3,4,4,8,
58178,51160,771487,31,31,3,8,
58179,51118,771487,31,31,3,8,
58180,46820,771487,31,31,3,9,
58181,4720,771487,3,4,4,8,
58182,49593,771487,3,4,4,8,
58183,44958,771487,3,4,4,9,
58184,45656,771487,29,29,3,9,
58185,44580,771487,3,4,4,9,
58186,15796,771487,23,23,3,8,
58187,9696,771487,21,21,3,8,
58188,7869,771487,13,13,3,7,
58189,12976,771487,3,4,4,9,
58190,5082,771487,3,4,4,8,
58191,3425,771487,3,4,4,8,
58192,4212,771487,3,4,4,8,
58193,3064,771487,3,4,4,7,
58194,14687,771487,25,25,3,7,
58195,3992,771487,3,4,4,7,
58196,2533,771487,3,4,4,7,
58197,3325,771487,3,4,4,7,
58198,14904,771487,3,4,4,8,
58199,8496,771487,13,13,3,6,
58200,9684,771487,21,21,3,7,
58201,13086,771487,25,25,3,7,
58202,8699,771487,3,4,4,8,
58203,10860,771487,3,4,4,8,
58204,7691,771487,13,13,3,8,
58205,2574,771487,3,4,4,9,
58206,1652,771487,3,4,4,9,
58207,2879,771487,3,4,4,8,
58208,27869,771487,27,27,3,8,
58209,3232,771487,3,4,4,8,
58210,31951,771487,33,33,3,8,
58211,28061,771487,27,27,3,8,
58212,5231,771487,3,4,4,8,
58213,16261,771487,19,19,3,8,
58214,2712,771487,3,4,4,8,
58215,27810,771487,31,31,3,8,
58216,15048,771487,3,4,4,8,
58217,2058,771487,3,4,4,8,
58218,13015,771487,19,19,3,8,
58219,1910,771487,3,4,4,9,
58220,8549,771487,15,15,3,8,
58221,810,771487,3,4,4,8,
58222,11448,771487,19,19,3,8,
58223,19072,771487,23,23,3,9,
58224,16651,771487,3,4,4,8,
58225,3753,771487,3,4,4,8,
58226,6267,771487,13,13,3,8,
58227,3291,771487,3,4,4,8,
58228,12060,771487,19,19,3,8,
58229,1948,771487,3,4,4,9,
58230,2604,771487,3,4,4,8,
58231,14669,771487,17,17,3,8,
58232,3472,771487,3,4,4,9,
58233,7026,771487,3,4,4,8,
58234,15152,771487,21,21,3,8,
58235,6591,771487,3,4,4,8,
58236,1211,771487,3,4,4,8,
58237,752,771487,3,4,4,8,
58238,2029,771487,3,4,4,7,
58239,11053,771487,13,13,3,8,
58240,2331,771487,3,4,4,8,
58241,3670,771487,3,4,4,8,
58242,10135,771487,3,4,4,8,
58243,978,771487,3,4,4,7,
58244,2363,771487,3,4,4,6,
58245,2606,771487,3,4,4,7,
58246,4623,771487,3,4,4,8,
58247,1677,771487,3,4,4,7,
58248,18995,771487,31,31,3,7,
58249,11618,771487,23,23,3,8,
58250,18570,771487,27,27,3,7,
58251,21705,771487,3,4,4,8,
58252,19885,771487,3,4,4,8,
58253,11060,771487,3,4,4,9,
58254,14379,771487,23,23,3,9,
58255,2750,771487,3,4,4,8,
58256,14540,771487,21,21,3,8,
58257,1216,771487,3,4,4,9,
58258,1441,771487,3,4,4,9,
58259,14764,771487,15,15,3,8,
58260,14572,771487,3,4,4,8,
58261,2772,771487,3,4,4,9,
58262,11996,771487,17,17,3,9,
58263,12326,771487,3,4,4,9,
58264,2182,771487,3,4,4,7,
58265,4372,771487,3,4,4,8,
58266,12336,771487,21,21,3,8,
58267,1635,771487,3,4,4,9,
58268,2868,771487,3,4,4,8,
58269,15573,771487,19,19,3,8,
58270,23791,771487,33,33,3,9,
58271,17387,771487,3,4,4,9,
58272,10211,771487,15,15,3,8,
58273,2109,771487,3,4,4,8,
58274,11197,771487,3,4,4,9,
58275,3174,771487,3,4,4,8,
58276,23860,771487,27,27,3,8,
58277,16522,771487,15,15,3,8,
58278,10730,771487,21,21,3,8,
58279,13721,771487,21,21,3,8,
58280,13598,771487,3,4,4,8,
58281,1900,771487,3,4,4,9,
58282,1754,771487,3,4,4,9,
58283,990,771487,3,4,4,8,
58284,3547,771487,3,4,4,9,
58285,14272,771487,15,15,3,9,
58286,14587,771487,3,4,4,8,
58287,16537,771487,23,23,3,8,
58288,2642,771487,3,4,4,8,
58289,2336,771487,3,4,4,7,
58290,20936,771487,29,29,3,8,
58291,21065,771487,3,4,4,8,
58292,11036,771487,27,27,3,9,
58293,1884,771487,3,4,4,8,
58294,10046,771487,3,4,4,8,
58295,14308,771487,27,27,3,9,
58296,12961,771487,3,4,4,9,
58297,6726,771487,3,4,4,8,
58298,14797,771487,27,27,3,9,
58299,15124,771487,3,4,4,8,
58300,13023,771487,17,17,3,8,
58301,1113,771487,3,4,4,8,
58302,13005,771487,23,23,3,7,
58303,1424,771487,3,4,4,8,
58304,36666,771487,31,31,3,9,
58305,26649,771487,25,25,3,9,
58306,31943,771487,27,27,3,9,
58307,18698,771487,23,23,3,9,
58308,33843,771487,31,31,3,8,
58309,34038,771487,3,4,4,8,
58310,1707,771487,3,4,4,8,
58311,2780,771487,3,4,4,9,
58312,33951,771487,25,25,3,8,
58313,16512,771487,17,17,3,7,
58314,15218,771487,21,21,3,8,
58315,14845,771487,3,4,4,8,
58316,29810,771487,33,33,3,9,
58317,17405,771487,15,15,3,7,
58318,8525,771487,3,4,4,8,
58319,18275,771487,19,19,3,8,
58320,30932,771487,33,33,3,9,
58321,28391,771487,33,33,3,8,
58322,2395,771487,3,4,4,9,
58323,2152,771487,3,4,4,8,
58324,21537,771487,31,31,3,7,
58325,19012,771487,23,23,3,8,
58326,20724,771487,3,4,4,8,
58327,18646,771487,3,4,4,8,
58328,8027,771487,17,17,3,8,
58329,9569,771487,17,17,3,8,
58330,25290,771487,25,25,3,8,
58331,9558,771487,3,4,4,7,
58332,19936,771487,3,4,4,8,
58333,4582,771487,3,4,4,8,
58334,17535,771487,15,15,3,7,
58335,12217,771487,13,13,3,6,
58336,21586,771487,27,27,3,8,
58337,3423,771487,3,4,4,8,
58338,14061,771487,3,4,4,7,
58339,2198,771487,3,4,4,8,
58340,7674,771487,13,13,3,8,
58341,8444,771487,3,4,4,8,
58342,1835,771487,3,4,4,8,
58343,1655,771487,3,4,4,8,
58344,44381,771487,33,33,3,9,
58345,36929,771487,23,23,3,9,
58346,1744,771487,3,4,4,7,
58347,4787,771487,3,4,4,7,
58348,3135,771487,3,4,4,7,
58349,6249,771487,3,4,4,8,
58350,17102,771487,19,19,3,9,
58351,4272,771487,3,4,4,8,
58352,13645,771487,13,13,3,7,
58353,27992,771487,33,33,3,7,
58354,4202,771487,3,4,4,8,
58355,12796,771487,3,4,4,9,
58356,27442,771487,3,4,4,8,
58357,15792,771487,21,21,3,9,
58358,586,771487,3,4,4,8,
58359,875,771487,3,4,4,8,
58360,2458,771487,3,4,4,8,
58361,28404,771487,27,27,3,8,
58362,29012,771487,3,4,4,9,
58363,7429,771487,3,4,4,9,
58364,1296,771487,3,4,4,9,
58365,2020,771487,3,4,4,8,
58366,22281,771487,17,17,3,8,
58367,22893,771487,3,4,4,8,
58368,1285,771487,3,4,4,9,
58369,23520,771487,25,25,3,9,
58370,14477,771487,17,17,3,9,
58371,22826,771487,27,27,3,8,
58372,20311,771487,29,29,3,8,
58373,21927,771487,25,25,3,8,
58374,15995,771487,21,21,3,9,
58375,16685,771487,17,17,3,8,
58376,26888,771487,33,33,3,8,
58377,13241,771487,17,17,3,8,
58378,21300,771487,29,29,3,8,
58379,22089,771487,3,4,4,8,
58380,11271,771487,3,4,4,9,
58381,3002,771487,3,4,4,8,
58382,26615,771487,33,33,3,6,
58383,26416,771487,3,4,4,4,
58384,27060,771487,33,33,3,4,
58385,17666,771487,31,31,3,8,
58386,21631,771487,3,4,4,6,
58387,2528,771487,3,4,4,9,
58388,16458,771487,27,27,3,7,
58389,17156,771487,3,4,4,7,
58390,2315,771487,3,4,4,8,
58391,2971,771487,3,4,4,8,
58392,15647,771487,3,4,4,4,
0,0,0,0,0,1003,0,
